A 19 3.0 3.0
A 20 3.0 3.0
A 21 3.0 3.0
A 22 3.0 3.0
A 23 3.0 3.0
A 24 3.0 3.0
A 25 3.0 3.0
A 26 3.0 3.0
A 27 3.0 3.0
A 28 3.0 3.0
A 29 3.0 3.0
A 30 3.0 3.0
A 31 3.0 3.0
A 32 3.0 3.0
A 33 3.0 3.0
A 34 3.0 3.0
A 35 3.0 3.0
A 36 3.0 3.0
A 37 3.0 3.0
A 38 3.0 3.0
A 39 3.0 3.0
A 40 3.0 3.0
A 41 3.0 3.0
A 42 3.0 3.0
A 43 3.0 3.0
A 44 3.0 3.0
A 45 3.0 3.0
A 46 3.0 3.0
A 47 3.0 3.0
A 48 3.0 3.0
A 49 3.0 3.0
A 50 3.0 3.0
A 51 3.0 3.0
A 52 3.0 3.0
A 53 3.0 3.0
A 54 3.0 1.0
A 55 3.0 1.0
A 56 3.0 1.0
A 57 3.0 1.0
A 58 3.0 3.0
A 59 3.0 3.0
A 60 1.0 3.0
A 61 1.0 2.0
A 62 1.0 3.0
A 63 1.0 3.0
A 64 3.0 2.0
A 65 3.0 1.0
A 66 3.0 3.0
A 67 2.0 1.0
A 68 3.0 1.0
A 69 3.0 1.0
A 70 2.0 3.0
A 71 3.0 3.0
A 72 3.0 3.0
A 73 1.0 3.0
A 74 1.0 3.0
A 75 1.0 3.0
A 76 3.0 3.0
A 77 3.0 3.0
A 78 3.0 3.0
A 79 3.0 2.0
A 80 3.0 3.0
A 81 3.0 3.0
A 82 3.0 3.0
A 83 3.0 3.0
A 84 3.0 3.0
A 85 2.0 3.0
A 86 3.0 3.0
A 87 3.0 3.0
A 88 3.0 3.0
A 89 3.0 1.0
A 90 3.0 3.0
A 91 3.0 1.0
A 92 3.0 3.0
A 93 3.0 1.0
A 94 3.0 1.0
A 95 1.0 1.0
A 96 3.0 1.0
A 97 1.0 3.0
A 98 3.0 3.0
A 99 1.0 1.0
A 100 1.0 3.0
A 101 1.0 3.0
A 102 1.0 3.0
A 103 3.0 3.0
A 104 3.0 3.0
A 105 1.0 3.0
A 106 3.0 3.0
A 107 3.0 3.0
A 108 3.0 3.0
A 109 3.0 3.0
A 110 3.0 3.0
A 111 3.0 3.0
A 112 3.0 3.0
A 113 3.0 3.0
A 114 3.0 3.0
A 115 3.0 3.0
A 116 3.0 3.0
A 117 3.0 3.0
A 118 3.0 3.0
A 119 3.0 3.0
A 120 3.0 3.0
A 121 3.0 3.0
A 122 3.0 3.0
A 123 3.0 3.0
A 124 3.0 3.0
A 125 3.0 3.0
A 126 3.0 3.0
A 127 3.0 1.0
A 128 3.0 1.0
A 129 3.0 0.0
A 130 3.0 0.0
A 131 3.0 0.0
A 132 3.0 0.0
A 133 1.0 0.0
A 134 1.0 0.0
A 135 0.0 0.0
A 136 0.0 1.0
A 137 0.0 3.0
A 138 0.0 1.0
A 139 0.0 1.0
A 140 0.0 3.0
A 141 0.0 3.0
A 142 1.0 3.0
A 143 3.0 3.0
A 144 1.0 3.0
A 145 1.0 3.0
A 146 3.0 3.0
A 147 3.0 3.0
A 148 3.0 3.0
A 149 3.0 3.0
A 150 3.0 3.0
A 151 3.0 1.0
A 152 3.0 1.0
A 153 3.0 3.0
A 154 3.0 1.0
A 155 3.0 1.0
A 156 3.0 1.0
A 157 1.0 1.0
A 158 1.0 0.0
A 159 3.0 0.0
A 160 1.0 0.0
A 161 1.0 0.0
A 162 1.0 1.0
A 163 1.0 0.0
A 164 0.0 0.0
A 165 0.0 3.0
A 166 0.0 3.0
A 167 0.0 3.0
A 168 1.0 3.0
A 169 0.0 3.0
A 170 0.0 3.0
A 171 3.0 3.0
A 172 3.0 3.0
A 173 3.0 3.0
A 174 3.0 3.0
A 175 3.0 3.0
A 176 3.0 3.0
A 177 3.0 3.0
A 178 3.0 3.0
A 179 3.0 3.0
A 180 3.0 3.0
A 181 3.0 3.0
A 182 3.0 3.0
A 183 3.0 3.0
A 184 3.0 3.0
A 185 3.0 3.0
A 186 3.0 3.0
A 187 3.0 3.0
A 188 3.0 1.0
A 189 3.0 3.0
A 190 3.0 3.0
A 191 3.0 3.0
A 192 3.0 3.0
A 193 3.0 3.0
A 194 1.0 3.0
A 195 3.0 3.0
A 196 3.0 3.0
A 197 3.0 3.0
A 198 3.0 3.0
A 199 3.0 3.0
A 200 3.0 2.0
A 201 3.0 3.0
A 202 3.0 1.0
A 203 3.0 1.0
A 204 3.0 1.0
A 205 3.0 3.0
A 206 2.0 3.0
A 207 3.0 3.0
A 208 1.0 3.0
A 209 1.0 3.0
A 210 3.0 2.0
A 211 3.0 0.0
A 212 3.0 0.0
A 213 3.0 0.0
A 214 3.0 2.0
A 215 3.0 2.0
A 216 0.0 2.0
A 217 2.0 2.0
A 218 2.0 3.0
A 219 0.0 3.0
A 220 2.0 3.0
A 221 2.0 3.0
A 222 2.0 1.0
A 223 2.0 3.0
A 224 3.0 3.0
A 225 3.0 3.0
A 226 3.0 1.0
A 227 3.0 3.0
A 228 1.0 3.0
A 229 3.0 3.0
A 238 3.0 1.0
A 239 3.0 1.0
A 240 1.0 1.0
A 241 3.0 1.0
A 242 3.0 0.0
A 243 3.0 0.0
A 244 3.0 0.0
A 245 1.0 0.0
A 246 1.0 0.0
A 247 1.0 2.0
A 248 0.0 2.0
A 249 0.0 2.0
A 250 0.0 3.0
A 251 0.0 3.0
A 252 0.0 3.0
A 253 2.0 3.0
A 254 2.0 3.0
A 255 2.0 3.0
A 256 3.0 3.0
A 257 3.0 3.0
A 258 3.0 3.0
A 259 3.0 3.0
A 260 3.0 3.0
A 261 3.0 3.0
A 262 3.0 3.0
A 263 3.0 3.0
A 264 3.0 3.0
A 265 3.0 3.0
A 266 3.0 3.0
A 267 3.0 3.0
A 268 3.0 3.0
A 269 3.0 3.0
A 270 3.0 3.0
A 271 3.0 3.0
A 272 3.0 3.0
A 273 3.0 3.0
A 274 3.0 3.0
A 275 3.0 3.0
A 276 3.0 3.0
A 277 3.0 3.0
A 278 3.0 3.0
A 279 3.0 3.0
A 280 3.0 3.0
A 281 3.0 3.0
A 282 3.0 3.0
A 283 3.0 3.0
A 284 3.0 3.0
A 285 3.0 3.0
A 286 3.0 3.0
A 287 3.0 3.0
A 288 3.0 3.0
A 289 3.0 3.0
A 290 3.0 3.0
A 291 3.0 1.0
A 292 3.0 1.0
A 293 3.0 1.0
A 294 3.0 1.0
A 295 3.0 1.0
A 296 1.0 1.0
A 297 3.0 1.0
A 298 3.0 1.0
A 299 3.0 1.0
A 300 3.0 1.0
A 301 3.0 1.0
A 302 3.0 1.0
A 303 3.0 1.0
A 304 1.0 1.0
A 305 1.0 1.0
A 306 1.0 1.0
A 307 1.0 1.0
A 308 3.0 1.0
A 309 3.0 1.0
A 310 3.0 1.0
A 311 2.0 1.0
A 312 3.0 1.0
A 313 3.0 1.0
A 314 2.0 1.0
A 315 3.0 1.0
A 316 3.0 1.0
A 317 1.0 1.0
A 318 1.0 1.0
A 319 1.0 1.0
A 320 3.0 1.0
A 321 3.0 1.0
A 322 3.0 1.0
A 323 3.0 1.0
A 324 3.0 1.0
A 325 3.0 1.0
A 326 3.0 1.0
A 327 3.0 1.0
A 328 3.0 1.0
A 329 2.0 1.0
A 330 3.0 1.0
A 331 3.0 1.0
A 332 3.0 1.0
A 333 3.0 1.0
A 334 3.0 1.0
A 354 3.0 1.0
A 355 3.0 1.0
A 356 1.0 1.0
A 357 1.0 1.0
A 358 1.0 1.0
A 359 1.0 1.0
A 360 1.0 3.0
A 361 1.0 1.0
A 362 1.0 1.0
A 363 1.0 3.0
A 364 1.0 1.0
A 365 1.0 1.0
A 366 3.0 1.0
A 367 3.0 1.0
A 368 1.0 3.0
A 369 3.0 1.0
A 370 3.0 1.0
A 371 3.0 1.0
A 372 3.0 1.0
A 373 3.0 1.0
A 374 3.0 1.0
A 375 3.0 1.0
A 376 3.0 1.0
A 377 3.0 1.0
A 378 3.0 1.0
A 379 3.0 1.0
A 380 3.0 1.0
A 381 3.0 1.0
A 382 3.0 1.0
A 383 3.0 1.0
A 384 3.0 1.0
A 385 3.0 1.0
A 386 3.0 1.0
A 387 3.0 1.0
A 388 3.0 1.0
A 389 3.0 1.0
A 390 3.0 1.0
A 391 3.0 1.0
A 392 3.0 1.0
A 393 3.0 1.0
A 394 3.0 1.0
A 395 3.0 1.0
A 396 1.0 1.0
A 397 1.0 1.0
A 398 0.0 1.0
A 399 0.0 1.0
A 400 0.0 1.0
A 401 0.0 1.0
A 402 0.0 1.0
A 403 0.0 1.0
A 404 0.0 1.0
A 405 1.0 1.0
A 406 1.0 1.0
A 407 1.0 1.0
A 408 1.0 1.0
A 409 3.0 1.0
A 410 3.0 1.0
A 411 3.0 1.0
A 412 3.0 1.0
A 413 3.0 1.0
A 414 3.0 1.0
A 415 3.0 1.0
A 416 3.0 1.0
A 417 3.0 1.0
A 418 3.0 1.0
A 419 3.0 1.0
A 420 1.0 1.0
A 421 1.0 1.0
A 422 3.0 1.0
A 423 1.0 1.0
A 424 1.0 1.0
A 425 1.0 1.0
A 426 1.0 1.0
A 427 0.0 1.0
A 428 0.0 1.0
A 429 0.0 1.0
A 430 0.0 1.0
A 431 1.0 1.0
A 432 0.0 1.0
A 433 0.0 1.0
A 434 3.0 1.0
A 435 3.0 1.0
A 436 3.0 1.0
A 437 3.0 1.0
A 438 3.0 1.0
A 439 3.0 1.0
A 440 3.0 1.0
A 441 3.0 1.0
A 442 3.0 1.0
A 443 3.0 1.0
A 444 3.0 1.0
A 445 3.0 1.0
A 446 3.0 1.0
A 447 3.0 1.0
A 448 3.0 1.0
A 449 3.0 1.0
A 450 3.0 1.0
A 451 3.0 1.0
A 452 3.0 1.0
A 453 3.0 1.0
A 454 3.0 1.0
A 455 3.0 1.0
A 456 3.0 1.0
A 457 3.0 1.0
A 458 3.0 1.0
A 459 3.0 1.0
A 460 3.0 1.0
A 461 3.0 1.0
A 462 3.0 1.0
A 463 3.0 1.0
A 464 3.0 1.0
A 465 3.0 1.0
A 466 3.0 1.0
A 467 3.0 1.0
A 468 3.0 1.0
A 469 2.0 1.0
A 470 3.0 1.0
A 471 1.0 1.0
A 472 3.0 1.0
A 473 1.0 3.0
A 474 3.0 1.0
A 475 3.0 1.0
A 476 3.0 1.0
A 477 3.0 1.0
A 478 3.0 1.0
A 479 0.0 1.0
A 480 2.0 1.0
A 481 0.0 1.0
A 482 0.0 1.0
A 483 2.0 1.0
A 484 2.0 1.0
A 485 2.0 1.0
A 486 2.0 1.0
A 487 3.0 1.0
A 488 3.0 1.0
A 489 3.0 1.0
A 490 3.0 1.0
A 491 3.0 1.0
A 492 3.0 1.0
A 493 3.0 1.0
A 494 3.0 1.0
A 495 1.0 1.0
A 496 3.0 1.0
A 497 3.0 1.0
A 498 1.0 1.0
A 499 1.0 1.0
A 500 1.0 1.0
A 501 1.0 1.0
A 502 1.0 1.0
A 503 0.0 1.0
A 504 0.0 1.0
A 505 0.0 1.0
A 506 0.0 1.0
A 507 0.0 1.0
A 508 0.0 1.0
A 509 2.0 1.0
A 510 2.0 1.0
A 511 3.0 1.0
A 512 3.0 1.0
A 513 3.0 1.0
A 514 3.0 1.0
A 515 3.0 1.0
A 516 3.0 1.0
A 517 3.0 1.0
A 518 3.0 1.0
A 519 3.0 1.0
A 587 3.0 1.0
A 588 3.0 1.0
A 589 3.0 1.0
A 590 3.0 1.0
A 591 3.0 1.0
A 592 3.0 1.0
A 593 3.0 1.0
A 594 3.0 1.0
A 595 3.0 1.0
A 596 3.0 1.0
A 597 3.0 1.0
A 598 3.0 1.0
A 599 3.0 1.0
A 600 3.0 1.0
A 601 3.0 1.0
A 602 3.0 1.0
A 603 3.0 1.0
A 604 3.0 1.0
A 605 3.0 1.0
A 606 3.0 1.0
A 607 3.0 1.0
A 608 3.0 1.0
A 609 3.0 1.0
A 610 3.0 1.0
A 611 3.0 1.0
A 612 3.0 1.0
A 613 3.0 1.0
A 614 3.0 1.0
A 615 3.0 1.0
A 616 3.0 1.0
A 617 3.0 1.0
A 618 3.0 1.0
A 619 3.0 1.0
A 620 3.0 1.0
A 621 3.0 1.0
A 622 3.0 1.0
A 623 3.0 1.0
A 624 3.0 1.0
A 625 3.0 1.0
A 626 1.0 1.0
A 627 1.0 1.0
A 628 1.0 1.0
A 629 1.0 1.0
A 630 3.0 1.0
A 631 3.0 1.0
A 632 3.0 1.0
A 633 2.0 1.0
A 634 3.0 1.0
A 635 3.0 1.0
A 636 2.0 1.0
A 637 3.0 1.0
A 638 3.0 1.0
A 639 1.0 1.0
A 640 1.0 1.0
A 641 1.0 1.0
A 642 3.0 1.0
A 643 3.0 1.0
A 644 3.0 1.0
A 645 3.0 1.0
A 646 3.0 1.0
A 647 3.0 1.0
A 648 3.0 1.0
A 649 3.0 1.0
A 650 3.0 1.0
A 651 2.0 1.0
A 652 3.0 1.0
A 653 3.0 1.0
A 654 3.0 1.0
A 655 3.0 1.0
A 656 3.0 1.0
A 657 3.0 1.0
A 658 3.0 1.0
A 659 1.0 1.0
A 660 1.0 1.0
A 661 1.0 1.0
A 662 1.0 1.0
A 663 1.0 1.0
A 664 1.0 1.0
A 665 1.0 1.0
A 666 1.0 1.0
A 667 1.0 1.0
A 668 1.0 1.0
A 669 3.0 1.0
A 670 3.0 1.0
A 671 1.0 1.0
A 672 3.0 1.0
A 673 3.0 1.0
A 674 3.0 1.0
A 675 3.0 1.0
A 676 3.0 1.0
A 677 3.0 1.0
A 678 3.0 1.0
A 679 3.0 1.0
A 680 3.0 1.0
A 681 3.0 1.0
A 682 3.0 1.0
A 683 3.0 1.0
A 684 3.0 1.0
A 685 3.0 1.0
A 686 3.0 1.0
A 687 3.0 1.0
A 688 3.0 1.0
A 689 3.0 1.0
A 690 3.0 1.0
A 691 3.0 1.0
A 692 3.0 1.0
A 693 3.0 1.0
A 694 3.0 1.0
A 695 3.0 1.0
A 696 3.0 1.0
A 697 3.0 1.0
A 698 3.0 1.0
A 699 1.0 1.0
A 700 1.0 1.0
A 701 0.0 1.0
A 702 0.0 1.0
A 703 0.0 1.0
A 704 0.0 1.0
A 705 0.0 1.0
A 706 0.0 1.0
A 707 0.0 1.0
A 708 1.0 1.0
A 709 1.0 1.0
A 710 1.0 1.0
A 711 1.0 1.0
A 712 3.0 1.0
A 713 3.0 1.0
A 714 3.0 1.0
A 715 3.0 1.0
A 716 3.0 0.0
A 717 3.0 0.0
A 718 3.0 1.0
A 719 3.0 1.0
A 720 3.0 0.0
A 721 3.0 0.0
A 722 3.0 1.0
A 723 1.0 0.0
A 724 1.0 0.0
A 725 3.0 0.0
A 726 1.0 1.0
A 727 1.0 0.0
A 728 1.0 0.0
A 729 1.0 1.0
A 730 0.0 1.0
A 731 0.0 0.0
A 732 0.0 1.0
A 733 0.0 0.0
A 734 1.0 0.0
A 735 0.0 0.0
A 736 0.0 1.0
A 737 3.0 1.0
A 738 3.0 1.0
A 739 3.0 1.0
A 740 3.0 1.0
A 741 3.0 1.0
A 742 3.0 1.0
A 743 3.0 1.0
A 744 3.0 1.0
A 745 3.0 1.0
A 746 3.0 1.0
A 747 3.0 1.0
A 748 3.0 1.0
A 749 3.0 1.0
A 750 3.0 1.0
A 751 3.0 1.0
A 752 3.0 1.0
A 753 3.0 1.0
A 754 3.0 1.0
A 755 3.0 1.0
A 756 3.0 1.0
A 757 3.0 1.0
A 758 3.0 1.0
A 759 3.0 1.0
A 760 1.0 1.0
A 761 3.0 1.0
A 762 3.0 1.0
A 763 3.0 1.0
A 764 3.0 1.0
A 765 3.0 1.0
A 766 3.0 1.0
A 767 3.0 1.0
A 768 3.0 1.0
A 769 3.0 1.0
A 770 3.0 1.0
A 771 3.0 1.0
A 772 2.0 1.0
A 773 3.0 1.0
A 774 1.0 1.0
A 775 1.0 1.0
A 776 1.0 1.0
A 777 3.0 3.0
A 778 3.0 1.0
A 779 3.0 1.0
A 780 3.0 1.0
A 781 3.0 1.0
A 782 2.0 1.0
A 783 2.0 1.0
A 784 0.0 1.0
A 785 0.0 1.0
A 786 2.0 1.0
A 787 2.0 1.0
A 788 2.0 1.0
A 789 2.0 1.0
A 790 3.0 1.0
A 791 3.0 1.0
A 792 3.0 1.0
A 793 3.0 1.0
A 794 3.0 1.0
A 795 3.0 1.0
A 796 3.0 1.0
A 797 3.0 1.0
A 806 1.0 1.0
A 807 3.0 1.0
A 808 3.0 1.0
A 809 3.0 1.0
A 810 1.0 1.0
A 811 1.0 1.0
A 812 1.0 1.0
A 813 1.0 1.0
A 814 0.0 1.0
A 815 0.0 1.0
A 816 0.0 1.0
A 817 0.0 1.0
A 818 0.0 1.0
A 819 0.0 1.0
A 820 2.0 1.0
A 821 2.0 1.0
A 822 3.0 1.0
A 823 3.0 1.0
A 824 3.0 1.0
A 825 3.0 1.0
A 826 3.0 1.0
A 827 3.0 1.0
A 828 3.0 1.0
A 829 3.0 1.0
A 830 3.0 1.0
A 831 3.0 1.0
A 832 3.0 1.0
A 833 3.0 1.0
A 834 3.0 1.0
A 835 3.0 1.0
A 836 3.0 0.0
A 837 3.0 0.0
A 838 3.0 0.0
A 839 3.0 1.0
A 840 3.0 1.0
A 841 3.0 0.0
A 842 3.0 0.0
A 843 3.0 1.0
A 844 3.0 0.0
A 845 3.0 0.0
A 846 3.0 0.0
A 847 3.0 1.0
A 848 3.0 0.0
A 849 3.0 0.0
A 850 3.0 1.0
A 851 3.0 1.0
A 852 3.0 0.0
A 853 3.0 1.0
A 854 3.0 0.0
A 855 3.0 0.0
A 856 3.0 0.0
A 857 3.0 1.0
A 858 3.0 1.0
A 859 3.0 1.0
A 860 3.0 1.0
A 861 3.0 1.0
A 862 3.0 1.0
A 863 3.0 1.0
A 864 3.0 1.0
A 865 3.0 1.0
A 866 3.0 1.0
A 867 3.0 1.0
A 868 3.0 1.0
A 869 3.0 1.0
A 870 1.0 1.0
A 871 1.0 1.0
A 872 1.0 1.0
A 873 1.0 1.0
A 874 3.0 1.0
A 875 3.0 1.0
A 876 3.0 1.0
A 877 2.0 1.0
A 878 3.0 1.0
A 879 3.0 1.0
A 880 2.0 1.0
A 881 3.0 1.0
A 882 3.0 1.0
A 883 1.0 1.0
A 884 1.0 1.0
A 885 1.0 1.0
A 886 3.0 1.0
A 887 3.0 1.0
A 888 3.0 1.0
A 889 3.0 1.0
A 890 3.0 1.0
A 891 3.0 1.0
A 892 3.0 1.0
A 893 3.0 1.0
A 894 3.0 1.0
A 895 2.0 1.0
A 896 3.0 1.0
A 897 3.0 1.0
A 898 3.0 3.0
A 899 3.0 1.0
A 900 3.0 1.0
A 901 3.0 1.0
A 902 3.0 1.0
A 922 1.0 1.0
A 923 1.0 1.0
A 924 1.0 1.0
A 925 1.0 1.0
A 926 1.0 1.0
A 927 1.0 1.0
A 928 1.0 1.0
A 929 1.0 1.0
A 930 1.0 1.0
A 931 1.0 1.0
A 932 3.0 1.0
A 933 3.0 1.0
A 934 1.0 1.0
A 935 3.0 1.0
A 936 3.0 1.0
A 937 3.0 1.0
A 938 3.0 1.0
A 939 3.0 1.0
A 940 3.0 1.0
A 941 3.0 1.0
A 942 3.0 1.0
A 943 3.0 1.0
A 944 3.0 1.0
A 945 3.0 1.0
A 946 3.0 1.0
A 947 3.0 1.0
A 948 3.0 1.0
A 949 3.0 1.0
A 950 3.0 1.0
A 951 3.0 1.0
A 952 3.0 1.0
A 953 3.0 1.0
A 954 3.0 1.0
A 955 3.0 1.0
A 956 3.0 1.0
A 957 3.0 1.0
A 958 3.0 1.0
A 959 3.0 1.0
A 960 3.0 1.0
A 961 3.0 1.0
A 962 1.0 1.0
A 963 1.0 1.0
A 964 0.0 1.0
A 965 0.0 1.0
A 966 0.0 1.0
A 967 0.0 1.0
A 968 0.0 0.0
A 969 0.0 0.0
A 970 0.0 0.0
A 971 1.0 1.0
A 972 1.0 1.0
A 973 1.0 0.0
A 974 1.0 0.0
A 975 3.0 1.0
A 976 3.0 0.0
A 977 3.0 0.0
A 978 3.0 0.0
A 979 3.0 1.0
A 980 3.0 0.0
A 981 3.0 0.0
A 982 3.0 1.0
A 983 3.0 1.0
A 984 3.0 0.0
A 985 3.0 1.0
A 986 1.0 0.0
A 987 1.0 0.0
A 988 3.0 0.0
A 989 1.0 1.0
A 990 1.0 1.0
A 991 1.0 1.0
A 992 1.0 1.0
A 993 0.0 1.0
A 994 0.0 1.0
A 995 0.0 1.0
A 996 0.0 1.0
A 997 1.0 1.0
A 998 0.0 1.0
A 999 0.0 1.0
A 1000 3.0 1.0
A 1001 3.0 1.0
A 1002 3.0 1.0
A 1003 3.0 1.0
A 1004 3.0 1.0
A 1005 3.0 1.0
A 1006 3.0 1.0
A 1007 3.0 1.0
A 1008 3.0 1.0
A 1009 3.0 1.0
A 1010 3.0 1.0
A 1011 3.0 1.0
A 1012 3.0 1.0
A 1013 3.0 1.0
A 1014 3.0 1.0
A 1015 3.0 1.0
A 1016 3.0 1.0
A 1017 3.0 1.0
A 1018 3.0 1.0
A 1019 3.0 1.0
A 1020 3.0 1.0
A 1021 3.0 1.0
A 1022 3.0 1.0
A 1023 1.0 1.0
A 1024 3.0 1.0
A 1025 3.0 1.0
A 1026 3.0 1.0
A 1027 3.0 1.0
A 1028 3.0 1.0
A 1029 3.0 1.0
A 1030 3.0 3.0
A 1031 3.0 1.0
A 1032 3.0 1.0
A 1033 3.0 1.0
A 1034 3.0 1.0
A 1035 2.0 1.0
A 1036 3.0 1.0
A 1037 1.0 1.0
A 1038 3.0 1.0
A 1039 1.0 1.0
A 1040 3.0 1.0
A 1041 3.0 1.0
A 1042 3.0 1.0
A 1043 3.0 1.0
A 1044 3.0 1.0
A 1045 0.0 1.0
A 1046 2.0 1.0
A 1047 0.0 1.0
A 1048 0.0 1.0
A 1049 2.0 1.0
A 1050 2.0 1.0
A 1051 2.0 1.0
A 1052 2.0 1.0
A 1053 3.0 1.0
A 1054 3.0 1.0
A 1055 3.0 1.0
A 1056 3.0 1.0
A 1057 1.0 1.0
A 1058 3.0 1.0
A 1059 3.0 1.0
A 1060 3.0 1.0
A 1061 1.0 1.0
A 1062 3.0 1.0
A 1063 3.0 1.0
A 1064 1.0 1.0
A 1065 1.0 1.0
A 1066 1.0 1.0
A 1067 1.0 1.0
A 1068 1.0 1.0
A 1069 0.0 1.0
A 1070 0.0 1.0
A 1071 0.0 1.0
A 1072 0.0 1.0
A 1073 0.0 1.0
A 1074 2.0 1.0
A 1075 2.0 1.0
A 1076 2.0 1.0
A 1077 3.0 1.0
A 1078 3.0 1.0
A 1079 3.0 1.0
A 1080 3.0 1.0
A 1081 3.0 0.0
A 1082 3.0 1.0
A 1083 3.0 1.0
A 1084 3.0 1.0
A 1085 3.0 1.0
A 1086 3.0 1.0
A 1087 3.0 1.0
A 1155 3.0 1.0
A 1156 3.0 1.0
A 1157 3.0 1.0
A 1158 3.0 1.0
A 1159 3.0 1.0
A 1160 3.0 1.0
A 1161 3.0 1.0
A 1162 3.0 1.0
A 1163 3.0 1.0
A 1164 3.0 1.0
A 1165 3.0 1.0
A 1166 3.0 3.0
A 1167 3.0 3.0
A 1168 3.0 3.0
A 1169 3.0 1.0
A 1170 3.0 1.0
A 1171 3.0 1.0
A 1172 3.0 1.0
A 1173 3.0 1.0
A 1174 3.0 1.0
A 1175 3.0 1.0
A 1176 3.0 1.0
A 1177 3.0 1.0
A 1178 3.0 1.0
A 1179 3.0 1.0
A 1180 3.0 1.0
A 1181 3.0 1.0
A 1182 3.0 1.0
A 1183 3.0 1.0
A 1184 3.0 1.0
A 1185 3.0 1.0
A 1186 3.0 1.0
A 1187 3.0 1.0
A 1188 3.0 1.0
A 1189 3.0 1.0
A 1190 3.0 1.0
A 1191 3.0 1.0
A 1192 1.0 1.0
A 1193 1.0 1.0
A 1194 1.0 1.0
A 1195 1.0 1.0
A 1196 3.0 1.0
A 1197 3.0 3.0
A 1198 3.0 3.0
A 1199 2.0 3.0
A 1200 3.0 1.0
A 1201 3.0 1.0
A 1202 2.0 3.0
A 1203 1.0 3.0
A 1204 3.0 3.0
A 1205 1.0 3.0
A 1206 1.0 3.0
A 1207 1.0 3.0
A 1208 3.0 3.0
A 1209 3.0 3.0
A 1210 3.0 3.0
A 1211 3.0 3.0
A 1212 3.0 3.0
A 1213 3.0 1.0
A 1214 3.0 3.0
A 1215 3.0 3.0
A 1216 3.0 3.0
A 1217 2.0 3.0
A 1218 3.0 3.0
A 1219 3.0 3.0
A 1220 3.0 3.0
A 1221 3.0 1.0
A 1222 3.0 3.0
A 1223 3.0 1.0
A 1224 3.0 1.0
A 1225 3.0 3.0
A 1226 3.0 3.0
A 1227 1.0 3.0
A 1228 3.0 1.0
A 1229 1.0 1.0
A 1230 3.0 1.0
A 1231 1.0 1.0
A 1232 1.0 1.0
A 1233 1.0 3.0
A 1234 1.0 3.0
A 1235 3.0 1.0
A 1236 3.0 3.0
A 1237 1.0 3.0
A 1238 3.0 3.0
A 1239 3.0 3.0
A 1240 3.0 3.0
A 1241 3.0 3.0
A 1242 3.0 1.0
A 1243 3.0 1.0
A 1244 3.0 1.0
A 1245 3.0 1.0
A 1246 3.0 1.0
A 1247 3.0 3.0
A 1248 3.0 1.0
A 1249 3.0 1.0
A 1250 3.0 3.0
A 1251 3.0 1.0
A 1252 3.0 1.0
A 1253 3.0 1.0
A 1254 3.0 1.0
A 1255 3.0 1.0
A 1256 3.0 1.0
A 1257 3.0 1.0
A 1258 3.0 3.0
A 1259 3.0 1.0
A 1260 3.0 1.0
A 1261 3.0 1.0
A 1262 3.0 1.0
A 1263 3.0 1.0
A 1264 3.0 1.0
A 1265 1.0 1.0
A 1266 1.0 1.0
A 1267 0.0 1.0
A 1268 0.0 0.0
A 1269 0.0 0.0
A 1270 0.0 1.0
A 1271 0.0 0.0
A 1272 0.0 0.0
A 1273 0.0 0.0
A 1274 1.0 0.0
A 1275 1.0 0.0
A 1276 1.0 1.0
A 1277 1.0 1.0
A 1278 3.0 0.0
A 1279 3.0 1.0
A 1280 3.0 0.0
A 1281 3.0 0.0
A 1282 3.0 0.0
A 1283 3.0 1.0
A 1284 3.0 3.0
A 1285 3.0 3.0
A 1286 3.0 3.0
A 1287 3.0 3.0
A 1288 3.0 3.0
A 1289 1.0 3.0
A 1290 1.0 2.0
A 1291 3.0 1.0
A 1292 1.0 0.0
A 1293 1.0 1.0
A 1294 1.0 0.0
A 1295 1.0 0.0
A 1296 0.0 0.0
A 1297 0.0 0.0
A 1298 0.0 0.0
A 1299 0.0 1.0
A 1300 1.0 1.0
A 1301 0.0 1.0
A 1302 0.0 1.0
A 1303 1.0 1.0
A 1304 3.0 1.0
A 1305 3.0 1.0
A 1306 3.0 1.0
A 1307 3.0 1.0
A 1308 3.0 1.0
A 1309 3.0 1.0
A 1310 3.0 1.0
A 1311 3.0 1.0
A 1312 3.0 1.0
A 1313 3.0 1.0
A 1314 3.0 1.0
A 1315 3.0 1.0
A 1316 3.0 3.0
A 1317 3.0 3.0
A 1318 3.0 3.0
A 1319 3.0 3.0
A 1320 3.0 3.0
A 1321 3.0 3.0
A 1322 3.0 3.0
A 1323 3.0 1.0
A 1324 3.0 1.0
A 1325 3.0 1.0
A 1326 1.0 1.0
A 1327 3.0 1.0
A 1328 3.0 0.0
A 1329 3.0 0.0
A 1330 3.0 1.0
A 1331 3.0 0.0
A 1332 3.0 0.0
A 1333 3.0 0.0
A 1334 3.0 1.0
A 1335 3.0 1.0
A 1336 3.0 1.0
A 1337 3.0 1.0
A 1338 2.0 1.0
A 1339 3.0 1.0
A 1340 1.0 1.0
A 1341 1.0 1.0
A 1342 1.0 1.0
A 1343 3.0 1.0
A 1344 3.0 1.0
A 1345 3.0 1.0
A 1346 3.0 1.0
A 1347 3.0 1.0
A 1348 2.0 1.0
A 1349 0.0 1.0
A 1350 0.0 1.0
A 1351 0.0 1.0
A 1352 2.0 1.0
A 1353 2.0 1.0
A 1354 2.0 1.0
A 1355 2.0 1.0
A 1356 3.0 1.0
A 1357 3.0 1.0
A 1358 3.0 1.0
A 1359 3.0 1.0
A 1360 1.0 3.0
A 1361 3.0 3.0
A 1362 3.0 3.0
A 1363 3.0 3.0
A 1364 1.0 3.0
A 1365 3.0 1.0
A 1374 3.0 1.0
A 1375 3.0 1.0
A 1376 3.0 1.0
A 1377 1.0 1.0
A 1378 1.0 1.0
A 1379 1.0 1.0
A 1380 0.0 1.0
A 1381 0.0 1.0
A 1382 0.0 1.0
A 1383 0.0 1.0
A 1384 0.0 1.0
A 1385 2.0 1.0
A 1386 2.0 1.0
A 1387 2.0 1.0
A 1388 3.0 1.0
A 1389 3.0 1.0
A 1390 3.0 3.0
A 1391 3.0 3.0
A 1392 3.0 3.0
A 1393 3.0 3.0
A 1394 3.0 3.0
A 1395 3.0 3.0
A 1396 3.0 3.0
A 1397 3.0 3.0
A 1398 3.0 1.0
A 1399 3.0 1.0
A 1400 3.0 1.0
A 1401 3.0 1.0
A 1402 3.0 1.0
A 1403 3.0 1.0
A 1404 3.0 1.0
A 1405 3.0 1.0
A 1406 3.0 1.0
A 1407 3.0 1.0
A 1408 3.0 1.0
A 1409 3.0 1.0
A 1410 3.0 1.0
A 1411 3.0 1.0
A 1412 3.0 1.0
A 1413 3.0 1.0
A 1414 3.0 1.0
A 1415 3.0 1.0
A 1416 3.0 1.0
A 1417 3.0 1.0
A 1418 3.0 1.0
A 1419 3.0 1.0
A 1420 3.0 1.0
A 1421 3.0 1.0
A 1422 3.0 1.0
A 1423 3.0 1.0
A 1424 3.0 1.0
A 1425 3.0 1.0
A 1426 3.0 1.0
A 1427 3.0 1.0
A 1428 3.0 1.0
A 1429 3.0 1.0
A 1430 3.0 1.0
A 1431 3.0 1.0
A 1432 3.0 1.0
A 1433 3.0 1.0
A 1434 3.0 1.0
A 1435 3.0 1.0
A 1436 1.0 1.0
A 1437 1.0 1.0
A 1438 1.0 1.0
A 1439 1.0 1.0
A 1440 3.0 1.0
A 1441 3.0 1.0
A 1442 3.0 1.0
A 1443 2.0 1.0
A 1444 3.0 1.0
A 1445 3.0 1.0
A 1446 0.0 1.0
A 1447 1.0 1.0
A 1448 3.0 1.0
A 1449 1.0 1.0
A 1450 1.0 1.0
A 1451 1.0 1.0
A 1452 3.0 1.0
A 1453 3.0 1.0
A 1454 3.0 1.0
A 1455 3.0 1.0
A 1456 3.0 1.0
A 1457 3.0 1.0
A 1458 3.0 1.0
A 1459 3.0 1.0
A 1460 3.0 1.0
A 1461 2.0 1.0
A 1462 3.0 1.0
A 1463 3.0 1.0
A 1464 3.0 1.0
A 1465 3.0 1.0
A 1466 3.0 1.0
A 1467 3.0 1.0
A 1468 3.0 1.0
A 1469 3.0 1.0
A 1470 3.0 1.0
A 1490 1.0 1.0
A 1491 3.0 1.0
A 1492 1.0 1.0
A 1493 3.0 1.0
A 1494 1.0 1.0
A 1495 1.0 1.0
A 1496 1.0 0.0
A 1497 1.0 0.0
A 1498 3.0 0.0
A 1499 3.0 1.0
A 1500 1.0 1.0
A 1501 3.0 1.0
A 1502 3.0 1.0
A 1503 3.0 1.0
A 1504 3.0 1.0
A 1505 3.0 1.0
A 1506 1.0 1.0
A 1507 3.0 1.0
A 1508 3.0 1.0
A 1509 3.0 1.0
A 1510 3.0 1.0
A 1511 3.0 1.0
A 1512 3.0 1.0
A 1513 3.0 1.0
A 1514 3.0 0.0
A 1515 3.0 1.0
A 1516 3.0 1.0
A 1517 3.0 1.0
A 1518 3.0 0.0
A 1519 3.0 0.0
A 1520 3.0 1.0
A 1521 3.0 1.0
A 1522 3.0 0.0
A 1523 3.0 1.0
A 1524 3.0 1.0
A 1525 3.0 1.0
A 1526 3.0 1.0
A 1527 3.0 0.0
A 1528 1.0 3.0
A 1529 1.0 0.0
A 1530 0.0 0.0
A 1531 0.0 3.0
A 1532 0.0 3.0
A 1533 0.0 0.0
A 1534 0.0 1.0
A 1535 0.0 0.0
A 1536 0.0 1.0
A 1537 1.0 1.0
A 1538 1.0 1.0
A 1539 1.0 1.0
A 1540 1.0 1.0
A 1541 3.0 1.0
A 1542 3.0 1.0
A 1543 3.0 1.0
A 1544 3.0 1.0
A 1545 3.0 1.0
A 1546 3.0 1.0
A 1547 3.0 1.0
A 1548 3.0 1.0
A 1549 3.0 1.0
A 1550 3.0 1.0
A 1551 3.0 1.0
A 1552 1.0 1.0
A 1553 1.0 1.0
A 1554 3.0 1.0
A 1555 1.0 1.0
A 1556 1.0 1.0
A 1557 1.0 1.0
A 1558 1.0 1.0
A 1559 0.0 1.0
A 1560 0.0 1.0
A 1561 0.0 1.0
A 1562 0.0 1.0
A 1563 1.0 1.0
A 1564 0.0 1.0
A 1565 0.0 1.0
A 1566 1.0 1.0
A 1567 3.0 1.0
A 1568 3.0 1.0
A 1569 3.0 1.0
A 1570 3.0 3.0
A 1571 3.0 3.0
A 1572 3.0 3.0
A 1573 3.0 3.0
A 1574 3.0 3.0
A 1575 3.0 3.0
A 1576 3.0 3.0
A 1577 3.0 3.0
A 1578 3.0 3.0
A 1579 3.0 3.0
A 1580 3.0 3.0
A 1581 3.0 3.0
A 1582 3.0 3.0
A 1583 3.0 3.0
A 1584 3.0 3.0
A 1585 3.0 3.0
A 1586 3.0 1.0
A 1587 3.0 3.0
A 1588 3.0 1.0
A 1589 3.0 1.0
A 1590 3.0 1.0
A 1591 3.0 1.0
A 1592 3.0 1.0
A 1593 3.0 1.0
A 1594 3.0 1.0
A 1595 3.0 1.0
A 1596 3.0 1.0
A 1597 3.0 1.0
A 1598 3.0 1.0
A 1599 3.0 1.0
A 1600 3.0 1.0
A 1601 2.0 1.0
A 1602 3.0 1.0
A 1603 1.0 1.0
A 1604 1.0 1.0
A 1605 1.0 1.0
A 1606 3.0 1.0
A 1607 3.0 1.0
A 1608 3.0 1.0
A 1609 3.0 1.0
A 1610 3.0 1.0
A 1611 2.0 1.0
A 1612 0.0 1.0
A 1613 0.0 1.0
A 1614 0.0 1.0
A 1615 2.0 1.0
A 1616 2.0 1.0
A 1617 2.0 1.0
A 1618 2.0 1.0
A 1619 3.0 1.0
A 1620 3.0 1.0
A 1621 3.0 1.0
A 1622 3.0 1.0
A 1623 1.0 1.0
A 1624 3.0 1.0
A 1625 3.0 1.0
A 1626 3.0 1.0
A 1627 1.0 1.0
A 1628 3.0 1.0
A 1629 3.0 1.0
A 1630 3.0 1.0
A 1631 3.0 1.0
A 1632 1.0 1.0
A 1633 1.0 1.0
A 1634 1.0 1.0
A 1635 0.0 1.0
A 1636 0.0 1.0
A 1637 0.0 1.0
A 1638 0.0 1.0
A 1639 0.0 1.0
A 1640 2.0 1.0
A 1641 2.0 1.0
A 1642 2.0 1.0
A 1643 3.0 1.0
A 1644 3.0 1.0
A 1645 3.0 1.0
A 1646 3.0 1.0
A 1647 3.0 1.0
A 1648 3.0 1.0
A 1649 3.0 1.0
A 1650 3.0 1.0
A 1651 3.0 1.0
A 1652 3.0 1.0
A 1653 3.0 1.0
A 1654 3.0 1.0
A 1655 3.0 1.0
