0.0 0.15167428648856887 1.52884 0.70281483 0.56155535 -3.1394886635840993 ../testing_datasets/H3_epi.csv NeighborSum 16
0.0 0.14290952208805457 -0.5508 0.211964021 0.626477082 -3.09951123465191 ../testing_datasets/H3_epi.csv NeighborSum 16
0.0 0.13822806099692514 -0.68593 0.612367541 0.577727537 -5.396677423864087 ../testing_datasets/H3_epi.csv NeighborSum 16
0.0 0.12091015982905069 -2.9028 1.196666614 0.482218707 -9.939086834953313 ../testing_datasets/H3_epi.csv NeighborSum 16
0.0 0.11700088139004984 -2.42402 0.715100347 0.473249904 -11.012136262879507 ../testing_datasets/H3_epi.csv NeighborSum 16
0.0 0.12227955345285088 -3.42658 0.115711929 0.608409029 -7.062115202344277 ../testing_datasets/H3_epi.csv NeighborSum 16
0.0 0.11176991419790752 -1.3467 0.690582744 0.594653653 -15.722607514110996 ../testing_datasets/H3_epi.csv NeighborSum 16
0.0 0.07878815953236043 -4.18677 1.196403002 0.469250807 -25.39776467581489 ../testing_datasets/H3_epi.csv NeighborSum 16
0.0 0.09670544722188258 -2.34491 0.483154326 0.538550908 -19.52478792455975 ../testing_datasets/H3_epi.csv NeighborSum 16
0.0 0.11943282300178763 0.09823 0.130677272 0.609272048 -13.423328476825278 ../testing_datasets/H3_epi.csv NeighborSum 16
0.0 0.09064464087491436 -1.99779 0.943695555 0.516303867 -23.46752127691768 ../testing_datasets/H3_epi.csv NeighborSum 16
0.0 0.0708084947623946 -4.73053 0.958617728 0.467438631 -27.317343823343837 ../testing_datasets/H3_epi.csv NeighborSum 16
0.0 0.10450215102483759 -3.1488 0.262675306 0.574262765 -14.893870718653982 ../testing_datasets/H3_epi.csv NeighborSum 16
0.0 0.11471395855268178 -0.18274 0.539623645 0.595199657 -15.839208611256442 ../testing_datasets/H3_epi.csv NeighborSum 16
0.0 0.07971265147164949 -3.23461 1.223431364 0.509046026 -26.807333072556595 ../testing_datasets/H3_epi.csv NeighborSum 16
0.0 0.09337881767819206 -2.77369 0.815664173 0.510678066 -20.845942953378668 ../testing_datasets/H3_epi.csv NeighborSum 16
0.0 0.11985613155766797 -0.08763 0.760532859 0.627501588 -14.65906021797574 ../testing_datasets/H3_epi.csv NeighborSum 16
0.0 0.11038110488261343 -1.15649 0.854286305 0.549632638 -16.588641088168718 ../testing_datasets/H3_epi.csv NeighborSum 16
0.0 0.07710162841780871 -3.9233 1.153800785 0.454219304 -26.249020931681475 ../testing_datasets/H3_epi.csv NeighborSum 16
0.0 0.1085813392584642 -2.31607 1.042818155 0.539641004 -16.015298089290646 ../testing_datasets/H3_epi.csv NeighborSum 16
0.0 0.12151679944325398 -1.72819 0.812858912 0.632049147 -11.745189978188625 ../testing_datasets/H3_epi.csv NeighborSum 16
0.0 0.09003280236692113 -4.04467 1.048833101 0.538544532 -21.18086576086499 ../testing_datasets/H3_epi.csv NeighborSum 16
0.0 0.08176444559607964 -4.43669 1.118867783 0.470433077 -23.623114861395 ../testing_datasets/H3_epi.csv NeighborSum 16
0.0 0.11932460647139632 -0.93916 1.004286968 0.628100731 -14.233682350994687 ../testing_datasets/H3_epi.csv NeighborSum 16
0.0 0.107819311417332 -1.38571 0.864627887 0.599518878 -17.764882611276594 ../testing_datasets/H3_epi.csv NeighborSum 16
0.0 0.06731458269023473 -4.76964 1.682866623 0.478859209 -30.55990576166677 ../testing_datasets/H3_epi.csv NeighborSum 16
0.0 0.0994001444225298 -3.66705 0.973980498 0.542138731 -17.701774988968555 ../testing_datasets/H3_epi.csv NeighborSum 16
0.0 0.11799301873705051 -1.60765 1.019964963 0.631878833 -13.88062309786456 ../testing_datasets/H3_epi.csv NeighborSum 16
0.0 0.08239050032687611 -2.145 1.080741775 0.554341472 -27.32667335025286 ../testing_datasets/H3_epi.csv NeighborSum 16
0.0 0.07281293460812731 -3.17593 1.026439054 0.498467907 -29.182313199577234 ../testing_datasets/H3_epi.csv NeighborSum 16
0.0 0.11548484283971878 -1.05362 0.783120339 0.616650998 -15.023177160025561 ../testing_datasets/H3_epi.csv NeighborSum 16
0.0 0.10581688694108685 -3.13934 0.87491363 0.59456164 -16.020150489208604 ../testing_datasets/H3_epi.csv NeighborSum 16
0.0 0.06585310740830304 -3.01718 1.273974642 0.491998065 -32.84061704121209 ../testing_datasets/H3_epi.csv NeighborSum 16
0.0 0.08483878127070738 -4.10324 0.698662507 0.53317147 -22.351606165739916 ../testing_datasets/H3_epi.csv NeighborSum 16
0.0 0.10382583695398995 0.52582 0.806137062 0.632076224 -22.340610995746086 ../testing_datasets/H3_epi.csv NeighborSum 16
0.0 0.08212892722729354 -1.99172 0.999791515 0.482538406 -26.851102510873925 ../testing_datasets/H3_epi.csv NeighborSum 16
0.0 0.05074992109185433 -4.67313 0.723010869 0.429239388 -34.8104987352166 ../testing_datasets/H3_epi.csv NeighborSum 16
0.0 0.08076160289198868 -1.1148 0.9134052 0.540615998 -28.980632449221492 ../testing_datasets/H3_epi.csv NeighborSum 16
0.0 0.08212757184098003 -5.404 1.177075753 0.529124751 -22.703136549819163 ../testing_datasets/H3_epi.csv NeighborSum 16
0.0 0.032054286287328385 -4.9215 0.866090372 0.346167498 -41.82957091007788 ../testing_datasets/H3_epi.csv NeighborSum 16
0.0 0.047505029303504226 -2.35313 1.040738514 0.406823853 -40.11588064847837 ../testing_datasets/H3_epi.csv NeighborSum 16
0.0 0.0805696425969302 -2.96365 0.883922457 0.46264375 -25.629578509273614 ../testing_datasets/H3_epi.csv NeighborSum 16
0.0 0.04265565374119043 -4.06317 1.192942461 0.270529635 -38.83975407859547 ../testing_datasets/H3_epi.csv NeighborSum 16
0.0 0.005922526824609281 -4.13784 0.598159525 0.323559242 -52.95062621684271 ../testing_datasets/H3_epi.csv NeighborSum 16
0.0 0.05168050017158801 -3.01452 1.063868523 0.328395925 -36.8112532405711 ../testing_datasets/H3_epi.csv NeighborSum 16
0.0 0.057627998441267245 -5.09443 1.020103694 0.287609174 -30.863016382384917 ../testing_datasets/H3_epi.csv NeighborSum 16
0.0 0.01740009601318694 -2.28589 0.436271469 0.391556774 -51.0843360901209 ../testing_datasets/H3_epi.csv NeighborSum 16
0.0 0.019541463894120648 -3.6143 0.535295504 0.405053862 -48.61587551816083 ../testing_datasets/H3_epi.csv NeighborSum 16
0.0 0.054603111373705646 -2.23618 1.043296385 0.436763376 -37.60827355519616 ../testing_datasets/H3_epi.csv NeighborSum 16
0.0 0.04242820586155807 -3.25662 0.716735645 0.416629836 -40.19890232317604 ../testing_datasets/H3_epi.csv NeighborSum 16
0.0 -0.0008667240216172489 -3.97757 0.332333688 0.408527766 -56.07431567195177 ../testing_datasets/H3_epi.csv NeighborSum 16
0.0 0.020850200234270103 -3.66304 0.984743405 0.426183226 -49.272239259610465 ../testing_datasets/H3_epi.csv NeighborSum 16
0.0 0.04004941197011734 -2.33928 0.827641358 0.386560227 -42.53421317857519 ../testing_datasets/H3_epi.csv NeighborSum 16
0.0 -0.005314111903852309 -4.78178 0.752629948 0.431684229 -57.95931983680807 ../testing_datasets/H3_epi.csv NeighborSum 16
0.0 -0.02277357532961738 -2.92275 0.760721617 0.380252846 -67.4809849496303 ../testing_datasets/H3_epi.csv NeighborSum 16
0.0 0.024294973643729983 -2.88438 0.993678795 0.346179275 -48.32180668206154 ../testing_datasets/H3_epi.csv NeighborSum 16
0.0 0.025235283749739615 -5.10075 0.800457834 0.497762087 -45.522935087091795 ../testing_datasets/H3_epi.csv NeighborSum 16
0.0 -0.03817868299990662 -5.5473 0.704684042 0.379752709 -69.89338787732855 ../testing_datasets/H3_epi.csv NeighborSum 16
0.0 -0.008825175964042198 -5.75177 1.140684827 0.403300247 -58.698107644815664 ../testing_datasets/H3_epi.csv NeighborSum 16
0.0 0.041959720694558486 -1.90614 0.70700435 0.403129698 -42.22327054955704 ../testing_datasets/H3_epi.csv NeighborSum 16
0.0 0.025511747029578605 -4.0602 1.090830856 0.472615618 -47.41534928014815 ../testing_datasets/H3_epi.csv NeighborSum 16
0.0 -0.003838764306992759 -6.95578 1.013050303 0.4003109 -54.54319669306049 ../testing_datasets/H3_epi.csv NeighborSum 16
0.0 0.05485954861150995 -3.20118 0.997334168 0.353239521 -35.27292135522176 ../testing_datasets/H3_epi.csv NeighborSum 16
0.0 0.0817167150841544 -2.07735 0.700903709 0.409320593 -25.549258231409308 ../testing_datasets/H3_epi.csv NeighborSum 16
0.0 0.07245338645773687 -2.42921 1.057297943 0.376497109 -29.45654622890583 ../testing_datasets/H3_epi.csv NeighborSum 16
0.0 0.10833997452616831 -0.34127 0.801095412 0.412423433 -17.32559996896818 ../testing_datasets/H3_epi.csv NeighborSum 16
0.0 0.05696196096549867 -1.1374 1.414119983 0.508437329 -39.74238216506801 ../testing_datasets/H3_epi.csv NeighborSum 16
0.0 0.03372751027790842 -3.56227 1.320760203 0.533053811 -45.81111671952219 ../testing_datasets/H3_epi.csv NeighborSum 16
0.0 0.08316989164799292 -6.05407 1.078336037 0.455954045 -20.461687830802934 ../testing_datasets/H3_epi.csv NeighborSum 16
0.0 0.060753426399652824 -5.75949 1.527139493 0.563980563 -32.180572270499084 ../testing_datasets/H3_epi.csv NeighborSum 16
0.0 0.11295528933949195 -1.72598 0.995512046 0.461749902 -14.28684939282128 ../testing_datasets/H3_epi.csv NeighborSum 16
0.0 0.10850935614306594 -0.27599 0.809259689 0.498023719 -18.098973238298168 ../testing_datasets/H3_epi.csv NeighborSum 16
0.0 0.1273813005339158 0.78786 0.661070452 0.488295188 -11.393574085249382 ../testing_datasets/H3_epi.csv NeighborSum 16
0.0 0.08482536896030077 -1.25191 1.286137987 0.465452962 -27.361865178758332 ../testing_datasets/H3_epi.csv NeighborSum 16
0.0 0.04024084587775134 -3.39295 1.206935439 0.389150128 -41.86028100457046 ../testing_datasets/H3_epi.csv NeighborSum 16
0.0 0.09556682615114379 -0.6642 0.629992918 0.546774317 -22.87251447739469 ../testing_datasets/H3_epi.csv NeighborSum 16
0.0 0.09188497460866037 -0.54879 0.537023876 0.518248533 -24.097178230206765 ../testing_datasets/H3_epi.csv NeighborSum 16
0.0 0.0178198397945335 -4.67577 1.163806547 0.338176932 -48.73560766130084 ../testing_datasets/H3_epi.csv NeighborSum 16
0.0 0.04753850930594203 -3.61244 1.138946126 0.489545243 -39.2081723299301 ../testing_datasets/H3_epi.csv NeighborSum 16
0.0 0.0995024679324143 -2.14659 0.433889401 0.614015761 -19.178609273498786 ../testing_datasets/H3_epi.csv NeighborSum 16
0.0 0.05452036621780941 -3.42675 0.753158473 0.379966177 -34.72007585332567 ../testing_datasets/H3_epi.csv NeighborSum 16
0.0 0.02009232321200015 -2.43284 1.307695958 0.354909653 -51.555824112633594 ../testing_datasets/H3_epi.csv NeighborSum 16
0.0 0.08899211513421788 -2.60718 0.821615474 0.583038153 -23.535400145078572 ../testing_datasets/H3_epi.csv NeighborSum 16
0.0 0.10362493930918332 -1.84538 0.867244679 0.579307992 -18.66583275089813 ../testing_datasets/H3_epi.csv NeighborSum 16
0.0 0.057723596899244806 -1.47083 1.13120506 0.383977002 -37.195803175613264 ../testing_datasets/H3_epi.csv NeighborSum 16
0.0 0.08762754877382421 -5.06677 0.951889434 0.590394481 -20.892989227220532 ../testing_datasets/H3_epi.csv NeighborSum 16
0.0 0.12897046324989314 0.14959 0.825507389 0.500680061 -10.309025649212236 ../testing_datasets/H3_epi.csv NeighborSum 16
0.0 0.111781748312885 -2.35388 0.793110125 0.484987789 -13.56450114647905 ../testing_datasets/H3_epi.csv NeighborSum 16
0.0 0.08483612038315483 -1.97868 1.031493409 0.412505547 -25.229933748932197 ../testing_datasets/H3_epi.csv NeighborSum 16
0.0 0.12328435634863405 -1.68432 0.864759332 0.640975992 -11.27903818186346 ../testing_datasets/H3_epi.csv NeighborSum 16
0.0 0.14077211998996858 -2.93833 0.61270284 0.346884099 0.904436054337542 ../testing_datasets/H3_epi.csv NeighborSum 16
0.0 0.16007490007513767 0.00428 0.884873647 0.498689027 2.6553735480569753 ../testing_datasets/H3_epi.csv NeighborSum 16
0.0 0.161259069392771 3.39402 0.640065215 0.309540596 0.4070754261028279 ../testing_datasets/H3_epi.csv NeighborSum 16
0.0 0.181683925853695 3.72932 0.851685847 0.472378626 6.476719318240871 ../testing_datasets/H3_epi.csv NeighborSum 16
0.0 0.17715833478152004 3.02247 0.348089293 0.486863257 6.730796963515029 ../testing_datasets/H3_epi.csv NeighborSum 16
0.0 0.1434819821011572 -1.44359 0.862810622 0.259698915 -0.01691841584796755 ../testing_datasets/H3_epi.csv NeighborSum 16
0.0 0.14725940307862098 0.04102 0.592361004 0.467037937 -1.726283751915663 ../testing_datasets/H3_epi.csv NeighborSum 16
0.0 0.12098479530017972 -5.15766 0.872087436 0.349740606 -4.706477736094461 ../testing_datasets/H3_epi.csv NeighborSum 16
0.0 0.1411969136392502 -2.09295 0.212941744 0.601158313 -1.347230565925995 ../testing_datasets/H3_epi.csv NeighborSum 16
0.0 0.09468385047341693 -2.09427 1.046359446 0.489431993 -21.674493224849762 ../testing_datasets/H3_epi.csv NeighborSum 16
0.0 0.11600825772457769 -0.9528 0.561512033 0.596570427 -14.245326220618725 ../testing_datasets/H3_epi.csv NeighborSum 16
0.0 0.10034226319748867 -0.93621 0.924414753 0.499467611 -20.8096453435809 ../testing_datasets/H3_epi.csv NeighborSum 16
0.0 0.09643634871754747 -4.12068 0.847142193 0.393469877 -16.69486156740974 ../testing_datasets/H3_epi.csv NeighborSum 16
0.0 0.09134113243596569 -1.51253 1.19843548 0.562528423 -24.89751650420543 ../testing_datasets/H3_epi.csv NeighborSum 16
0.0 0.12556692758153787 -3.8361 0.445627454 0.570197539 -5.578386206421592 ../testing_datasets/H3_epi.csv NeighborSum 16
0.0 0.14091738883996763 -0.29297 0.155453728 0.475606338 -2.8792400973976235 ../testing_datasets/H3_epi.csv NeighborSum 16
0.0 0.1385448202083235 0.84165 0.29890498 0.353029544 -4.820308444460523 ../testing_datasets/H3_epi.csv NeighborSum 16
0.0 0.11592171211773561 -0.78019 0.885523229 0.403688576 -13.676619995390286 ../testing_datasets/H3_epi.csv NeighborSum 16
0.0 0.11794555396221151 -0.54588 0.693656821 0.559945629 -14.045010167476288 ../testing_datasets/H3_epi.csv NeighborSum 16
0.0 0.144102023937769 -0.0536 0.530187444 0.574809442 -3.662255391373044 ../testing_datasets/H3_epi.csv NeighborSum 16
0.0 0.11952726743316902 -1.19656 0.883519866 0.428623689 -11.783995632416884 ../testing_datasets/H3_epi.csv NeighborSum 16
0.0 0.08454094156408848 -2.19318 1.387089416 0.575558465 -27.28918401282293 ../testing_datasets/H3_epi.csv NeighborSum 16
0.0 0.13684411760334547 1.59275 0.778761919 0.606189786 -9.937426839471737 ../testing_datasets/H3_epi.csv NeighborSum 16
0.0 0.14807883375744688 0.1107 0.859310583 0.467540693 -2.1399549028442184 ../testing_datasets/H3_epi.csv NeighborSum 16
0.0 0.1440899180405273 0.41361 0.297774008 0.563904458 -3.6922119572678285 ../testing_datasets/H3_epi.csv NeighborSum 16
0.0 0.1430459348308715 0.28113 0.63965973 0.544507881 -4.5950310391791325 ../testing_datasets/H3_epi.csv NeighborSum 16
0.0 0.1271734252377264 -2.27529 1.182778761 0.440773273 -7.874077101903647 ../testing_datasets/H3_epi.csv NeighborSum 16
0.0 0.11340538746636888 -3.70025 0.804572899 0.427404248 -10.467008403137989 ../testing_datasets/H3_epi.csv NeighborSum 16
0.0 0.12226143630036473 -2.84012 0.209785592 0.611011815 -8.174815011035282 ../testing_datasets/H3_epi.csv NeighborSum 16
0.0 0.11729851877410949 -1.13788 0.710732654 0.562273126 -13.51105347836926 ../testing_datasets/H3_epi.csv NeighborSum 16
0.0 0.08056044270752818 -4.20663 1.229652285 0.410203822 -24.213004180246376 ../testing_datasets/H3_epi.csv NeighborSum 16
0.0 0.09570027167765592 -2.08391 0.546764592 0.576019322 -20.794609080781832 ../testing_datasets/H3_epi.csv NeighborSum 16
0.0 0.11692600790754638 0.0015 0.148827361 0.620165623 -14.457023401488012 ../testing_datasets/H3_epi.csv NeighborSum 16
0.0 0.09269824142028998 -2.16323 0.988284263 0.485308723 -22.22027095562758 ../testing_datasets/H3_epi.csv NeighborSum 16
0.0 0.06922535890119608 -4.83761 0.97372298 0.403990021 -27.313368966595664 ../testing_datasets/H3_epi.csv NeighborSum 16
0.0 0.10398557824464746 -2.8658 0.267811892 0.599316612 -15.746042236888254 ../testing_datasets/H3_epi.csv NeighborSum 16
0.0 0.11240977903617708 -0.51165 0.525778473 0.583949304 -16.18447428430874 ../testing_datasets/H3_epi.csv NeighborSum 16
0.0 0.07747529750835339 -3.94918 1.253416225 0.426396575 -26.061240635006204 ../testing_datasets/H3_epi.csv NeighborSum 16
0.0 0.09495504158599077 -2.78632 0.812587298 0.544642374 -20.456470175632163 ../testing_datasets/H3_epi.csv NeighborSum 16
0.0 0.12366842273236377 0.05174 0.750926705 0.639230418 -13.360218908298958 ../testing_datasets/H3_epi.csv NeighborSum 16
0.0 0.10728274185158584 -1.73511 0.896655797 0.536271912 -17.0170115241426 ../testing_datasets/H3_epi.csv NeighborSum 16
0.0 0.07609176986438362 -3.95331 1.164038449 0.392366016 -26.121806346678937 ../testing_datasets/H3_epi.csv NeighborSum 16
0.0 0.11233475695005962 -1.74702 1.014292453 0.576458363 -15.534933640908491 ../testing_datasets/H3_epi.csv NeighborSum 16
0.0 0.12114900005072289 -1.75657 0.823902963 0.621906065 -11.796554212816908 ../testing_datasets/H3_epi.csv NeighborSum 16
0.0 0.08288942060738262 -3.38826 1.050005639 0.495719354 -24.734087796460365 ../testing_datasets/H3_epi.csv NeighborSum 16
0.0 0.08172726476794057 -3.48545 1.118057678 0.467466891 -24.9981183294423 ../testing_datasets/H3_epi.csv NeighborSum 16
0.0 0.117139605618551 0.03917 1.024392338 0.631669233 -16.643853135451312 ../testing_datasets/H3_epi.csv NeighborSum 16
0.0 0.09749737601496392 -2.27652 0.811640813 0.607153363 -20.67673583329531 ../testing_datasets/H3_epi.csv NeighborSum 16
0.0 0.059025721343025 -5.13785 1.672334066 0.408430113 -32.830330237118886 ../testing_datasets/H3_epi.csv NeighborSum 16
0.0 0.09587111063740864 -3.23876 0.990691291 0.567722225 -20.045709636164236 ../testing_datasets/H3_epi.csv NeighborSum 16
0.0 0.10713494130878608 -2.91654 1.020979387 0.643275644 -16.56788346568279 ../testing_datasets/H3_epi.csv NeighborSum 16
0.0 0.07252385252112577 -4.50715 1.055795637 0.514645867 -27.570077012325807 ../testing_datasets/H3_epi.csv NeighborSum 16
0.0 0.06925223839615169 -4.03849 1.066198821 0.446254287 -29.051161650932087 ../testing_datasets/H3_epi.csv NeighborSum 16
0.0 0.10901649751117687 -1.36978 0.778543834 0.607264091 -17.149628611149392 ../testing_datasets/H3_epi.csv NeighborSum 16
0.0 0.09785193114548593 -4.30798 0.847986298 0.59031896 -17.51307621727497 ../testing_datasets/H3_epi.csv NeighborSum 16
0.0 0.06066783319175863 -3.53463 1.275809547 0.40190763 -33.470993096115194 ../testing_datasets/H3_epi.csv NeighborSum 16
0.0 0.0853220646934864 -2.56919 0.741038623 0.542195954 -24.567520807806016 ../testing_datasets/H3_epi.csv NeighborSum 16
0.0 0.10584486730293897 0.28557 0.764726784 0.625742436 -21.000033767254042 ../testing_datasets/H3_epi.csv NeighborSum 16
0.0 0.07854913544084624 0.03139 0.943782976 0.499055425 -31.287706500751906 ../testing_datasets/H3_epi.csv NeighborSum 16
0.0 0.0536004601652401 -4.03036 0.714746749 0.387679481 -34.19351337460825 ../testing_datasets/H3_epi.csv NeighborSum 16
0.0 0.08547820989917379 -2.02353 0.930253372 0.548842022 -25.813623761870733 ../testing_datasets/H3_epi.csv NeighborSum 16
0.0 0.07528910914330794 -5.07726 1.256053567 0.552774454 -26.403849197548364 ../testing_datasets/H3_epi.csv NeighborSum 16
0.0 0.02868010197327718 -5.28832 0.835810015 0.384117365 -42.94153202425761 ../testing_datasets/H3_epi.csv NeighborSum 16
0.0 0.055375151636509454 -2.36821 1.083273344 0.479061963 -37.55301757497764 ../testing_datasets/H3_epi.csv NeighborSum 16
0.0 0.07975339589792353 -2.95877 0.886397964 0.533813016 -26.586403697553962 ../testing_datasets/H3_epi.csv NeighborSum 16
0.0 0.035544417332692715 -3.71619 1.218344686 0.311900771 -42.70387864466541 ../testing_datasets/H3_epi.csv NeighborSum 16
0.0 0.005441048308416796 -4.48718 0.617600794 0.405366022 -53.38407672203935 ../testing_datasets/H3_epi.csv NeighborSum 16
0.0 0.05685118937081002 -3.13134 1.0464075 0.5403663 -36.261656337210475 ../testing_datasets/H3_epi.csv NeighborSum 16
0.0 0.051142049348936486 -5.72685 1.026717248 0.287898969 -32.64516466596279 ../testing_datasets/H3_epi.csv NeighborSum 16
0.0 0.012443093133538585 -2.59026 0.518199171 0.368240239 -52.6933082402461 ../testing_datasets/H3_epi.csv NeighborSum 16
0.0 0.019939418589072846 -2.8663 0.539287956 0.486555808 -50.24494928827755 ../testing_datasets/H3_epi.csv NeighborSum 16
0.0 0.052438713141630844 -2.44934 1.023206693 0.464467007 -38.38081327795317 ../testing_datasets/H3_epi.csv NeighborSum 16
0.0 0.03713097667676865 -3.83694 0.728241107 0.422476545 -41.62394383099513 ../testing_datasets/H3_epi.csv NeighborSum 16
0.0 -0.005285916282257247 -3.89887 0.328855717 0.382383951 -57.78798019545673 ../testing_datasets/H3_epi.csv NeighborSum 16
0.0 0.01594957292606003 -4.07024 0.974385705 0.506631538 -51.367389277668885 ../testing_datasets/H3_epi.csv NeighborSum 16
0.0 0.03684721281725216 -2.38199 0.843482432 0.384565318 -43.81931246568193 ../testing_datasets/H3_epi.csv NeighborSum 16
0.0 -0.004240990253391391 -3.82156 0.746764275 0.439312904 -58.96558680232552 ../testing_datasets/H3_epi.csv NeighborSum 16
0.0 -0.02443506065401624 -3.38786 0.741876229 0.415290525 -67.7433995141858 ../testing_datasets/H3_epi.csv NeighborSum 16
0.0 0.01921777741564762 -3.11426 0.873741936 0.373295355 -50.02904275851533 ../testing_datasets/H3_epi.csv NeighborSum 16
0.0 0.025360996805205288 -5.24012 0.715975754 0.482192467 -44.93038688521063 ../testing_datasets/H3_epi.csv NeighborSum 16
0.0 -0.03563107912381 -5.12656 0.676692141 0.403193686 -69.58354402191216 ../testing_datasets/H3_epi.csv NeighborSum 16
0.0 -0.0036126719153056486 -5.4106 1.149109632 0.416671749 -57.171370269155744 ../testing_datasets/H3_epi.csv NeighborSum 16
0.0 0.047175381409575695 -2.74384 0.663963377 0.411535695 -38.809527131299056 ../testing_datasets/H3_epi.csv NeighborSum 16
0.0 0.03926900276767542 -2.92053 1.038341646 0.494932181 -43.443066311230844 ../testing_datasets/H3_epi.csv NeighborSum 16
0.0 0.004172015747162222 -6.71791 1.00931652 0.349881488 -51.13468153197279 ../testing_datasets/H3_epi.csv NeighborSum 16
0.0 0.06623924083277379 -1.92027 1.009611947 0.349563584 -32.42681619606542 ../testing_datasets/H3_epi.csv NeighborSum 16
0.0 0.09423997657563617 -1.81679 0.652709931 0.420269957 -20.719946854942606 ../testing_datasets/H3_epi.csv NeighborSum 16
0.0 0.08417339526573019 -0.51203 1.057207112 0.373279735 -27.371066120663038 ../testing_datasets/H3_epi.csv NeighborSum 16
0.0 0.11950723782697817 -0.09657 0.796349185 0.334679664 -12.385099488614399 ../testing_datasets/H3_epi.csv NeighborSum 16
0.0 0.05228117025754568 -1.49485 1.425720087 0.240282756 -38.905292046180705 ../testing_datasets/H3_epi.csv NeighborSum 16
0.0 0.03495594875921906 -3.73869 1.324051971 0.365272282 -43.62523541855206 ../testing_datasets/H3_epi.csv NeighborSum 16
0.0 0.09567292131262031 -2.59388 0.931263958 0.562063996 -20.875733351998612 ../testing_datasets/H3_epi.csv NeighborSum 16
0.0 0.06470631499959419 -5.61514 1.533873041 0.56157671 -30.750098888055444 ../testing_datasets/H3_epi.csv NeighborSum 16
0.0 0.11243970290774874 -2.13966 1.003082454 0.46457996 -13.939672110520306 ../testing_datasets/H3_epi.csv NeighborSum 16
0.0 0.0904152044981013 -2.37709 0.678620048 0.452984855 -21.828064720214726 ../testing_datasets/H3_epi.csv NeighborSum 16
0.0 0.11482818468121878 0.17981 0.75855219 0.380298829 -15.02214857144166 ../testing_datasets/H3_epi.csv NeighborSum 16
0.0 0.06740620326272241 -2.60548 1.338682007 0.414699532 -32.296707067686796 ../testing_datasets/H3_epi.csv NeighborSum 16
0.0 0.04151767591261726 -3.98847 1.177513617 0.379725251 -40.31183210530954 ../testing_datasets/H3_epi.csv NeighborSum 16
0.0 0.09118410859483617 -0.18059 0.609733531 0.568492374 -25.52807010130286 ../testing_datasets/H3_epi.csv NeighborSum 16
0.0 0.0810207155288013 -0.96669 0.57155383 0.511658692 -28.014136156374885 ../testing_datasets/H3_epi.csv NeighborSum 16
0.0 0.01165929112847075 -4.8795 1.200862802 0.394994434 -51.562910292049956 ../testing_datasets/H3_epi.csv NeighborSum 16
0.0 0.04464417044553355 -3.67725 1.102180344 0.534471882 -40.605402262102714 ../testing_datasets/H3_epi.csv NeighborSum 16
0.0 0.08959453192469662 -3.05186 0.423707349 0.616079463 -21.95430523433255 ../testing_datasets/H3_epi.csv NeighborSum 16
0.0 0.05126386090363494 -3.64711 0.798066441 0.45229618 -36.47170757581658 ../testing_datasets/H3_epi.csv NeighborSum 16
0.0 0.021203203319112268 -2.49425 1.225768266 0.457767935 -51.68313849910231 ../testing_datasets/H3_epi.csv NeighborSum 16
0.0 0.07721622021306708 -1.96038 0.760830503 0.599357063 -29.345998024998 ../testing_datasets/H3_epi.csv NeighborSum 16
0.0 0.0981727674798632 -1.69825 0.869511023 0.583571932 -21.17971694574809 ../testing_datasets/H3_epi.csv NeighborSum 16
0.0 0.05634893265787372 -1.71581 1.161003485 0.477452749 -38.27566649465691 ../testing_datasets/H3_epi.csv NeighborSum 16
0.0 0.07208367467573007 -4.23326 1.014349233 0.58835187 -28.67849261088856 ../testing_datasets/H3_epi.csv NeighborSum 16
0.0 0.11537095392743611 -1.06952 0.973275298 0.510262173 -14.602628860112043 ../testing_datasets/H3_epi.csv NeighborSum 16
0.0 0.11087079853898156 -2.15604 0.825378865 0.436412063 -13.894925645122763 ../testing_datasets/H3_epi.csv NeighborSum 16
0.0 0.08465425952503806 -2.29049 1.012759628 0.455058025 -25.16740141355598 ../testing_datasets/H3_epi.csv NeighborSum 16
0.0 0.11944065963470386 -1.02117 0.84322232 0.605456103 -13.482900821798397 ../testing_datasets/H3_epi.csv NeighborSum 16
0.0 0.1343320297302405 -0.29344 0.779412834 0.327122072 -5.85415431522502 ../testing_datasets/H3_epi.csv NeighborSum 16
0.0 0.13090716203385633 -2.65906 0.930594875 0.504854588 -5.70261844610447 ../testing_datasets/H3_epi.csv NeighborSum 16
0.0 0.1383034393075304 0.47193 0.379967836 0.436321724 -5.286647400792146 ../testing_datasets/H3_epi.csv NeighborSum 16
0.0 0.14527824254948749 0.8982 0.814016394 0.477707583 -4.424437975409916 ../testing_datasets/H3_epi.csv NeighborSum 16
0.0 0.14080706538836205 -0.2394 0.316414832 0.381706553 -2.5940221430544814 ../testing_datasets/H3_epi.csv NeighborSum 16
0.0 0.10596132034464825 -3.05671 0.933438646 0.267033665 -13.435080113892658 ../testing_datasets/H3_epi.csv NeighborSum 16
0.0 0.13101769973440797 -0.22077 0.309571582 0.477258311 -7.471352480760195 ../testing_datasets/H3_epi.csv NeighborSum 16
0.0 0.1003602732653309 -6.60376 0.879706311 0.437279676 -11.901781209080045 ../testing_datasets/H3_epi.csv NeighborSum 16
0.0 0.13181354162146028 -1.60209 0.53804943 0.617598402 -6.876272909606775 ../testing_datasets/H3_epi.csv NeighborSum 16
0.0 0.09293116432304213 -3.18765 1.011120086 0.4937018 -20.7571072481729 ../testing_datasets/H3_epi.csv NeighborSum 16
0.0 0.11799721350892153 1.14064 0.543627628 0.594920348 -16.416390930551824 ../testing_datasets/H3_epi.csv NeighborSum 16
0.0 0.09623090028955236 -1.32924 0.923468502 0.512895651 -22.05104316424017 ../testing_datasets/H3_epi.csv NeighborSum 16
0.0 0.094943454698667 -4.64228 0.882711911 0.41149199 -16.79219704556121 ../testing_datasets/H3_epi.csv NeighborSum 16
0.0 0.08146653594011308 -1.37019 1.186875898 0.566663894 -29.201016296804557 ../testing_datasets/H3_epi.csv NeighborSum 16
0.0 0.11555286744030022 -4.19771 0.442003714 0.573623731 -9.218123750191829 ../testing_datasets/H3_epi.csv NeighborSum 16
0.0 0.12923345535080452 -0.04808 0.120918225 0.498945978 -8.189197582548358 ../testing_datasets/H3_epi.csv NeighborSum 16
0.0 0.12948680220644326 -0.23083 0.221265229 0.420739764 -7.39549599527403 ../testing_datasets/H3_epi.csv NeighborSum 16
0.0 0.09683912650703422 -1.1378 0.975002954 0.383610335 -21.102866926468415 ../testing_datasets/H3_epi.csv NeighborSum 16
0.0 0.1004152959568584 -2.88341 0.657951648 0.566483721 -17.865018814788233 ../testing_datasets/H3_epi.csv NeighborSum 16
0.0 0.1310526683561022 0.04784 0.203960544 0.465709462 -7.494177364144395 ../testing_datasets/H3_epi.csv NeighborSum 16
0.0 0.11544787607134702 -0.60415 0.731130699 0.394561194 -13.677527534270535 ../testing_datasets/H3_epi.csv NeighborSum 16
0.0 0.07810045294787823 -2.186 1.374086679 0.543240415 -29.65990592326189 ../testing_datasets/H3_epi.csv NeighborSum 16
0.0 0.11437153972323383 -2.75189 0.575827981 0.618551087 -12.521927381145822 ../testing_datasets/H3_epi.csv NeighborSum 16
0.0 0.1533884625817067 -0.06371 0.784631442 0.593738037 -0.5801472980185262 ../testing_datasets/H3_epi.csv NeighborSum 16
0.0 0.1490587367716382 0.79046 0.404721355 0.564438746 -2.4479657156975723 ../testing_datasets/H3_epi.csv NeighborSum 16
0.0 0.14471850892561416 -0.45849 0.605313959 0.547516672 -2.766518346430285 ../testing_datasets/H3_epi.csv NeighborSum 16
0.0 0.12706676574678957 -2.05804 1.121181829 0.42045763 -7.9127481050193955 ../testing_datasets/H3_epi.csv NeighborSum 16
0.0 0.12146569333237828 -2.46537 0.866287947 0.475436489 -9.488195221332209 ../testing_datasets/H3_epi.csv NeighborSum 16
0.0 0.12960004923419566 -3.09908 0.225781842 0.598960413 -4.694759448144151 ../testing_datasets/H3_epi.csv NeighborSum 16
0.0 0.1215358540873676 -1.20107 0.65672676 0.55870095 -11.503043369622487 ../testing_datasets/H3_epi.csv NeighborSum 16
0.0 0.08557328735787312 -3.42813 1.183858458 0.437388659 -23.39266063821079 ../testing_datasets/H3_epi.csv NeighborSum 16
0.0 0.10337750746196817 -1.69757 0.617009927 0.583953198 -18.416724525145256 ../testing_datasets/H3_epi.csv NeighborSum 16
0.0 0.12084733690428359 0.14145 0.207435725 0.606864247 -13.066203269303179 ../testing_datasets/H3_epi.csv NeighborSum 16
0.0 0.0932950330160787 -2.03707 0.94038325 0.444806271 -21.696250758327665 ../testing_datasets/H3_epi.csv NeighborSum 16
0.0 0.07233207210804299 -4.7304 1.022230688 0.450382689 -26.69570062296765 ../testing_datasets/H3_epi.csv NeighborSum 16
0.0 0.10818198272181795 -2.53619 0.334850427 0.604359704 -14.694392689846463 ../testing_datasets/H3_epi.csv NeighborSum 16
0.0 0.11648889316799957 -0.12594 0.494418865 0.571118742 -14.872530814595192 ../testing_datasets/H3_epi.csv NeighborSum 16
0.0 0.07864834866200367 -3.83323 1.23377934 0.434192912 -25.76330887143324 ../testing_datasets/H3_epi.csv NeighborSum 16
0.0 0.09608359151544993 -2.3094 0.862137593 0.577173467 -21.081459129308186 ../testing_datasets/H3_epi.csv NeighborSum 16
0.0 0.12216110705673774 0.0807 0.770149767 0.638266368 -14.064972248274852 ../testing_datasets/H3_epi.csv NeighborSum 16
0.0 0.10848333401284746 -1.36635 0.858298918 0.500572512 -16.660676041789504 ../testing_datasets/H3_epi.csv NeighborSum 16
0.0 0.07437192809732046 -4.04703 1.183739322 0.439313535 -27.144640469656864 ../testing_datasets/H3_epi.csv NeighborSum 16
0.0 0.10563586395620775 -2.53589 1.040113198 0.593647392 -17.367557018595875 ../testing_datasets/H3_epi.csv NeighborSum 16
0.0 0.11805973496636953 -2.32882 0.8189937 0.622521708 -12.23478965963696 ../testing_datasets/H3_epi.csv NeighborSum 16
0.0 0.08225679350679073 -2.36208 1.058076775 0.482879744 -26.402400878864853 ../testing_datasets/H3_epi.csv NeighborSum 16
0.0 0.07619113561945622 -4.37304 1.126303504 0.514298648 -26.415035022615697 ../testing_datasets/H3_epi.csv NeighborSum 16
0.0 0.10993929940692307 -1.28578 1.033761289 0.637086279 -17.762472586790302 ../testing_datasets/H3_epi.csv NeighborSum 16
0.0 0.09601238442405319 -1.76027 0.857445172 0.581951777 -21.94081660306813 ../testing_datasets/H3_epi.csv NeighborSum 16
0.0 0.05692443309014461 -4.75711 1.674021396 0.460665884 -34.70417048007905 ../testing_datasets/H3_epi.csv NeighborSum 16
0.0 0.08702048062469545 -4.41633 0.973501852 0.591731843 -22.15641198022449 ../testing_datasets/H3_epi.csv NeighborSum 16
0.0 0.10311909751302546 -2.95255 1.022611663 0.633192194 -18.09637394727884 ../testing_datasets/H3_epi.csv NeighborSum 16
0.0 0.07019707282265697 -4.01106 1.066444429 0.456087844 -28.784210417600843 ../testing_datasets/H3_epi.csv NeighborSum 16
0.0 0.06317196839477286 -3.00875 1.044997612 0.490030666 -33.39128961580888 ../testing_datasets/H3_epi.csv NeighborSum 16
0.0 0.10298559400168826 -1.36355 0.79112984 0.614803357 -19.750623562264707 ../testing_datasets/H3_epi.csv NeighborSum 16
0.0 0.09498122508155754 -4.80221 0.860397633 0.544333849 -17.619924124009405 ../testing_datasets/H3_epi.csv NeighborSum 16
0.0 0.059930295435391495 -3.31862 1.256955553 0.412356109 -34.134533218640065 ../testing_datasets/H3_epi.csv NeighborSum 16
0.0 0.08119522155058262 -3.5095 0.706950877 0.566876072 -25.032875511373966 ../testing_datasets/H3_epi.csv NeighborSum 16
0.0 0.10004437777492808 -0.0153 0.797042168 0.635124982 -23.12141202075623 ../testing_datasets/H3_epi.csv NeighborSum 16
0.0 0.07471734457793942 0.55593 0.973929637 0.491812211 -33.65050864776216 ../testing_datasets/H3_epi.csv NeighborSum 16
0.0 0.05035384567601947 -3.80654 0.694254731 0.425811019 -36.13902189514371 ../testing_datasets/H3_epi.csv NeighborSum 16
0.0 0.08307968005576763 -1.54641 0.891798479 0.586719497 -27.731544356866507 ../testing_datasets/H3_epi.csv NeighborSum 16
0.0 0.0751675989402204 -5.08613 1.261879668 0.551305233 -26.44285011245576 ../testing_datasets/H3_epi.csv NeighborSum 16
0.0 0.02740747920601104 -4.64777 0.820562394 0.449131647 -44.918728680388625 ../testing_datasets/H3_epi.csv NeighborSum 16
0.0 0.05265719886030967 -1.68062 1.040108166 0.498811407 -39.744341391877526 ../testing_datasets/H3_epi.csv NeighborSum 16
0.0 0.07601171457127426 -2.78645 0.869979244 0.521583404 -28.243072773884396 ../testing_datasets/H3_epi.csv NeighborSum 16
0.0 0.04029304985277518 -3.22231 1.179757521 0.378793401 -41.933413399414455 ../testing_datasets/H3_epi.csv NeighborSum 16
0.0 0.006996215046751769 -4.34332 0.601591722 0.464461998 -53.41401822089708 ../testing_datasets/H3_epi.csv NeighborSum 16
0.0 0.051654181798390986 -3.20198 1.083122381 0.536047447 -38.36285393098988 ../testing_datasets/H3_epi.csv NeighborSum 16
0.0 0.04975443732525631 -6.21378 1.006637211 0.307794794 -32.630498460826765 ../testing_datasets/H3_epi.csv NeighborSum 16
0.0 0.015198928160001887 -2.78339 0.432581259 0.422469544 -51.52462749741293 ../testing_datasets/H3_epi.csv NeighborSum 16
0.0 0.019914733859405565 -2.68834 0.611989681 0.553563832 -51.261162132226865 ../testing_datasets/H3_epi.csv NeighborSum 16
0.0 0.04618954146128133 -2.1739 1.058319156 0.455904878 -41.382236341653844 ../testing_datasets/H3_epi.csv NeighborSum 16
0.0 0.036019799445424314 -2.87977 0.667925035 0.407145028 -43.202816308486824 ../testing_datasets/H3_epi.csv NeighborSum 16
0.0 -0.004937358373110101 -4.21333 0.345201153 0.470765546 -57.97704042542209 ../testing_datasets/H3_epi.csv NeighborSum 16
0.0 0.02072989067118057 -3.98978 1.059536526 0.491412183 -49.58217148791506 ../testing_datasets/H3_epi.csv NeighborSum 16
0.0 0.0360583332240202 -2.81077 0.794924622 0.385400415 -43.41024520122891 ../testing_datasets/H3_epi.csv NeighborSum 16
0.0 -0.0023720811681303133 -5.25553 0.70427318 0.437332735 -55.981274957190756 ../testing_datasets/H3_epi.csv NeighborSum 16
0.0 -0.022020607220234245 -3.32452 0.750990428 0.49708766 -67.55425427815315 ../testing_datasets/H3_epi.csv NeighborSum 16
0.0 0.020547032817795047 -2.71549 0.921750244 0.361690652 -50.07761066118664 ../testing_datasets/H3_epi.csv NeighborSum 16
0.0 0.029480016507895154 -4.78668 0.731156107 0.413983088 -43.34214963434292 ../testing_datasets/H3_epi.csv NeighborSum 16
0.0 -0.03392659982578358 -5.0761 0.687332561 0.456874455 -69.4340026797007 ../testing_datasets/H3_epi.csv NeighborSum 16
0.0 -0.0060539849313229754 -5.39295 1.128182407 0.4428872 -58.38037569535018 ../testing_datasets/H3_epi.csv NeighborSum 16
0.0 0.04416750344612293 -1.88965 0.651141511 0.46636381 -41.73589865336188 ../testing_datasets/H3_epi.csv NeighborSum 16
0.0 0.026407820691626005 -3.8445 1.092719543 0.450734477 -47.17712640840812 ../testing_datasets/H3_epi.csv NeighborSum 16
0.0 -0.0033785809055057736 -7.82524 1.012464666 0.427269469 -53.31308312658429 ../testing_datasets/H3_epi.csv NeighborSum 16
0.0 0.05499470547960156 -3.80103 1.015872496 0.393047444 -34.726177631981756 ../testing_datasets/H3_epi.csv NeighborSum 16
0.0 0.08274292818036748 -2.00459 0.711453749 0.463939507 -25.720845523090166 ../testing_datasets/H3_epi.csv NeighborSum 16
0.0 0.06878047183869232 -3.6809 1.115958164 0.485260775 -30.22044612770242 ../testing_datasets/H3_epi.csv NeighborSum 16
0.0 0.10719967856797623 -0.25187 0.823143494 0.414461947 -17.99889902900024 ../testing_datasets/H3_epi.csv NeighborSum 16
0.0 0.048009157536330324 -2.19764 1.451526067 0.296096304 -40.18720439285058 ../testing_datasets/H3_epi.csv NeighborSum 16
0.0 0.038081565869584014 -2.86952 1.312299207 0.48675974 -44.60366162088903 ../testing_datasets/H3_epi.csv NeighborSum 16
0.0 0.09555896507017497 -2.86086 0.912711905 0.56537855 -20.516926706411112 ../testing_datasets/H3_epi.csv NeighborSum 16
0.0 0.060996748787909005 -6.19442 1.516847775 0.560533917 -31.391450077689033 ../testing_datasets/H3_epi.csv NeighborSum 16
0.0 0.11406047073043885 -1.96319 0.97506998 0.460823665 -13.42595724137751 ../testing_datasets/H3_epi.csv NeighborSum 16
0.0 0.0976219178891248 -2.92345 0.620981734 0.470468653 -18.05650174341069 ../testing_datasets/H3_epi.csv NeighborSum 16
0.0 0.12516234460425177 0.75182 0.657617848 0.419822546 -11.668699220984415 ../testing_datasets/H3_epi.csv NeighborSum 16
0.0 0.08873131053504979 -1.66416 1.255474233 0.361532806 -24.184698872138934 ../testing_datasets/H3_epi.csv NeighborSum 16
0.0 0.044446693759547934 -4.2178 1.196279444 0.388813265 -38.88750144778042 ../testing_datasets/H3_epi.csv NeighborSum 16
0.0 0.09307424616275688 -0.67915 0.607995014 0.582008488 -24.129383689380575 ../testing_datasets/H3_epi.csv NeighborSum 16
0.0 0.08572172840214076 -1.10036 0.550428197 0.513791627 -25.839637563577472 ../testing_datasets/H3_epi.csv NeighborSum 16
0.0 0.014536020866388555 -5.2012 1.184196075 0.392317454 -49.83954019329722 ../testing_datasets/H3_epi.csv NeighborSum 16
0.0 0.04762672751762621 -2.74257 1.096636703 0.534449489 -40.719450419801575 ../testing_datasets/H3_epi.csv NeighborSum 16
0.0 0.09824746659503014 -1.89528 0.408940997 0.621989157 -20.072042329120304 ../testing_datasets/H3_epi.csv NeighborSum 16
0.0 0.0604034541942869 -3.32553 0.729475299 0.462519736 -33.07682151738463 ../testing_datasets/H3_epi.csv NeighborSum 16
0.0 0.02304605689641935 -3.22984 1.268900122 0.431765031 -49.7308862504319 ../testing_datasets/H3_epi.csv NeighborSum 16
0.0 0.08134507596945076 -3.00248 0.702256702 0.594060732 -25.930001876951447 ../testing_datasets/H3_epi.csv NeighborSum 16
0.0 0.1049719186976142 -1.97056 0.87665334 0.578834163 -17.94435884567748 ../testing_datasets/H3_epi.csv NeighborSum 16
0.0 0.055098781791841744 -1.88963 1.150906151 0.44943011 -38.27692915477001 ../testing_datasets/H3_epi.csv NeighborSum 16
0.0 0.06517973834360105 -4.84453 0.975306772 0.579266 -30.47408204437475 ../testing_datasets/H3_epi.csv NeighborSum 16
0.0 0.11025225391564608 1.07773 0.923744322 0.520739632 -19.821737099618108 ../testing_datasets/H3_epi.csv NeighborSum 16
0.0 0.10274686952913406 -1.05014 0.83649241 0.365010035 -18.290358901708302 ../testing_datasets/H3_epi.csv NeighborSum 16
0.0 0.06992381163706178 -2.52051 1.09437991 0.407446563 -30.724170553530474 ../testing_datasets/H3_epi.csv NeighborSum 16
0.0 0.09029856043323163 -0.65501 0.708683209 0.612620955 -25.818535523184654 ../testing_datasets/H3_epi.csv NeighborSum 16
0.0 0.11287678693041786 -1.97508 0.593224647 0.392259914 -12.389578974493883 ../testing_datasets/H3_epi.csv NeighborSum 16
0.0 0.11651864425265446 -3.57439 0.857243788 0.556167087 -10.584967493903525 ../testing_datasets/H3_epi.csv NeighborSum 16
0.0 0.12010377236094892 -0.00559 0.31878471 0.380062688 -11.499327900816978 ../testing_datasets/H3_epi.csv NeighborSum 16
0.0 0.12999824162558657 -2.62371 0.760981142 0.439272669 -5.1611863047987265 ../testing_datasets/H3_epi.csv NeighborSum 16
0.0 0.13378102929316552 -0.21843 0.207246088 0.414991602 -5.5525431057507175 ../testing_datasets/H3_epi.csv NeighborSum 16
0.0 0.11198863820878405 -0.96302 0.779605479 0.314603852 -14.023694933733577 ../testing_datasets/H3_epi.csv NeighborSum 16
0.0 0.11692922495920749 -0.73868 0.252588801 0.493516488 -12.550191911803758 ../testing_datasets/H3_epi.csv NeighborSum 16
0.0 0.0867398013614525 -5.45621 0.707217285 0.364622847 -18.178158689571898 ../testing_datasets/H3_epi.csv NeighborSum 16
0.0 0.11261170997940036 -3.10496 0.204689558 0.601322518 -11.689577768550741 ../testing_datasets/H3_epi.csv NeighborSum 16
0.0 0.07953544644234561 -4.12046 1.04134297 0.487016267 -24.960329785790968 ../testing_datasets/H3_epi.csv NeighborSum 16
0.0 0.10006496083223285 -2.06128 0.595059183 0.57918101 -19.164280182391767 ../testing_datasets/H3_epi.csv NeighborSum 16
0.0 0.09030934373745245 -0.31143 0.931770858 0.502247853 -25.916372744602512 ../testing_datasets/H3_epi.csv NeighborSum 16
0.0 0.08882455648746365 -4.28469 0.872256556 0.432441566 -20.000158771488373 ../testing_datasets/H3_epi.csv NeighborSum 16
0.0 0.08271612318723019 -1.25944 1.212739305 0.584495518 -29.059519312673356 ../testing_datasets/H3_epi.csv NeighborSum 16
0.0 0.11321947285604049 -4.81659 0.426957457 0.57182225 -9.230246179652987 ../testing_datasets/H3_epi.csv NeighborSum 16
0.0 0.12730574570443848 -0.53857 0.092517369 0.496861171 -8.185732941614377 ../testing_datasets/H3_epi.csv NeighborSum 16
0.0 0.1258995923152725 -0.1696 0.261605919 0.389021693 -8.797966999735465 ../testing_datasets/H3_epi.csv NeighborSum 16
0.0 0.09731206595237193 -1.14458 1.005179347 0.391918259 -21.04101005691124 ../testing_datasets/H3_epi.csv NeighborSum 16
0.0 0.10090648645437285 -2.80542 0.655162333 0.520932103 -17.3808791402849 ../testing_datasets/H3_epi.csv NeighborSum 16
0.0 0.12522150109957433 -0.35188 0.205533792 0.468353003 -9.352267020188776 ../testing_datasets/H3_epi.csv NeighborSum 16
0.0 0.1125976429249236 -1.76164 0.757078726 0.392518945 -13.215741736938568 ../testing_datasets/H3_epi.csv NeighborSum 16
0.0 0.0767803981421944 -1.87786 1.355263093 0.3525717 -28.98732643952967 ../testing_datasets/H3_epi.csv NeighborSum 16
0.0 0.12164230801352477 -0.61363 0.484034328 0.641637324 -12.602647144186056 ../testing_datasets/H3_epi.csv NeighborSum 16
1.0 0.11416703041780527 -4.75777 0.70281483 0.69905717 -10.675245300691698 ../testing_datasets/H3_epi.csv NeighborSum 16
1.0 0.11695733873295419 -1.29402 0.211964021 0.647833971 -12.943840979959491 ../testing_datasets/H3_epi.csv NeighborSum 16
0.0 0.10385840371146851 -1.45537 0.612367541 0.483448964 -17.70405444691218 ../testing_datasets/H3_epi.csv NeighborSum 16
0.0 0.095726883504081 -3.89779 1.196666614 0.428008725 -18.454824168136984 ../testing_datasets/H3_epi.csv NeighborSum 16
1.0 0.11257365707458357 -2.7384 0.715100347 0.579302426 -13.289611689674677 ../testing_datasets/H3_epi.csv NeighborSum 16
1.0 0.11727794391995888 -3.62681 0.115711929 0.595265533 -8.729366896004993 ../testing_datasets/H3_epi.csv NeighborSum 16
0.0 0.11166117079525816 -1.29095 0.690582744 0.501678063 -15.057595244604952 ../testing_datasets/H3_epi.csv NeighborSum 16
1.0 0.11441399825426915 -3.75295 1.196403002 0.476626621 -11.34130257488911 ../testing_datasets/H3_epi.csv NeighborSum 16
1.0 0.1316101699826179 -2.54344 0.483154326 0.679766952 -5.984133213421631 ../testing_datasets/H3_epi.csv NeighborSum 16
1.0 0.14464555834148682 0.51657 0.130677272 0.627926417 -3.752077459866385 ../testing_datasets/H3_epi.csv NeighborSum 16
0.0 0.13145322797160097 -0.9336 0.943695555 0.451696998 -7.5713941372862985 ../testing_datasets/H3_epi.csv NeighborSum 16
1.0 0.14432260990336568 -1.79045 0.958617728 0.546161722 -1.833487209667877 ../testing_datasets/H3_epi.csv NeighborSum 16
1.0 0.15067150066887244 -1.32404 0.262675306 0.630650387 1.0833784184761213 ../testing_datasets/H3_epi.csv NeighborSum 16
0.0 0.1497505737729432 0.18962 0.539623645 0.504267199 -1.1004205900612187 ../testing_datasets/H3_epi.csv NeighborSum 16
0.0 0.1483409034514535 -2.26927 1.223431364 0.481973491 0.4328303942952768 ../testing_datasets/H3_epi.csv NeighborSum 16
1.0 0.16865714353154215 1.60892 0.815664173 0.630753393 2.913405110643584 ../testing_datasets/H3_epi.csv NeighborSum 16
0.0 0.1741106305785094 -0.31093 0.760532859 0.78011504 6.832927359876896 ../testing_datasets/H3_epi.csv NeighborSum 16
1.0 0.1708277678061074 0.0206 0.854286305 0.730994594 5.181041650358286 ../testing_datasets/H3_epi.csv NeighborSum 16
1.0 0.1696543699202855 0.38414 1.153800785 0.749115592 3.2848841189660094 ../testing_datasets/H3_epi.csv NeighborSum 16
1.0 0.15401852916901915 -0.37162 1.042818155 0.578004096 -0.36230592717968435 ../testing_datasets/H3_epi.csv NeighborSum 16
0.0 0.17079020775074705 -1.01975 0.812858912 0.74782007 6.639441406088631 ../testing_datasets/H3_epi.csv NeighborSum 16
0.0 0.14974987868535605 -3.49857 1.048833101 0.623264499 2.0291607832454783 ../testing_datasets/H3_epi.csv NeighborSum 16
0.0 0.17114910673250747 2.34185 1.118867783 0.657316866 1.9156432211182965 ../testing_datasets/H3_epi.csv NeighborSum 16
0.0 0.1544547962681716 1.81148 1.004286968 0.666177814 -4.021456665379089 ../testing_datasets/H3_epi.csv NeighborSum 16
0.0 0.13140405162585864 -0.82393 0.864627887 0.666824629 -9.390936034242438 ../testing_datasets/H3_epi.csv NeighborSum 16
0.0 0.078538274330908 -2.21698 1.682866623 0.363254491 -28.650094336644784 ../testing_datasets/H3_epi.csv NeighborSum 16
0.0 0.12146793165081697 -0.0665 0.973980498 0.403111979 -12.630091665341576 ../testing_datasets/H3_epi.csv NeighborSum 16
0.0 0.12150650263180364 -1.59397 1.019964963 0.435621943 -10.775379058753245 ../testing_datasets/H3_epi.csv NeighborSum 16
0.0 0.14681027557199444 -0.5896 1.080741775 0.511120366 -2.551937476902532 ../testing_datasets/H3_epi.csv NeighborSum 16
0.0 0.1419898249378891 -1.46618 1.026439054 0.565670623 -3.6026314980033325 ../testing_datasets/H3_epi.csv NeighborSum 16
0.0 0.15900766215113066 -0.25813 0.783120339 0.570654191 2.230188949353327 ../testing_datasets/H3_epi.csv NeighborSum 16
0.0 0.1574605462902524 -1.41549 0.87491363 0.640544341 2.459537465847245 ../testing_datasets/H3_epi.csv NeighborSum 16
0.0 0.1547427084284736 1.21723 1.273974642 0.639236861 -3.460332073639883 ../testing_datasets/H3_epi.csv NeighborSum 16
0.0 0.13612967491960823 -2.39566 0.698662507 0.6397586 -4.510075138628122 ../testing_datasets/H3_epi.csv NeighborSum 16
0.0 0.13946485901461647 -0.94351 0.806137062 0.596440879 -5.138010000732204 ../testing_datasets/H3_epi.csv NeighborSum 16
0.0 0.11195120200749353 -2.80478 0.999791515 0.541202652 -13.816426509585597 ../testing_datasets/H3_epi.csv NeighborSum 16
0.0 0.08638191092409096 0.05205 0.723010869 0.429522132 -26.9475127756889 ../testing_datasets/H3_epi.csv NeighborSum 16
0.0 0.11222716776240597 -2.47256 0.9134052 0.493951519 -13.57493741966557 ../testing_datasets/H3_epi.csv NeighborSum 16
0.0 0.10683630440174255 -4.09892 1.177075753 0.602264421 -14.99708781934759 ../testing_datasets/H3_epi.csv NeighborSum 16
0.0 0.04276518057681722 -5.40796 0.866090372 0.447345866 -37.54639647276668 ../testing_datasets/H3_epi.csv NeighborSum 16
0.0 0.061570535296239015 -5.7612 1.040738514 0.382127 -29.1128953749986 ../testing_datasets/H3_epi.csv NeighborSum 16
0.0 0.0973716592346856 -3.20132 0.883922457 0.544771566 -19.02480557382783 ../testing_datasets/H3_epi.csv NeighborSum 16
0.0 0.05659333802100831 -3.80354 1.192942461 0.423177569 -34.74623926633759 ../testing_datasets/H3_epi.csv NeighborSum 16
0.0 0.015520243314584209 -4.44307 0.598159525 0.403076121 -49.20824329669705 ../testing_datasets/H3_epi.csv NeighborSum 16
0.0 0.07447868158201033 -4.42333 1.063868523 0.531204229 -27.043334320361048 ../testing_datasets/H3_epi.csv NeighborSum 16
0.0 0.09363221148425044 -1.52687 1.020103694 0.530667803 -23.224476691546116 ../testing_datasets/H3_epi.csv NeighborSum 16
0.0 0.04269641944659949 -2.32609 0.436271469 0.437249809 -40.940092948577785 ../testing_datasets/H3_epi.csv NeighborSum 16
0.0 0.05419361500061273 -1.10892 0.535295504 0.46735749 -38.450220115663996 ../testing_datasets/H3_epi.csv NeighborSum 16
0.0 0.1043887170443131 -1.28695 1.043296385 0.624816382 -19.977798830513674 ../testing_datasets/H3_epi.csv NeighborSum 16
0.0 0.09560478166479855 -3.82857 0.716735645 0.489040682 -17.96234862966026 ../testing_datasets/H3_epi.csv NeighborSum 16
0.0 0.05337345108478739 -5.14881 0.332333688 0.449105671 -32.25271531307921 ../testing_datasets/H3_epi.csv NeighborSum 16
0.0 0.09059337189614537 -1.62541 0.984743405 0.469638647 -23.733979330357776 ../testing_datasets/H3_epi.csv NeighborSum 16
0.0 0.11869041096775751 -1.30478 0.827641358 0.603729944 -13.327621407347792 ../testing_datasets/H3_epi.csv NeighborSum 16
0.0 0.09200057485648508 -2.93369 0.752629948 0.500263238 -20.94193016550835 ../testing_datasets/H3_epi.csv NeighborSum 16
0.0 0.07473702162519172 -2.75751 0.760721617 0.439325834 -27.84813370106073 ../testing_datasets/H3_epi.csv NeighborSum 16
0.0 0.12108348644421134 -1.34156 0.993678795 0.579146798 -12.476352903815116 ../testing_datasets/H3_epi.csv NeighborSum 16
0.0 0.12390282684973505 -2.12549 0.800457834 0.606546749 -9.930861471687436 ../testing_datasets/H3_epi.csv NeighborSum 16
0.0 0.08781112195825512 -3.61401 0.704684042 0.481717532 -21.410760680300907 ../testing_datasets/H3_epi.csv NeighborSum 16
0.0 0.10563030237689508 -2.19707 1.140684827 0.421130542 -16.639325386989878 ../testing_datasets/H3_epi.csv NeighborSum 16
0.0 0.13361793731436658 0.85552 0.70700435 0.571915455 -9.732834192761228 ../testing_datasets/H3_epi.csv NeighborSum 16
0.0 0.12355794598518281 -1.46995 1.090830856 0.551696943 -11.266443842703158 ../testing_datasets/H3_epi.csv NeighborSum 16
0.0 0.10354604361622206 -4.86162 1.013050303 0.439234554 -13.462388337630593 ../testing_datasets/H3_epi.csv NeighborSum 16
0.0 0.12446527668003729 -4.15352 0.997334168 0.460810882 -5.978175592737807 ../testing_datasets/H3_epi.csv NeighborSum 16
0.0 0.13467398087669313 -1.95822 0.700903709 0.614625217 -5.542106615509992 ../testing_datasets/H3_epi.csv NeighborSum 16
0.0 0.12210463143604784 -0.48431 1.057297943 0.509948747 -12.868584352963081 ../testing_datasets/H3_epi.csv NeighborSum 16
0.0 0.11258144999382785 -0.54065 0.801095412 0.454936861 -15.640474689392917 ../testing_datasets/H3_epi.csv NeighborSum 16
0.0 0.11896757529982019 -2.17009 1.414119983 0.499189536 -12.483245903991017 ../testing_datasets/H3_epi.csv NeighborSum 16
0.0 0.12494851877386605 -0.71104 1.320760203 0.602191007 -12.784188999655134 ../testing_datasets/H3_epi.csv NeighborSum 16
0.0 0.10368280592517407 -3.95962 1.078336037 0.518546851 -15.554076392343063 ../testing_datasets/H3_epi.csv NeighborSum 16
0.0 0.10153215652227857 -1.45186 1.527139493 0.457961345 -20.67297164693269 ../testing_datasets/H3_epi.csv NeighborSum 16
0.0 0.1030532363018189 -2.32088 0.995512046 0.525460049 -18.061956190517776 ../testing_datasets/H3_epi.csv NeighborSum 16
0.0 0.10079067448540996 -7.53053 0.809259689 0.603318369 -11.614813165663165 ../testing_datasets/H3_epi.csv NeighborSum 16
0.0 0.08992503103184661 -2.73052 0.661070452 0.549756481 -22.296849845016002 ../testing_datasets/H3_epi.csv NeighborSum 16
0.0 0.09008264799419094 -4.30751 1.286137987 0.580807725 -21.711982115043643 ../testing_datasets/H3_epi.csv NeighborSum 16
0.0 0.10043584657301949 -1.72581 1.206935439 0.634181451 -21.451142877014362 ../testing_datasets/H3_epi.csv NeighborSum 16
0.0 0.09063783278766407 -1.18195 0.629992918 0.619746482 -24.779717062480966 ../testing_datasets/H3_epi.csv NeighborSum 16
0.0 0.09373488302344651 -2.64982 0.537023876 0.62398496 -21.168005923520248 ../testing_datasets/H3_epi.csv NeighborSum 16
0.0 0.09901418417933093 -3.12395 1.163806547 0.628880946 -19.851799731049063 ../testing_datasets/H3_epi.csv NeighborSum 16
0.0 0.08988861720260069 -3.51753 1.138946126 0.579603666 -22.57698631606738 ../testing_datasets/H3_epi.csv NeighborSum 16
0.0 0.09048584689994865 -3.43685 0.433889401 0.575833243 -20.70610232728191 ../testing_datasets/H3_epi.csv NeighborSum 16
0.0 0.10724229934443455 -1.85087 0.753158473 0.620360106 -17.232817561214414 ../testing_datasets/H3_epi.csv NeighborSum 16
0.0 0.09502070303029253 -3.30034 1.307695958 0.541796192 -20.85585335090871 ../testing_datasets/H3_epi.csv NeighborSum 16
0.0 0.093213966021382 -1.83852 0.821615474 0.460142172 -21.86190594390504 ../testing_datasets/H3_epi.csv NeighborSum 16
0.0 0.1047304531193631 -2.82625 0.867244679 0.563614512 -16.644486721252594 ../testing_datasets/H3_epi.csv NeighborSum 16
0.0 0.11380141127277169 -0.99022 1.13120506 0.501806143 -15.6790126280511 ../testing_datasets/H3_epi.csv NeighborSum 16
0.0 0.09699512270531117 -6.09864 0.951889434 0.560343008 -15.253990859259615 ../testing_datasets/H3_epi.csv NeighborSum 16
0.0 0.11990088328730075 5.26967 0.825507389 0.413718163 -20.78894743449059 ../testing_datasets/H3_epi.csv NeighborSum 16
0.0 0.13112004352519863 3.39804 0.793110125 0.251239882 -11.95334438083313 ../testing_datasets/H3_epi.csv NeighborSum 16
0.0 0.1169922529209716 -3.83505 1.031493409 0.607399108 -10.867275513182955 ../testing_datasets/H3_epi.csv NeighborSum 16
0.0 0.10471417547835901 -2.42327 0.864759332 0.541983715 -17.04860806199605 ../testing_datasets/H3_epi.csv NeighborSum 16
0.0 0.11690481432221445 -4.71313 0.61270284 0.33415347 -6.282536735263253 ../testing_datasets/H3_epi.csv NeighborSum 16
0.0 0.10443732885137527 -4.36946 0.884873647 0.462233314 -13.695884666050292 ../testing_datasets/H3_epi.csv NeighborSum 16
0.0 0.11060097764589671 -0.29921 0.640065215 0.254434063 -14.71569444532459 ../testing_datasets/H3_epi.csv NeighborSum 16
0.0 0.1052602482124119 -1.95715 0.851685847 0.316120234 -15.54802986076268 ../testing_datasets/H3_epi.csv NeighborSum 16
0.0 0.12083319092092225 -2.09951 0.348089293 0.261316096 -7.204941046274371 ../testing_datasets/H3_epi.csv NeighborSum 16
0.0 0.09718772698840673 -2.13756 0.862810622 0.335489908 -18.819447592717946 ../testing_datasets/H3_epi.csv NeighborSum 16
0.0 0.10731632052438266 -0.64753 0.592361004 0.502324198 -17.562127214451436 ../testing_datasets/H3_epi.csv NeighborSum 16
0.0 0.0880401808381145 -5.0457 0.872087436 0.403206386 -18.966236424737886 ../testing_datasets/H3_epi.csv NeighborSum 16
0.0 0.10976298992381828 -2.30736 0.212941744 0.541336978 -13.541446217632329 ../testing_datasets/H3_epi.csv NeighborSum 16
0.0 0.09685774430863166 -3.20706 1.046359446 0.614300241 -20.214758173753108 ../testing_datasets/H3_epi.csv NeighborSum 16
0.0 0.11847964333005834 -4.24697 0.561512033 0.590431103 -8.367154795866668 ../testing_datasets/H3_epi.csv NeighborSum 16
0.0 0.11935116456134257 -4.26129 0.924414753 0.661403561 -9.46916154025031 ../testing_datasets/H3_epi.csv NeighborSum 16
0.0 0.1278506988465383 -1.33014 0.847142193 0.583158969 -9.369810558882975 ../testing_datasets/H3_epi.csv NeighborSum 16
0.0 0.10941735162591615 -0.00773 1.19843548 0.69259174 -20.713465589787397 ../testing_datasets/H3_epi.csv NeighborSum 16
0.0 0.1278520924184296 -4.68592 0.445627454 0.616167129 -3.784452965893705 ../testing_datasets/H3_epi.csv NeighborSum 16
0.0 0.13066177386203948 -2.16794 0.155453728 0.548487042 -5.012578681418415 ../testing_datasets/H3_epi.csv NeighborSum 16
0.0 0.1312880665763064 0.10503 0.29890498 0.508037714 -8.070493721147814 ../testing_datasets/H3_epi.csv NeighborSum 16
0.0 0.11363849452397615 -1.88707 0.885523229 0.50698248 -13.88745174590872 ../testing_datasets/H3_epi.csv NeighborSum 16
0.0 0.11637873237555052 -2.67076 0.693656821 0.591047054 -11.860622406250707 ../testing_datasets/H3_epi.csv NeighborSum 16
0.0 0.12981677602753242 -0.33149 0.530187444 0.53873164 -8.865197721804659 ../testing_datasets/H3_epi.csv NeighborSum 16
0.0 0.12530217557515477 -3.02644 0.883519866 0.452514967 -6.928310161038422 ../testing_datasets/H3_epi.csv NeighborSum 16
0.0 0.104008525973916 -4.0757 1.387089416 0.295413638 -14.099322975867246 ../testing_datasets/H3_epi.csv NeighborSum 16
1.0 0.12465018659297519 -1.53205 0.778761919 0.681401239 -11.071074655961173 ../testing_datasets/H3_epi.csv NeighborSum 16
1.0 0.11640811285386651 -4.91755 0.859310583 0.702726693 -9.924920265136532 ../testing_datasets/H3_epi.csv NeighborSum 16
1.0 0.11898268755335015 -1.27514 0.297774008 0.643291799 -12.302076026288463 ../testing_datasets/H3_epi.csv NeighborSum 16
0.0 0.10511958127945481 -1.29311 0.63965973 0.479991183 -17.45512357563253 ../testing_datasets/H3_epi.csv NeighborSum 16
0.0 0.09741106452544832 -3.85198 1.182778761 0.425444972 -17.768750916182626 ../testing_datasets/H3_epi.csv NeighborSum 16
1.0 0.11490988449652376 -2.85527 0.804572899 0.583190318 -12.401836638133188 ../testing_datasets/H3_epi.csv NeighborSum 16
1.0 0.11927852761262256 -3.44489 0.209785592 0.591967233 -8.366171772009064 ../testing_datasets/H3_epi.csv NeighborSum 16
0.0 0.11309650401137304 -1.25972 0.710732654 0.48401853 -14.407336890601629 ../testing_datasets/H3_epi.csv NeighborSum 16
1.0 0.11621032430852438 -3.69254 1.229652285 0.474846113 -10.751009336701792 ../testing_datasets/H3_epi.csv NeighborSum 16
1.0 0.13221661151895453 -2.40279 0.546764592 0.681350678 -6.105752387860201 ../testing_datasets/H3_epi.csv NeighborSum 16
1.0 0.14557721303099055 0.43991 0.148827361 0.631045646 -3.325086547034897 ../testing_datasets/H3_epi.csv NeighborSum 16
0.0 0.13302010469765288 -1.08336 0.988284263 0.434100289 -6.662577559938486 ../testing_datasets/H3_epi.csv NeighborSum 16
1.0 0.145151644400008 -1.6756 0.97372298 0.544192875 -1.6775061042350332 ../testing_datasets/H3_epi.csv NeighborSum 16
1.0 0.1501573584092979 -1.69697 0.267811892 0.632829896 1.3831807364349027 ../testing_datasets/H3_epi.csv NeighborSum 16
0.0 0.14985577250724463 -0.40057 0.525778473 0.436773712 0.4115810964985822 ../testing_datasets/H3_epi.csv NeighborSum 16
0.0 0.15006344333868257 -1.98033 1.253416225 0.487119349 0.6083586035615082 ../testing_datasets/H3_epi.csv NeighborSum 16
1.0 0.16844187475163083 1.59349 0.812587298 0.627322263 2.883424613050593 ../testing_datasets/H3_epi.csv NeighborSum 16
0.0 0.17292060930767333 -0.21564 0.750926705 0.78332428 6.197219942018783 ../testing_datasets/H3_epi.csv NeighborSum 16
1.0 0.1703681526354205 -0.03585 0.896655797 0.739252699 4.900033578097158 ../testing_datasets/H3_epi.csv NeighborSum 16
1.0 0.166686013266055 0.38713 1.164038449 0.703406116 2.415625742103953 ../testing_datasets/H3_epi.csv NeighborSum 16
1.0 0.15388055337952022 -0.38731 1.014292453 0.540255779 -0.0061375166115878645 ../testing_datasets/H3_epi.csv NeighborSum 16
0.0 0.16760023077008013 -1.57996 0.823902963 0.748905845 6.099277119586327 ../testing_datasets/H3_epi.csv NeighborSum 16
0.0 0.14402473350208334 -4.22743 1.050005639 0.553238002 1.3142950081929328 ../testing_datasets/H3_epi.csv NeighborSum 16
0.0 0.16815608306234248 2.68302 1.118057678 0.644745921 0.2878744969601688 ../testing_datasets/H3_epi.csv NeighborSum 16
0.0 0.14485238062798167 2.00924 1.024392338 0.273106697 -4.98917163663888 ../testing_datasets/H3_epi.csv NeighborSum 16
0.0 0.13094448214117746 -0.82497 0.811640813 0.612915315 -8.992445949602994 ../testing_datasets/H3_epi.csv NeighborSum 16
0.0 0.0834795782660054 -2.29809 1.672334066 0.588790597 -28.379795080195724 ../testing_datasets/H3_epi.csv NeighborSum 16
0.0 0.1253858876344167 -0.11523 0.990691291 0.562892802 -12.337135381051782 ../testing_datasets/H3_epi.csv NeighborSum 16
0.0 0.1197945721758013 -1.85847 1.020979387 0.463587352 -11.339101449205726 ../testing_datasets/H3_epi.csv NeighborSum 16
0.0 0.1470222318117172 -0.5931 1.055795637 0.514859204 -2.430419100985479 ../testing_datasets/H3_epi.csv NeighborSum 16
0.0 0.14245434185875316 -1.40486 1.066198821 0.565636186 -3.5957743186636484 ../testing_datasets/H3_epi.csv NeighborSum 16
0.0 0.15911125518433406 -0.24762 0.778543834 0.571814993 2.258975711862719 ../testing_datasets/H3_epi.csv NeighborSum 16
0.0 0.15758937108820636 -1.41029 0.847986298 0.640120458 2.5741812106399014 ../testing_datasets/H3_epi.csv NeighborSum 16
0.0 0.1543915021466038 1.12562 1.275809547 0.640861635 -3.49047504920491 ../testing_datasets/H3_epi.csv NeighborSum 16
0.0 0.13660120826014724 -2.33122 0.741038623 0.619450974 -4.338657824919997 ../testing_datasets/H3_epi.csv NeighborSum 16
0.0 0.13905740731325897 -0.92338 0.764726784 0.591459914 -5.193297080707569 ../testing_datasets/H3_epi.csv NeighborSum 16
0.0 0.11091061680993827 -2.8022 0.943782976 0.528581312 -14.007876032001295 ../testing_datasets/H3_epi.csv NeighborSum 16
0.0 0.08571799684963974 -0.01974 0.714746749 0.328057281 -26.234155358977162 ../testing_datasets/H3_epi.csv NeighborSum 16
0.0 0.11277501035697124 -2.48348 0.930253372 0.484794605 -13.295076849754462 ../testing_datasets/H3_epi.csv NeighborSum 16
0.0 0.10660373193705149 -4.05156 1.256053567 0.603275949 -15.362494647653351 ../testing_datasets/H3_epi.csv NeighborSum 16
0.0 0.04123619932902975 -5.37611 0.835810015 0.420346607 -37.92274708262445 ../testing_datasets/H3_epi.csv NeighborSum 16
0.0 0.06162929663193248 -5.67761 1.083273344 0.3953137 -29.425770764090714 ../testing_datasets/H3_epi.csv NeighborSum 16
0.0 0.09619426407397537 -3.15799 0.886397964 0.554881606 -19.66755210145005 ../testing_datasets/H3_epi.csv NeighborSum 16
0.0 0.054945380557545706 -4.5826 1.218344686 0.424243444 -34.363468317237675 ../testing_datasets/H3_epi.csv NeighborSum 16
0.0 0.014151578840985765 -4.29972 0.617600794 0.398735687 -49.994147009926 ../testing_datasets/H3_epi.csv NeighborSum 16
0.0 0.07104996335697907 -4.19526 1.0464075 0.569476161 -29.078985517074084 ../testing_datasets/H3_epi.csv NeighborSum 16
0.0 0.09068491306062718 -1.70948 1.026717248 0.53272905 -24.212221325894628 ../testing_datasets/H3_epi.csv NeighborSum 16
0.0 0.04331325174979955 -2.48409 0.518199171 0.40001798 -40.33604914259277 ../testing_datasets/H3_epi.csv NeighborSum 16
0.0 0.04715755976250574 -2.68823 0.539287956 0.483434805 -39.207691850377316 ../testing_datasets/H3_epi.csv NeighborSum 16
0.0 0.09917582575113468 -1.20313 1.023206693 0.632002374 -22.27098007765277 ../testing_datasets/H3_epi.csv NeighborSum 16
0.0 0.09014659833623218 -4.34651 0.728241107 0.476373758 -19.387410901009513 ../testing_datasets/H3_epi.csv NeighborSum 16
0.0 0.048303941150913146 -4.60651 0.328855717 0.396911669 -34.68982947823488 ../testing_datasets/H3_epi.csv NeighborSum 16
0.0 0.08787503423435661 -1.7083 0.974385705 0.554862987 -25.4389635254283 ../testing_datasets/H3_epi.csv NeighborSum 16
0.0 0.11453370582520422 -1.49109 0.843482432 0.611772961 -14.88403410496416 ../testing_datasets/H3_epi.csv NeighborSum 16
0.0 0.08684501601740721 -3.04207 0.746764275 0.493207108 -22.84442750758426 ../testing_datasets/H3_epi.csv NeighborSum 16
0.0 0.07454426112735758 -2.69687 0.741876229 0.45682828 -28.119638941639302 ../testing_datasets/H3_epi.csv NeighborSum 16
0.0 0.12076900582828817 -1.18715 0.873741936 0.593139238 -12.660038320825375 ../testing_datasets/H3_epi.csv NeighborSum 16
0.0 0.12292901685956037 -2.17792 0.715975754 0.61215617 -10.100602013742954 ../testing_datasets/H3_epi.csv NeighborSum 16
0.0 0.08592559741369028 -3.79772 0.676692141 0.449198465 -21.579048620408535 ../testing_datasets/H3_epi.csv NeighborSum 16
0.0 0.10939480858025857 -2.1581 1.149109632 0.476781449 -15.631427794887376 ../testing_datasets/H3_epi.csv NeighborSum 16
0.0 0.13498983953130023 0.9376 0.663963377 0.57104252 -9.172666253367586 ../testing_datasets/H3_epi.csv NeighborSum 16
0.0 0.12406520068749792 -1.41486 1.038341646 0.559444308 -11.075418720853653 ../testing_datasets/H3_epi.csv NeighborSum 16
0.0 0.1042950627546704 -4.72697 1.00931652 0.431092985 -13.270202215744803 ../testing_datasets/H3_epi.csv NeighborSum 16
0.0 0.12690055401998393 -3.45534 1.009611947 0.486794408 -6.238581164898675 ../testing_datasets/H3_epi.csv NeighborSum 16
0.0 0.13521534643682245 -2.04081 0.652709931 0.616720799 -5.098542836574294 ../testing_datasets/H3_epi.csv NeighborSum 16
0.0 0.12214081652946154 -0.57995 1.057207112 0.516754622 -12.771871934364313 ../testing_datasets/H3_epi.csv NeighborSum 16
0.0 0.11362666136278758 -0.60971 0.796349185 0.48347495 -15.338381063580911 ../testing_datasets/H3_epi.csv NeighborSum 16
0.0 0.12005073012650469 -2.21871 1.425720087 0.502018272 -12.016052333379712 ../testing_datasets/H3_epi.csv NeighborSum 16
0.0 0.12446295152136132 -0.68489 1.324051971 0.607116558 -13.073274657561967 ../testing_datasets/H3_epi.csv NeighborSum 16
0.0 0.10236323204238733 -4.02353 0.931263958 0.51091208 -15.585806260430587 ../testing_datasets/H3_epi.csv NeighborSum 16
0.0 0.10225158307723839 -1.38956 1.533873041 0.463566869 -20.52993532972758 ../testing_datasets/H3_epi.csv NeighborSum 16
0.0 0.10293237047621767 -2.19767 1.003082454 0.524189417 -18.299168848764907 ../testing_datasets/H3_epi.csv NeighborSum 16
0.0 0.09865342391203766 -8.06823 0.678620048 0.604079564 -11.405672580789261 ../testing_datasets/H3_epi.csv NeighborSum 16
0.0 0.08895494037701701 -2.65016 0.75855219 0.559590165 -23.135694870937986 ../testing_datasets/H3_epi.csv NeighborSum 16
0.0 0.09007218877317127 -4.22106 1.338682007 0.57830857 -21.94844985848401 ../testing_datasets/H3_epi.csv NeighborSum 16
0.0 0.09924128464952248 -1.61936 1.177513617 0.63108996 -22.003339995335672 ../testing_datasets/H3_epi.csv NeighborSum 16
0.0 0.08860116359900541 -1.26789 0.609733531 0.620732659 -25.457037755176742 ../testing_datasets/H3_epi.csv NeighborSum 16
0.0 0.0937065732999209 -2.69164 0.57155383 0.626154719 -21.220929251908156 ../testing_datasets/H3_epi.csv NeighborSum 16
0.0 0.09962637079419377 -3.23685 1.200862802 0.626778819 -19.50564865598452 ../testing_datasets/H3_epi.csv NeighborSum 16
0.0 0.08998623739284753 -3.79799 1.102180344 0.582491601 -22.063136304252716 ../testing_datasets/H3_epi.csv NeighborSum 16
0.0 0.0897780690083444 -3.58861 0.423707349 0.493538359 -20.052826083191157 ../testing_datasets/H3_epi.csv NeighborSum 16
0.0 0.10727500755369816 -1.78956 0.798066441 0.566932433 -16.962794419362428 ../testing_datasets/H3_epi.csv NeighborSum 16
0.0 0.09818124304180559 -3.24208 1.225768266 0.532304167 -19.352708869832966 ../testing_datasets/H3_epi.csv NeighborSum 16
0.0 0.09635486952452485 -1.48119 0.760830503 0.470574667 -21.02373794176379 ../testing_datasets/H3_epi.csv NeighborSum 16
0.0 0.10579127200523913 -2.15644 0.869511023 0.384658061 -15.664138788938638 ../testing_datasets/H3_epi.csv NeighborSum 16
0.0 0.11734496457410419 -1.13286 1.161003485 0.570106513 -14.657307252294821 ../testing_datasets/H3_epi.csv NeighborSum 16
0.0 0.10228208023490751 -6.61769 1.014349233 0.560870036 -12.463971740951347 ../testing_datasets/H3_epi.csv NeighborSum 16
0.0 0.12686646011232605 4.87358 0.973275298 0.555339863 -18.890776625304415 ../testing_datasets/H3_epi.csv NeighborSum 16
0.0 0.14016287250654172 3.60952 0.825378865 0.589182174 -11.471728420739499 ../testing_datasets/H3_epi.csv NeighborSum 16
0.0 0.11992665115570388 -4.30213 1.012759628 0.618099716 -9.016922644636495 ../testing_datasets/H3_epi.csv NeighborSum 16
0.0 0.11034056016475392 -2.13264 0.84322232 0.551274732 -15.169452042738044 ../testing_datasets/H3_epi.csv NeighborSum 16
0.0 0.12108691942768711 -3.69397 0.779412834 0.331578695 -6.418882777746697 ../testing_datasets/H3_epi.csv NeighborSum 16
0.0 0.10580219353884301 -4.22694 0.930594875 0.446294999 -13.313692127612917 ../testing_datasets/H3_epi.csv NeighborSum 16
0.0 0.11420433852462439 0.17248 0.379967836 0.263618748 -13.358989877581125 ../testing_datasets/H3_epi.csv NeighborSum 16
0.0 0.105969494702014 -2.5862 0.814016394 0.299687273 -14.10607955741608 ../testing_datasets/H3_epi.csv NeighborSum 16
0.0 0.12172231874711033 -2.25701 0.316414832 0.270686036 -6.610123202468408 ../testing_datasets/H3_epi.csv NeighborSum 16
0.0 0.0969459266412756 -2.00232 0.933438646 0.314576607 -19.109952527730808 ../testing_datasets/H3_epi.csv NeighborSum 16
0.0 0.11248691431758201 0.33482 0.309571582 0.494544545 -16.101575343201045 ../testing_datasets/H3_epi.csv NeighborSum 16
0.0 0.09393869468827587 -4.48065 0.879706311 0.39965766 -17.335874148834336 ../testing_datasets/H3_epi.csv NeighborSum 16
0.0 0.11575096632699228 -2.32292 0.53804943 0.542396994 -11.836412521288363 ../testing_datasets/H3_epi.csv NeighborSum 16
0.0 0.10293587782221836 -2.62324 1.011120086 0.613470917 -18.456637782210347 ../testing_datasets/H3_epi.csv NeighborSum 16
0.0 0.1199520657044717 -4.37888 0.543627628 0.59858662 -7.591210409172422 ../testing_datasets/H3_epi.csv NeighborSum 16
0.0 0.11899530293621904 -4.3021 0.923468502 0.665551103 -9.590023297099158 ../testing_datasets/H3_epi.csv NeighborSum 16
0.0 0.12735743466341268 -2.28167 0.882711911 0.588455546 -8.318121824024692 ../testing_datasets/H3_epi.csv NeighborSum 16
0.0 0.11300704883752122 -0.03752 1.186875898 0.692138169 -19.151755294882957 ../testing_datasets/H3_epi.csv NeighborSum 16
0.0 0.13065218922528368 -3.83055 0.442003714 0.627239158 -3.957505625231686 ../testing_datasets/H3_epi.csv NeighborSum 16
0.0 0.13369208760651644 -2.52594 0.120918225 0.543336694 -3.108325201596684 ../testing_datasets/H3_epi.csv NeighborSum 16
0.0 0.133691899822994 0.16462 0.221265229 0.515838272 -7.0401923348362985 ../testing_datasets/H3_epi.csv NeighborSum 16
0.0 0.11664635502169221 -1.59538 0.975002954 0.506680765 -13.281572340296517 ../testing_datasets/H3_epi.csv NeighborSum 16
0.0 0.12345072614816796 -1.68294 0.657951648 0.593593412 -10.307565819592726 ../testing_datasets/H3_epi.csv NeighborSum 16
0.0 0.13078463137291707 -0.04791 0.203960544 0.520138328 -7.928815748791298 ../testing_datasets/H3_epi.csv NeighborSum 16
0.0 0.12627675117813272 -2.99001 0.731130699 0.414910062 -5.88841442501084 ../testing_datasets/H3_epi.csv NeighborSum 16
0.0 0.1068016468374622 -4.42836 1.374086679 0.265395858 -12.141619785950748 ../testing_datasets/H3_epi.csv NeighborSum 16
1.0 0.12486454630225252 -0.89739 0.575827981 0.638151516 -11.047557819185736 ../testing_datasets/H3_epi.csv NeighborSum 16
1.0 0.11532946234849123 -4.93666 0.784631442 0.697877378 -10.121398402969959 ../testing_datasets/H3_epi.csv NeighborSum 16
1.0 0.1187290517879186 -1.38569 0.404721355 0.645221375 -12.521601114914523 ../testing_datasets/H3_epi.csv NeighborSum 16
0.0 0.10500153899263265 -1.38569 0.605313959 0.485598256 -17.333493686811313 ../testing_datasets/H3_epi.csv NeighborSum 16
0.0 0.09716220666775374 -3.73593 1.121181829 0.426966452 -17.904618973966922 ../testing_datasets/H3_epi.csv NeighborSum 16
1.0 0.11429959949270713 -2.76414 0.866287947 0.580237371 -12.911868326697666 ../testing_datasets/H3_epi.csv NeighborSum 16
1.0 0.11840031948258198 -3.67811 0.225781842 0.596306874 -8.465512953096889 ../testing_datasets/H3_epi.csv NeighborSum 16
0.0 0.1120645620955448 -1.36736 0.65672676 0.491396892 -14.609589925396532 ../testing_datasets/H3_epi.csv NeighborSum 16
1.0 0.11517665588339482 -3.60129 1.183858458 0.473003104 -11.185363280716167 ../testing_datasets/H3_epi.csv NeighborSum 16
1.0 0.13167076050448218 -2.40704 0.617009927 0.678430232 -6.471003565198225 ../testing_datasets/H3_epi.csv NeighborSum 16
1.0 0.1446637392133156 0.27874 0.207435725 0.633521178 -3.6315024084060075 ../testing_datasets/H3_epi.csv NeighborSum 16
0.0 0.13110440404944362 -1.11469 0.94038325 0.43818284 -7.328772133926849 ../testing_datasets/H3_epi.csv NeighborSum 16
1.0 0.14318659751023097 -1.75142 1.022230688 0.534843153 -2.4186523535063293 ../testing_datasets/H3_epi.csv NeighborSum 16
1.0 0.1499436441389245 -1.72343 0.334850427 0.638213607 1.1249351774764662 ../testing_datasets/H3_epi.csv NeighborSum 16
0.0 0.14907180886990953 -0.40095 0.494418865 0.451082798 0.04175016779865087 ../testing_datasets/H3_epi.csv NeighborSum 16
0.0 0.14769823979396343 -1.84978 1.23377934 0.484519631 -0.49161042213491996 ../testing_datasets/H3_epi.csv NeighborSum 16
1.0 0.16745639853433897 1.5278 0.862137593 0.622449217 2.492495326195854 ../testing_datasets/H3_epi.csv NeighborSum 16
0.0 0.17268469002954273 -0.30784 0.770149767 0.779557952 6.219407779061145 ../testing_datasets/H3_epi.csv NeighborSum 16
1.0 0.1700634437673006 -0.06145 0.858298918 0.743506324 4.8679619226194335 ../testing_datasets/H3_epi.csv NeighborSum 16
1.0 0.1654604340785713 0.37206 1.183739322 0.694384794 1.95914090656836 ../testing_datasets/H3_epi.csv NeighborSum 16
1.0 0.1521745357616335 -0.35842 1.040113198 0.52869559 -0.7188752602655292 ../testing_datasets/H3_epi.csv NeighborSum 16
0.0 0.16699426011459517 -1.58404 0.8189937 0.751478612 5.844312738110977 ../testing_datasets/H3_epi.csv NeighborSum 16
0.0 0.13932444609820563 -4.24126 1.058076775 0.53634228 -0.48757047756113936 ../testing_datasets/H3_epi.csv NeighborSum 16
0.0 0.1675980836283672 2.84913 1.126303504 0.630731965 -0.08606602458144305 ../testing_datasets/H3_epi.csv NeighborSum 16
0.0 0.14493403439486424 2.11652 1.033761289 0.264601991 -5.062092335542093 ../testing_datasets/H3_epi.csv NeighborSum 16
0.0 0.1259051995723796 -1.02019 0.857445172 0.594190494 -10.746132178873692 ../testing_datasets/H3_epi.csv NeighborSum 16
0.0 0.07980827217838132 -2.07897 1.674021396 0.59198064 -30.250681435342692 ../testing_datasets/H3_epi.csv NeighborSum 16
0.0 0.12444568791622465 -0.12717 0.973501852 0.561222072 -12.653151156610763 ../testing_datasets/H3_epi.csv NeighborSum 16
0.0 0.11959448192599337 -1.49308 1.022611663 0.460188161 -11.9296833036568 ../testing_datasets/H3_epi.csv NeighborSum 16
0.0 0.1469634897580404 -0.6406 1.066444429 0.510856713 -2.377240454654031 ../testing_datasets/H3_epi.csv NeighborSum 16
0.0 0.14143742655478733 -1.38762 1.044997612 0.561971226 -3.959399769485832 ../testing_datasets/H3_epi.csv NeighborSum 16
0.0 0.1593555885117369 -0.21592 0.79112984 0.576103016 2.2469269271720975 ../testing_datasets/H3_epi.csv NeighborSum 16
0.0 0.15732927078054068 -1.3971 0.860397633 0.640539814 2.413595538003885 ../testing_datasets/H3_epi.csv NeighborSum 16
0.0 0.1532834849488987 1.17292 1.256955553 0.624487034 -3.8331656657836746 ../testing_datasets/H3_epi.csv NeighborSum 16
0.0 0.13475175142054402 -2.37496 0.706950877 0.617758974 -4.943667230387461 ../testing_datasets/H3_epi.csv NeighborSum 16
0.0 0.13616291894142965 -0.94216 0.797042168 0.524278674 -5.871001515174505 ../testing_datasets/H3_epi.csv NeighborSum 16
0.0 0.1050481642011423 -2.83706 0.973929637 0.302477381 -14.53323869119799 ../testing_datasets/H3_epi.csv NeighborSum 16
0.0 0.08312284391849219 -0.05428 0.694254731 0.283913783 -26.833001499843363 ../testing_datasets/H3_epi.csv NeighborSum 16
0.0 0.11011834927171821 -2.36904 0.891798479 0.452496357 -14.193862139408308 ../testing_datasets/H3_epi.csv NeighborSum 16
0.0 0.10102605497233605 -4.07135 1.261879668 0.362642951 -15.609297392763558 ../testing_datasets/H3_epi.csv NeighborSum 16
0.0 0.03974749616045953 -5.44984 0.820562394 0.350578888 -37.8009310668129 ../testing_datasets/H3_epi.csv NeighborSum 16
0.0 0.05925734007203129 -5.64414 1.040108166 0.366364989 -30.105710877467107 ../testing_datasets/H3_epi.csv NeighborSum 16
0.0 0.09463197901764758 -3.2017 0.869979244 0.496147205 -19.711036731853103 ../testing_datasets/H3_epi.csv NeighborSum 16
0.0 0.05733687756697067 -4.05429 1.179757521 0.453936809 -34.302621309870155 ../testing_datasets/H3_epi.csv NeighborSum 16
0.0 0.014174603408754177 -4.4285 0.601591722 0.417836871 -49.92062758032605 ../testing_datasets/H3_epi.csv NeighborSum 16
0.0 0.0706861322420728 -4.51222 1.083122381 0.572445626 -28.881814243984437 ../testing_datasets/H3_epi.csv NeighborSum 16
0.0 0.0921935426062474 -1.34928 1.006637211 0.520767008 -23.962190252186204 ../testing_datasets/H3_epi.csv NeighborSum 16
0.0 0.04549380075947175 -2.1003 0.432581259 0.457231163 -40.2720690045289 ../testing_datasets/H3_epi.csv NeighborSum 16
0.0 0.04598307925719303 -2.90681 0.611989681 0.514592768 -39.816765945296105 ../testing_datasets/H3_epi.csv NeighborSum 16
0.0 0.09925765198435622 -1.3563 1.058319156 0.623140719 -22.023484746316164 ../testing_datasets/H3_epi.csv NeighborSum 16
0.0 0.09286162564169743 -4.40102 0.667925035 0.502096509 -18.25643599718436 ../testing_datasets/H3_epi.csv NeighborSum 16
0.0 0.05014972260243307 -5.02552 0.345201153 0.445056462 -33.76404893772787 ../testing_datasets/H3_epi.csv NeighborSum 16
0.0 0.08541281192115871 -2.10897 1.059536526 0.565101178 -26.16791610543693 ../testing_datasets/H3_epi.csv NeighborSum 16
0.0 0.11376584200811185 -1.42312 0.794924622 0.627676276 -15.318724842765755 ../testing_datasets/H3_epi.csv NeighborSum 16
0.0 0.08809628693242563 -3.032 0.70427318 0.509212633 -22.374212124151462 ../testing_datasets/H3_epi.csv NeighborSum 16
0.0 0.0722585562648694 -2.54882 0.750990428 0.52069382 -29.847586123116347 ../testing_datasets/H3_epi.csv NeighborSum 16
0.0 0.11699661205378717 -1.28902 0.921750244 0.582708906 -14.101172419819264 ../testing_datasets/H3_epi.csv NeighborSum 16
0.0 0.11971856737967584 -2.18418 0.731156107 0.581706451 -11.19847672518418 ../testing_datasets/H3_epi.csv NeighborSum 16
0.0 0.08400288994867161 -3.592 0.687332561 0.483357597 -22.991633167606423 ../testing_datasets/H3_epi.csv NeighborSum 16
0.0 0.10449886303845533 -1.88471 1.128182407 0.478788404 -18.02363602182084 ../testing_datasets/H3_epi.csv NeighborSum 16
0.0 0.12961449106421366 -0.42065 0.651141511 0.577203271 -9.439608516313957 ../testing_datasets/H3_epi.csv NeighborSum 16
0.0 0.12158655908765126 -1.87732 1.092719543 0.530808179 -11.315629291149687 ../testing_datasets/H3_epi.csv NeighborSum 16
0.0 0.10320608275014208 -4.76208 1.012464666 0.489247984 -14.17252306951655 ../testing_datasets/H3_epi.csv NeighborSum 16
0.0 0.12396501122314088 -3.63917 1.015872496 0.486675686 -7.200269965158704 ../testing_datasets/H3_epi.csv NeighborSum 16
0.0 0.13304687809576252 -2.12472 0.711453749 0.609238538 -5.952833283426343 ../testing_datasets/H3_epi.csv NeighborSum 16
0.0 0.1220843214459379 -0.5032 1.115958164 0.552529795 -13.354060634363345 ../testing_datasets/H3_epi.csv NeighborSum 16
0.0 0.11305781849855696 -0.50472 0.823143494 0.499347124 -15.927029421599546 ../testing_datasets/H3_epi.csv NeighborSum 16
0.0 0.11884155439962545 -2.29666 1.451526067 0.498846942 -12.438660700758163 ../testing_datasets/H3_epi.csv NeighborSum 16
0.0 0.12523744626999933 -0.70337 1.312299207 0.601511063 -12.649436748393759 ../testing_datasets/H3_epi.csv NeighborSum 16
0.0 0.10465651562657928 -3.93135 0.912711905 0.559678794 -15.140691750653819 ../testing_datasets/H3_epi.csv NeighborSum 16
0.0 0.1026387601544056 -1.36362 1.516847775 0.467353666 -20.398392485310392 ../testing_datasets/H3_epi.csv NeighborSum 16
0.0 0.1043788704488881 -2.29501 0.97506998 0.523631199 -17.485643769018942 ../testing_datasets/H3_epi.csv NeighborSum 16
0.0 0.10106912881166372 -7.17301 0.620981734 0.596002585 -11.502075148254887 ../testing_datasets/H3_epi.csv NeighborSum 16
0.0 0.0896823335853782 -2.66975 0.657617848 0.561989307 -22.581685753180523 ../testing_datasets/H3_epi.csv NeighborSum 16
0.0 0.09086382979043545 -4.08281 1.255474233 0.578581371 -21.622826503466243 ../testing_datasets/H3_epi.csv NeighborSum 16
0.0 0.1001493623016512 -1.61904 1.196279444 0.633402618 -21.692969033717507 ../testing_datasets/H3_epi.csv NeighborSum 16
0.0 0.08983986258809555 -1.14928 0.607995014 0.62046461 -25.110552011761225 ../testing_datasets/H3_epi.csv NeighborSum 16
0.0 0.09255271771756432 -2.89421 0.550428197 0.62308481 -21.32604374693809 ../testing_datasets/H3_epi.csv NeighborSum 16
0.0 0.09852139976360008 -3.09011 1.184196075 0.628628715 -20.152463344975658 ../testing_datasets/H3_epi.csv NeighborSum 16
0.0 0.08650397605346799 -3.63086 1.096636703 0.579115295 -23.706532917922683 ../testing_datasets/H3_epi.csv NeighborSum 16
0.0 0.0867008860884009 -3.43745 0.408940997 0.490400951 -21.48488442654617 ../testing_datasets/H3_epi.csv NeighborSum 16
0.0 0.10500689002751115 -1.86597 0.729475299 0.561078177 -17.574465853875047 ../testing_datasets/H3_epi.csv NeighborSum 16
0.0 0.09151326555496239 -3.18398 1.268900122 0.547594981 -22.433140144437825 ../testing_datasets/H3_epi.csv NeighborSum 16
0.0 0.08799268637836481 -1.52937 0.702256702 0.475597705 -24.316815349402333 ../testing_datasets/H3_epi.csv NeighborSum 16
0.0 0.10381473480025641 -2.68237 0.87665334 0.389877302 -15.77754902120016 ../testing_datasets/H3_epi.csv NeighborSum 16
0.0 0.11427147612275677 -0.89837 1.150906151 0.576558036 -16.302252797534905 ../testing_datasets/H3_epi.csv NeighborSum 16
0.0 0.09310733672422573 -6.13207 0.975306772 0.573996533 -16.98805250516238 ../testing_datasets/H3_epi.csv NeighborSum 16
0.0 0.12437136634372971 4.6192 0.923744322 0.564587385 -19.511704862255026 ../testing_datasets/H3_epi.csv NeighborSum 16
0.0 0.1357784389050114 2.55398 0.83649241 0.578914009 -11.6878761614954 ../testing_datasets/H3_epi.csv NeighborSum 16
0.0 0.11403357049406534 -4.14995 1.09437991 0.616478169 -11.863007292503779 ../testing_datasets/H3_epi.csv NeighborSum 16
0.0 0.09718336507726735 -2.19097 0.708683209 0.542083741 -20.128095014931272 ../testing_datasets/H3_epi.csv NeighborSum 16
0.0 0.10938098778695128 -5.79459 0.593224647 0.405185866 -8.378628669495887 ../testing_datasets/H3_epi.csv NeighborSum 16
0.0 0.0932413602100163 -4.53995 0.857243788 0.386004991 -17.367518492365843 ../testing_datasets/H3_epi.csv NeighborSum 16
0.0 0.10594744183427621 0.16828 0.31878471 0.39402143 -17.73337447126233 ../testing_datasets/H3_epi.csv NeighborSum 16
0.0 0.10235991533847807 -2.32023 0.760981142 0.470283553 -17.311856651086877 ../testing_datasets/H3_epi.csv NeighborSum 16
0.0 0.11890521986847953 -2.2563 0.207246088 0.439548133 -8.950199330460132 ../testing_datasets/H3_epi.csv NeighborSum 16
0.0 0.0933901732308177 -2.23281 0.779605479 0.356394544 -20.22927082559898 ../testing_datasets/H3_epi.csv NeighborSum 16
0.0 0.10128260126820406 -0.75188 0.252588801 0.494922401 -19.02176128750118 ../testing_datasets/H3_epi.csv NeighborSum 16
0.0 0.07958665979682344 -5.11908 0.707217285 0.393116784 -21.87409918497776 ../testing_datasets/H3_epi.csv NeighborSum 16
0.0 0.10294181683083363 -2.29067 0.204689558 0.576523853 -16.669716348329192 ../testing_datasets/H3_epi.csv NeighborSum 16
0.0 0.0925292878021676 -3.45165 1.04134297 0.613146999 -21.628491625832954 ../testing_datasets/H3_epi.csv NeighborSum 16
0.0 0.11389464832336763 -4.38381 0.595059183 0.599408462 -10.223906717613596 ../testing_datasets/H3_epi.csv NeighborSum 16
0.0 0.11789027994742365 -4.15693 0.931770858 0.663809216 -10.264528107924228 ../testing_datasets/H3_epi.csv NeighborSum 16
0.0 0.12771747785042936 -1.35755 0.872256556 0.585972665 -9.469839569810302 ../testing_datasets/H3_epi.csv NeighborSum 16
0.0 0.10823455667353762 -0.06909 1.212739305 0.693745535 -21.158266038423147 ../testing_datasets/H3_epi.csv NeighborSum 16
0.0 0.12760189275890707 -4.87832 0.426957457 0.612784647 -3.5335069885713044 ../testing_datasets/H3_epi.csv NeighborSum 16
0.0 0.1302791806958203 -2.02118 0.092517369 0.545602612 -5.207849463339096 ../testing_datasets/H3_epi.csv NeighborSum 16
0.0 0.13150900036392965 0.2355 0.261605919 0.50286835 -8.034810851472148 ../testing_datasets/H3_epi.csv NeighborSum 16
0.0 0.11444924730768183 -1.61793 1.005179347 0.509836592 -14.258469699433666 ../testing_datasets/H3_epi.csv NeighborSum 16
0.0 0.1152914867541305 -2.75668 0.655162333 0.593028137 -12.109105534922815 ../testing_datasets/H3_epi.csv NeighborSum 16
0.0 0.12905488801571785 -0.30834 0.205533792 0.543879921 -8.471253264178365 ../testing_datasets/H3_epi.csv NeighborSum 16
0.0 0.12529091902927758 -2.83171 0.757078726 0.449719174 -6.886569174390246 ../testing_datasets/H3_epi.csv NeighborSum 16
0.0 0.10345734307036349 -3.92471 1.355263093 0.301185355 -14.519655444624787 ../testing_datasets/H3_epi.csv NeighborSum 16
1.0 0.12491953767328169 -1.33679 0.484034328 0.693856464 -10.635774706233718 ../testing_datasets/H3_epi.csv NeighborSum 16
