0.0 0.0 2.0 Ellipro
2.180121650788114e-05 0.0012480499219968799 1.0 Ellipro
0.0004360243301576228 0.005304212168486739 0.999 Ellipro
0.0006976389282521965 0.00748829953198128 0.998 Ellipro
0.0011772656914255815 0.010608424336973479 0.997 Ellipro
0.0017658985371383723 0.013104524180967239 0.996 Ellipro
0.002071115568248708 0.01497659906396256 0.995 Ellipro
0.002616145980945737 0.016848673946957878 0.994 Ellipro
0.0028995617955481917 0.017784711388455537 0.993 Ellipro
0.0036844055898319125 0.0202808112324493 0.992 Ellipro
0.004425646951099872 0.021528861154446178 0.991 Ellipro
0.004643659116178683 0.024648985959438378 0.99 Ellipro
0.005079683446336305 0.029641185647425898 0.989 Ellipro
0.00573371994157274 0.030889235569422777 0.988 Ellipro
0.006540364952364342 0.031513260530421215 0.987 Ellipro
0.006954588066014083 0.034009360374414974 0.986 Ellipro
0.007630425777758399 0.0343213728549142 0.985 Ellipro
0.008088251324423902 0.0358814352574103 0.984 Ellipro
0.008764089036168219 0.037753510140405615 0.983 Ellipro
0.009657938912991345 0.03962558502340094 0.982 Ellipro
0.010050360810133205 0.039937597503900156 0.981 Ellipro
0.011009614336479975 0.04180967238689547 0.98 Ellipro
0.011729054481240054 0.04274570982839314 0.979 Ellipro
0.012099675161874032 0.04336973478939157 0.978 Ellipro
0.012949922605681397 0.0452418096723869 0.977 Ellipro
0.013843772482504523 0.05803432137285491 0.976 Ellipro
0.014890230874882818 0.07238689547581903 0.975 Ellipro
0.01569687588567442 0.08049921996879875 0.974 Ellipro
0.01680873792757636 0.08205928237129485 0.973 Ellipro
0.01763718415487584 0.08361934477379095 0.972 Ellipro
0.018029606052017703 0.0845553822152886 0.971 Ellipro
0.018967058361856592 0.08549141965678628 0.97 Ellipro
0.019468486341537857 0.08705148205928237 0.969 Ellipro
0.020166125269790055 0.09453978159126365 0.968 Ellipro
0.021321589744707756 0.0967238689547582 0.967 Ellipro
0.02234624692057817 0.1032761310452418 0.966 Ellipro
0.022869476116767314 0.106396255850234 0.965 Ellipro
0.023828729643114086 0.1095163806552262 0.964 Ellipro
0.024526368571366284 0.11294851794071763 0.963 Ellipro
0.02583444156183915 0.11419656786271451 0.962 Ellipro
0.026226863458981012 0.11606864274570983 0.961 Ellipro
0.026575682923107108 0.11669266770670828 0.96 Ellipro
0.027665743748501167 0.12324492979719189 0.959 Ellipro
0.028559593625324294 0.12542901716068644 0.958 Ellipro
0.028952015522466155 0.12730109204368176 0.957 Ellipro
0.03023828729643114 0.1282371294851794 0.956 Ellipro
0.030848721358651812 0.1294851794071763 0.955 Ellipro
0.031502757853888244 0.13198127925117004 0.954 Ellipro
0.031633565152935535 0.13322932917316693 0.953 Ellipro
0.03233120408118773 0.13884555382215288 0.952 Ellipro
0.032810830844361115 0.14134165366614665 0.951 Ellipro
0.034467723298960085 0.14414976599063964 0.95 Ellipro
0.035121759794196517 0.1482059282371295 0.949 Ellipro
0.03566679020689355 0.15694227769110763 0.948 Ellipro
0.03656064008371667 0.15756630265210608 0.947 Ellipro
0.037716104558634375 0.15850234009360376 0.946 Ellipro
0.03810852645577623 0.15975039001560062 0.945 Ellipro
0.038479147136410215 0.15975039001560062 0.944 Ellipro
0.03928579214720181 0.15975039001560062 0.943 Ellipro
0.03974361769386732 0.1628705148205928 0.942 Ellipro
0.04061566635418256 0.1669266770670827 0.941 Ellipro
0.040702871220214085 0.1672386895475819 0.939 Ellipro
0.04229436002528941 0.17160686427457097 0.938 Ellipro
0.042948396520525844 0.17254290171606865 0.937 Ellipro
0.04410386099544355 0.17410296411856474 0.936 Ellipro
0.04530292790337701 0.17722308892355695 0.935 Ellipro
0.046022368048137086 0.1828393135725429 0.934 Ellipro
0.04687261549194445 0.18315132605304213 0.933 Ellipro
0.047025224007499616 0.18502340093603745 0.932 Ellipro
0.048028079966862154 0.18939157566302653 0.931 Ellipro
0.04846410429701977 0.18939157566302653 0.93 Ellipro
0.049793978504000524 0.18970358814352575 0.929 Ellipro
0.05049161743225272 0.19032761310452417 0.928 Ellipro
0.051014846628441864 0.19032761310452417 0.927 Ellipro
0.0527153415160566 0.19438377535101403 0.926 Ellipro
0.05326037192875362 0.19625585023400935 0.925 Ellipro
0.053870805990974296 0.20124804992199688 0.924 Ellipro
0.0546774510017659 0.2031201248049922 0.923 Ellipro
0.05535328871351022 0.20686427457098283 0.922 Ellipro
0.0561817349408097 0.20967238689547582 0.921 Ellipro
0.05644334953890427 0.21154446177847114 0.92 Ellipro
0.057816826178900785 0.21310452418096723 0.919 Ellipro
0.05910309795286577 0.2140405616224649 0.918 Ellipro
0.05951732106651551 0.215600624024961 0.917 Ellipro
0.05984433931413373 0.2171606864274571 0.916 Ellipro
0.06054197824238593 0.2171606864274571 0.915 Ellipro
0.06141402690270117 0.21809672386895476 0.914 Ellipro
0.061523032985240575 0.22059282371294853 0.913 Ellipro
0.06171924393381151 0.22277691107644307 0.912 Ellipro
0.06355054612047352 0.22620904836193448 0.911 Ellipro
0.06429178748174148 0.2280811232449298 0.91 Ellipro
0.06546905317316706 0.22870514820592824 0.909 Ellipro
0.0663629030499902 0.23057722308892356 0.908 Ellipro
0.06749656630840001 0.23556942277691106 0.907 Ellipro
0.06780178333951034 0.2358814352574103 0.906 Ellipro
0.06884824173188864 0.2361934477379095 0.905 Ellipro
0.06985109769125117 0.2374414976599064 0.904 Ellipro
0.07024351958839303 0.23806552262090483 0.903 Ellipro
0.0710937670322004 0.23837753510140405 0.902 Ellipro
0.07203121934203928 0.23931357254290173 0.901 Ellipro
0.07222743029061021 0.24180967238689546 0.9 Ellipro
0.07281606313632301 0.2421216848673947 0.899 Ellipro
0.07344829841505156 0.2421216848673947 0.898 Ellipro
0.07414593734330376 0.24399375975039 0.897 Ellipro
0.07438575072489045 0.24586583463338532 0.896 Ellipro
0.07549761276679239 0.246801872074883 0.895 Ellipro
0.07693649305631255 0.2483619344773791 0.894 Ellipro
0.07715450522139135 0.2508580343213729 0.893 Ellipro
0.07841897577884846 0.26053042121684866 0.892 Ellipro
0.07876779524297456 0.26053042121684866 0.891 Ellipro
0.07981425363535286 0.2658346333853354 0.89 Ellipro
0.08094791689376267 0.26739469578783154 0.889 Ellipro
0.08199437528614097 0.2702028081123245 0.888 Ellipro
0.08267021299788528 0.2705148205928237 0.887 Ellipro
0.08382567747280298 0.27269890795631824 0.886 Ellipro
0.08537356384486254 0.2745709828393136 0.884 Ellipro
0.08574418452549652 0.27987519500780034 0.882 Ellipro
0.08633281737120932 0.2848673946957878 0.881 Ellipro
0.08755368549565065 0.2861154446177847 0.88 Ellipro
0.0880769146918398 0.2870514820592824 0.879 Ellipro
0.08975560836294665 0.290795631825273 0.878 Ellipro
0.09049684972421461 0.293603744149766 0.877 Ellipro
0.09132529595151409 0.296411856474259 0.876 Ellipro
0.09156510933310079 0.296411856474259 0.875 Ellipro
0.09195753123024265 0.2985959438377535 0.874 Ellipro
0.09357082125182585 0.3067082683307332 0.873 Ellipro
0.09402864679849135 0.30826833073322935 0.872 Ellipro
0.09485709302579085 0.31138845553822153 0.871 Ellipro
0.0959471538511849 0.31263650546021843 0.87 Ellipro
0.09618696723277159 0.3166926677067083 0.869 Ellipro
0.09695000981054742 0.3185647425897036 0.868 Ellipro
0.09849789618260699 0.32168486739469576 0.867 Ellipro
0.09965336065752468 0.32542901716068645 0.865 Ellipro
0.10054721053434781 0.3269890795631825 0.864 Ellipro
0.10150646406069459 0.32730109204368174 0.863 Ellipro
0.101615470143234 0.3282371294851794 0.862 Ellipro
0.10279273583465957 0.3294851794071763 0.861 Ellipro
0.10355577841243542 0.3294851794071763 0.86 Ellipro
0.10394820030957727 0.3313572542901716 0.859 Ellipro
0.10482024896989252 0.33634945397815913 0.858 Ellipro
0.10551788789814472 0.33853354134165364 0.856 Ellipro
0.10761080468290131 0.3407176287051482 0.855 Ellipro
0.10809043144607469 0.3441497659906396 0.854 Ellipro
0.10859185942575596 0.3453978159126365 0.853 Ellipro
0.10989993241622882 0.3469578783151326 0.851 Ellipro
0.11090278837559135 0.3500780031201248 0.85 Ellipro
0.11101179445813077 0.35226209048361934 0.849 Ellipro
0.11293030151082431 0.35694227769110765 0.848 Ellipro
0.11404216355272624 0.3597503900156006 0.847 Ellipro
0.11447818788288386 0.36131045241809673 0.846 Ellipro
0.11537203775970699 0.36162246489859595 0.845 Ellipro
0.11552464627526216 0.3644305772230889 0.844 Ellipro
0.11620048398700647 0.3675507020280811 0.843 Ellipro
0.11781377400858968 0.3684867394695788 0.842 Ellipro
0.11875122631842856 0.3712948517940718 0.841 Ellipro
0.11973228106128322 0.37254290171606863 0.84 Ellipro
0.12073513702064576 0.37753510140405616 0.839 Ellipro
0.1224138306917526 0.3790951638065523 0.838 Ellipro
0.12302426475397327 0.38346333853354136 0.837 Ellipro
0.123809108548257 0.38408736349453976 0.834 Ellipro
0.1240271207133358 0.3847113884555382 0.833 Ellipro
0.12420153044539885 0.3847113884555382 0.832 Ellipro
0.12509538032222198 0.3890795631825273 0.831 Ellipro
0.12653426061174214 0.3906396255850234 0.83 Ellipro
0.12843096644792779 0.39344773790951637 0.828 Ellipro
0.12952102727332185 0.397191887675507 0.827 Ellipro
0.12973903943840065 0.4015600624024961 0.826 Ellipro
0.13157034162506268 0.4078003120124805 0.824 Ellipro
0.13204996838823607 0.40842433697347896 0.823 Ellipro
0.1334016438117247 0.41029641185647425 0.822 Ellipro
0.13379406570886657 0.4106084243369735 0.821 Ellipro
0.13427369247203993 0.4106084243369735 0.82 Ellipro
0.13484052410124486 0.4124804992199688 0.819 Ellipro
0.1355817654625128 0.41341653666146644 0.818 Ellipro
0.13671542872092263 0.4143525741029641 0.817 Ellipro
0.13819791144345855 0.4165366614664587 0.816 Ellipro
0.13898275523774226 0.41934477379095164 0.815 Ellipro
0.14131548540408556 0.42277691107644305 0.814 Ellipro
0.1418169133837668 0.42402496099843995 0.813 Ellipro
0.14203492554884561 0.42402496099843995 0.812 Ellipro
0.14223113649741656 0.4280811232449298 0.811 Ellipro
0.1428633717761451 0.431201248049922 0.81 Ellipro
0.1435610107043973 0.431201248049922 0.809 Ellipro
0.14367001678693672 0.43213728549141966 0.808 Ellipro
0.14469467396280714 0.43338533541341656 0.807 Ellipro
0.14502169221042535 0.43369734789391573 0.806 Ellipro
0.14563212627264602 0.43400936037441495 0.805 Ellipro
0.14654777736597702 0.43650546021840875 0.804 Ellipro
0.14927292942946216 0.4390015600624025 0.803 Ellipro
0.15012317687326954 0.4405616224648986 0.802 Ellipro
0.15071180971898232 0.4424336973478939 0.801 Ellipro
0.1513004425646951 0.44336973478939157 0.799 Ellipro
0.15175826811136062 0.44586583463338536 0.798 Ellipro
0.15188907541040791 0.44586583463338536 0.797 Ellipro
0.15236870217358128 0.44586583463338536 0.796 Ellipro
0.15487584207198762 0.44898595943837755 0.795 Ellipro
0.1551156554535743 0.4514820592823713 0.794 Ellipro
0.15740478318690182 0.45335413416536663 0.792 Ellipro
0.15858204887832741 0.4592823712948518 0.79 Ellipro
0.15901807320848504 0.4592823712948518 0.789 Ellipro
0.15993372430181604 0.46021840873634945 0.788 Ellipro
0.16050055593102094 0.46021840873634945 0.787 Ellipro
0.16259347271577754 0.4630265210608424 0.786 Ellipro
0.16340011772656915 0.4639625585023401 0.785 Ellipro
0.16363993110815583 0.4655226209048362 0.784 Ellipro
0.1641413590878371 0.4736349453978159 0.783 Ellipro
0.16582005275894396 0.4767550702028081 0.782 Ellipro
0.16588545640846758 0.47956318252730107 0.781 Ellipro
0.16673570385227496 0.47956318252730107 0.78 Ellipro
0.1690030303690946 0.4811232449297972 0.779 Ellipro
0.17068172404020143 0.48174726989079564 0.778 Ellipro
0.17100874228781965 0.4823712948517941 0.774 Ellipro
0.17133576053543786 0.4823712948517941 0.773 Ellipro
0.17216420676273736 0.4823712948517941 0.772 Ellipro
0.17312346028908412 0.48330733229329176 0.771 Ellipro
0.17375569556781267 0.48798751950078 0.77 Ellipro
0.17491116004273038 0.49422776911076444 0.769 Ellipro
0.1762846366827269 0.49797191887675507 0.768 Ellipro
0.17713488412653425 0.4982839313572543 0.767 Ellipro
0.1787263729316096 0.4998439937597504 0.766 Ellipro
0.1796420240249406 0.4998439937597504 0.765 Ellipro
0.17979463254049577 0.4998439937597504 0.764 Ellipro
0.18160413351064988 0.5010920436817473 0.763 Ellipro
0.18190935054176022 0.5017160686427458 0.761 Ellipro
0.1832174235322331 0.5070202808112324 0.76 Ellipro
0.1835662429963592 0.5082683307332293 0.759 Ellipro
0.1846127013887375 0.5095163806552262 0.758 Ellipro
0.18524493666746605 0.5098283931357255 0.757 Ellipro
0.18674922060650984 0.5157566302652106 0.756 Ellipro
0.18742505831825415 0.5160686427457098 0.755 Ellipro
0.18810089602999847 0.5176287051482059 0.754 Ellipro
0.18916915563888465 0.5213728549141966 0.753 Ellipro
0.19058623471189692 0.5213728549141966 0.752 Ellipro
0.1914364821557043 0.5251170046801872 0.751 Ellipro
0.19263554906363775 0.5260530421216849 0.75 Ellipro
0.19328958555887418 0.5263650546021841 0.748 Ellipro
0.19394362205411061 0.5263650546021841 0.747 Ellipro
0.1955569120756938 0.5310452418096724 0.746 Ellipro
0.195709520591249 0.5332293291731669 0.745 Ellipro
0.19666877411759576 0.5372854914196568 0.744 Ellipro
0.19682138263315094 0.5382215288611545 0.743 Ellipro
0.19712659966426127 0.5410296411856474 0.742 Ellipro
0.1980204495410844 0.5413416536661466 0.741 Ellipro
0.19884889576838388 0.5466458658346334 0.739 Ellipro
0.20107261985218775 0.5478939157566303 0.738 Ellipro
0.20257690379123156 0.5482059282371294 0.737 Ellipro
0.20371056704964138 0.5507020280811232 0.736 Ellipro
0.20434280232836993 0.5507020280811232 0.735 Ellipro
0.20484423030805118 0.5553822152886115 0.733 Ellipro
0.20510584490614575 0.5572542901716069 0.732 Ellipro
0.20608689964900043 0.5594383775351014 0.729 Ellipro
0.2087684492794698 0.5616224648985959 0.728 Ellipro
0.21005472105343478 0.5625585023400936 0.727 Ellipro
0.2114281976934313 0.5634945397815913 0.725 Ellipro
0.21186422202358893 0.5638065522620905 0.724 Ellipro
0.2126926682508884 0.5644305772230889 0.723 Ellipro
0.2140661448908849 0.5663026521060842 0.722 Ellipro
0.2146547777365977 0.5706708268330734 0.721 Ellipro
0.2149817959842159 0.5706708268330734 0.72 Ellipro
0.21552682639691295 0.5722308892355694 0.719 Ellipro
0.2173363273670671 0.5759750390015601 0.718 Ellipro
0.2187098040070636 0.5775351014040562 0.716 Ellipro
0.2203230940286468 0.5794071762870515 0.715 Ellipro
0.2211297390394384 0.5797191887675507 0.714 Ellipro
0.22217619743181669 0.5806552262090484 0.712 Ellipro
0.2243563190826048 0.584399375975039 0.711 Ellipro
0.22568619328958556 0.5859594383775351 0.71 Ellipro
0.22688526019751903 0.5868954758190328 0.707 Ellipro
0.2275828991257712 0.5868954758190328 0.704 Ellipro
0.22790991737338945 0.5878315132605304 0.703 Ellipro
0.22913078549783078 0.5887675507020281 0.702 Ellipro
0.2299156292921145 0.592823712948518 0.701 Ellipro
0.2309620876844928 0.5931357254290172 0.698 Ellipro
0.23157252174671347 0.5931357254290172 0.697 Ellipro
0.23240096797401294 0.5934477379095163 0.696 Ellipro
0.23416686651115132 0.5984399375975039 0.695 Ellipro
0.23582375896575028 0.5996879875195008 0.694 Ellipro
0.23828729643114085 0.6021840873634945 0.693 Ellipro
0.24138306917525998 0.6021840873634945 0.691 Ellipro
0.24223331661906736 0.6021840873634945 0.69 Ellipro
0.2443698358368397 0.6053042121684867 0.689 Ellipro
0.24493666746604462 0.6090483619344774 0.687 Ellipro
0.24532908936318645 0.6096723868954759 0.686 Ellipro
0.24576511369334408 0.6102964118564742 0.685 Ellipro
0.24705138546730906 0.6131045241809673 0.684 Ellipro
0.24722579519937213 0.6152886115444618 0.683 Ellipro
0.2479670365606401 0.6159126365054602 0.682 Ellipro
0.24859927183936864 0.6168486739469579 0.681 Ellipro
0.24881728400444744 0.6174726989079563 0.68 Ellipro
0.2492097059015893 0.6180967238689548 0.679 Ellipro
0.2493405132006366 0.6184087363494539 0.678 Ellipro
0.25062678497460156 0.6196567862714508 0.677 Ellipro
0.25285050905840545 0.6215288611544462 0.676 Ellipro
0.253482744337134 0.6227769110764431 0.675 Ellipro
0.2547472148945911 0.62402496099844 0.674 Ellipro
0.2574505657415684 0.6243369734789391 0.673 Ellipro
0.25849702413394665 0.6262090483619345 0.67 Ellipro
0.2601975190215614 0.6268330733229329 0.669 Ellipro
0.26093876038282937 0.6277691107644305 0.667 Ellipro
0.26283546621901505 0.6330733229329173 0.665 Ellipro
0.2634895027142515 0.6330733229329173 0.664 Ellipro
0.26423074407551944 0.6333853354134166 0.663 Ellipro
0.2657132267980553 0.634009360374415 0.662 Ellipro
0.2673701192526543 0.6355694227769111 0.658 Ellipro
0.2678061435828119 0.6365054602184087 0.657 Ellipro
0.2697028494189976 0.6374414976599064 0.656 Ellipro
0.2713815430901044 0.6396255850234009 0.655 Ellipro
0.27229719418343545 0.6402496099843994 0.654 Ellipro
0.27286402581264035 0.6402496099843994 0.653 Ellipro
0.27369247203993985 0.6414976599063963 0.652 Ellipro
0.27445551461771567 0.6414976599063963 0.651 Ellipro
0.27652663018596435 0.6421216848673947 0.649 Ellipro
0.27737687762977176 0.6430577223088924 0.648 Ellipro
0.27922998103294167 0.64399375975039 0.647 Ellipro
0.2797532102291308 0.6458658346333853 0.646 Ellipro
0.28243475985960015 0.6471138845553822 0.642 Ellipro
0.28468028515991195 0.6471138845553822 0.64 Ellipro
0.28535612287165624 0.6483619344773791 0.639 Ellipro
0.2858357496348296 0.6499219968798752 0.638 Ellipro
0.2873618347903813 0.6514820592823712 0.637 Ellipro
0.2889969260284724 0.6549141965678628 0.636 Ellipro
0.2895419564411694 0.6561622464898595 0.635 Ellipro
0.2898907759052955 0.6574102964118564 0.633 Ellipro
0.2902395953694216 0.6577223088923557 0.632 Ellipro
0.29148226471037086 0.6580343213728549 0.631 Ellipro
0.29311735594846194 0.6580343213728549 0.63 Ellipro
0.29431642285639537 0.6580343213728549 0.627 Ellipro
0.29571170071289976 0.6614664586583463 0.626 Ellipro
0.2967363578887702 0.6614664586583463 0.625 Ellipro
0.2987202685909874 0.6639625585023401 0.624 Ellipro
0.2994833111687632 0.6642745709828393 0.622 Ellipro
0.30046436591161785 0.6655226209048362 0.621 Ellipro
0.30268808999542174 0.6670826833073323 0.619 Ellipro
0.3043667836665286 0.669578783151326 0.618 Ellipro
0.3051952298938281 0.669578783151326 0.617 Ellipro
0.30663411018334824 0.669578783151326 0.615 Ellipro
0.30752796006017136 0.6717628705148206 0.614 Ellipro
0.30887963548366 0.6717628705148206 0.613 Ellipro
0.30916305129826244 0.6739469578783152 0.611 Ellipro
0.309969696309054 0.6748829953198128 0.609 Ellipro
0.3110597571344481 0.6748829953198128 0.608 Ellipro
0.313283481218252 0.6748829953198128 0.607 Ellipro
0.3139157164969805 0.6748829953198128 0.606 Ellipro
0.3168370795090366 0.6755070202808112 0.602 Ellipro
0.31794894155093856 0.6755070202808112 0.601 Ellipro
0.31901720115982474 0.6755070202808112 0.6 Ellipro
0.31934421940744295 0.6764430577223088 0.599 Ellipro
0.32071769604743944 0.6783151326053042 0.598 Ellipro
0.32163334714077046 0.6817472698907956 0.596 Ellipro
0.3237698663585428 0.6842433697347894 0.595 Ellipro
0.32418408947219257 0.6842433697347894 0.594 Ellipro
0.32549216246266544 0.6886115444617785 0.592 Ellipro
0.3277376877629772 0.6889235569422777 0.591 Ellipro
0.3287623449388476 0.6904836193447738 0.589 Ellipro
0.33044103860995444 0.6932917316692667 0.588 Ellipro
0.3316401055178879 0.6932917316692667 0.587 Ellipro
0.33196712376550613 0.6945397815912636 0.586 Ellipro
0.3332097931064553 0.6945397815912636 0.585 Ellipro
0.3346050709629597 0.6957878315132605 0.584 Ellipro
0.33528090867470406 0.6976599063962559 0.583 Ellipro
0.3355425232727986 0.6998439937597504 0.581 Ellipro
0.33767904249057096 0.7023400936037442 0.579 Ellipro
0.3384638862848547 0.7026521060842433 0.578 Ellipro
0.3389217118315202 0.7026521060842433 0.577 Ellipro
0.3401861823889773 0.704836193447738 0.576 Ellipro
0.34153785781246593 0.704836193447738 0.575 Ellipro
0.3416468638950053 0.7067082683307332 0.573 Ellipro
0.34360897338071467 0.7067082683307332 0.572 Ellipro
0.34557108286642396 0.7113884555382215 0.571 Ellipro
0.3471625716714993 0.7113884555382215 0.57 Ellipro
0.3481872288473697 0.7123244929797192 0.569 Ellipro
0.3489720726416534 0.7132605304212168 0.568 Ellipro
0.3509123809108548 0.7151326053042122 0.565 Ellipro
0.35139200767402823 0.7160686427457098 0.564 Ellipro
0.3524384660664065 0.7163806552262091 0.563 Ellipro
0.3540517560879897 0.717628705148206 0.562 Ellipro
0.3560356667902069 0.7188767550702028 0.559 Ellipro
0.35697311910004575 0.719188767550702 0.558 Ellipro
0.35767075802829795 0.719188767550702 0.557 Ellipro
0.35895702980226296 0.7201248049921997 0.556 Ellipro
0.35950206021496 0.7210608424336974 0.555 Ellipro
0.3605703198238462 0.7232449297971919 0.553 Ellipro
0.361333362401622 0.7232449297971919 0.552 Ellipro
0.36373149621748896 0.7235569422776911 0.551 Ellipro
0.36497416555843815 0.7244929797191888 0.549 Ellipro
0.3653229850225643 0.7266770670826833 0.548 Ellipro
0.3660860276003401 0.7266770670826833 0.547 Ellipro
0.36676186531208443 0.7266770670826833 0.546 Ellipro
0.3672196908587499 0.7273010920436818 0.545 Ellipro
0.36841875776668337 0.7288611544461778 0.544 Ellipro
0.3716671390263577 0.7326053042121685 0.542 Ellipro
0.3728226035012754 0.7341653666146646 0.541 Ellipro
0.37354204364603544 0.7344773790951638 0.539 Ellipro
0.375089930018095 0.7344773790951638 0.538 Ellipro
0.3760273823279339 0.7351014040561622 0.537 Ellipro
0.37685582855523336 0.7351014040561622 0.536 Ellipro
0.3769648346377728 0.7351014040561622 0.535 Ellipro
0.37737905775142255 0.7372854914196568 0.534 Ellipro
0.37812029911269046 0.737597503900156 0.532 Ellipro
0.3790577514225294 0.737597503900156 0.531 Ellipro
0.3792757635876082 0.7379095163806553 0.53 Ellipro
0.38176110226950666 0.7400936037441498 0.529 Ellipro
0.38302557282696376 0.7410296411856474 0.528 Ellipro
0.38496588109616514 0.7429017160686427 0.526 Ellipro
0.3853801042098149 0.7450858034321373 0.523 Ellipro
0.3882578647888552 0.7457098283931357 0.522 Ellipro
0.3921820837602738 0.7463338533541342 0.52 Ellipro
0.393075933637097 0.7507020280811233 0.519 Ellipro
0.3938389762148728 0.7510140405616225 0.515 Ellipro
0.3942095968955068 0.7519500780031201 0.514 Ellipro
0.39488543460725106 0.7544461778471139 0.513 Ellipro
0.39571388083455056 0.7544461778471139 0.512 Ellipro
0.3962371100307397 0.7544461778471139 0.511 Ellipro
0.3984172316815278 0.7566302652106084 0.51 Ellipro
0.4014476007761233 0.7591263650546022 0.508 Ellipro
0.4021016372713597 0.7591263650546022 0.507 Ellipro
0.4024940591685016 0.7603744149765991 0.506 Ellipro
0.40508840393293943 0.7613104524180967 0.504 Ellipro
0.405720639211668 0.7625585023400936 0.503 Ellipro
0.4063310732738887 0.7625585023400936 0.502 Ellipro
0.4069197061196015 0.7638065522620905 0.501 Ellipro
0.4072249231507118 0.7653666146645866 0.5 Ellipro
0.4087510083062635 0.7653666146645866 0.499 Ellipro
0.4100372800802285 0.7656786271450858 0.498 Ellipro
0.4110619372560989 0.7656786271450858 0.497 Ellipro
0.4119339859164141 0.7656786271450858 0.496 Ellipro
0.41291504065926876 0.765990639625585 0.495 Ellipro
0.4131548540408555 0.7669266770670827 0.493 Ellipro
0.4140705051341865 0.7669266770670827 0.492 Ellipro
0.41450652946434413 0.7672386895475819 0.491 Ellipro
0.4149643550110096 0.7694227769110764 0.49 Ellipro
0.4169482657132268 0.7712948517940718 0.489 Ellipro
0.41747149490941593 0.7728549141965678 0.488 Ellipro
0.4181037301881445 0.7728549141965678 0.487 Ellipro
0.41873596546687303 0.7747269890795632 0.486 Ellipro
0.42124310536527937 0.7765990639625585 0.485 Ellipro
0.4214611175303582 0.7775351014040561 0.484 Ellipro
0.4223767686236892 0.7775351014040561 0.483 Ellipro
0.4245568902744773 0.7809672386895475 0.482 Ellipro
0.42593036691447383 0.7809672386895475 0.481 Ellipro
0.42719483747193093 0.7812792511700468 0.48 Ellipro
0.42776166910113583 0.7819032761310453 0.479 Ellipro
0.42802328369923043 0.7825273010920437 0.478 Ellipro
0.42902613965859293 0.7850234009360374 0.477 Ellipro
0.43037781508208156 0.7853354134165367 0.476 Ellipro
0.43061762846366824 0.7859594383775351 0.475 Ellipro
0.4320783099696963 0.787207488299532 0.473 Ellipro
0.43353899147572433 0.7887675507020281 0.472 Ellipro
0.4337134012077874 0.7887675507020281 0.47 Ellipro
0.43399681702238985 0.7903276131045242 0.469 Ellipro
0.43443284135254745 0.7925117004680188 0.468 Ellipro
0.43595892650809914 0.7925117004680188 0.467 Ellipro
0.4360461313741307 0.7925117004680188 0.466 Ellipro
0.43667836665285925 0.7937597503900156 0.465 Ellipro
0.43770302382872966 0.7937597503900156 0.464 Ellipro
0.43983954304650197 0.7937597503900156 0.463 Ellipro
0.44149643550110096 0.7953198127925117 0.462 Ellipro
0.4432405328217314 0.7962558502340094 0.46 Ellipro
0.4450718350083935 0.7984399375975039 0.459 Ellipro
0.4461618958337875 0.7987519500780031 0.458 Ellipro
0.4466633238134688 0.8 0.457 Ellipro
0.448276613835052 0.802808112324493 0.456 Ellipro
0.449192264928383 0.8034321372854915 0.455 Ellipro
0.4494102770934618 0.8034321372854915 0.454 Ellipro
0.45052213913536376 0.8037441497659906 0.453 Ellipro
0.4509799646820293 0.8043681747269891 0.452 Ellipro
0.45108897076456866 0.8043681747269891 0.451 Ellipro
0.4518084109093287 0.8043681747269891 0.45 Ellipro
0.4527676644356755 0.8043681747269891 0.448 Ellipro
0.4544027556737666 0.8046801872074884 0.447 Ellipro
0.45876299897534284 0.8065522620904836 0.445 Ellipro
0.4595042403366108 0.8074882995319813 0.444 Ellipro
0.4598530598007369 0.8084243369734789 0.443 Ellipro
0.4605288975124812 0.8093603744149765 0.442 Ellipro
0.4608995181931152 0.8106084243369734 0.441 Ellipro
0.4615753559048595 0.8115444617784712 0.44 Ellipro
0.4632976520089821 0.8121684867394696 0.439 Ellipro
0.46473653229850226 0.8140405616224649 0.438 Ellipro
0.465521376092786 0.8140405616224649 0.437 Ellipro
0.46693845516579824 0.8152886115444617 0.436 Ellipro
0.46706926246484554 0.8152886115444617 0.434 Ellipro
0.4684863415378578 0.8152886115444617 0.433 Ellipro
0.47007783034293316 0.818408736349454 0.432 Ellipro
0.4716911203645163 0.818408736349454 0.431 Ellipro
0.4726503738908631 0.8196567862714509 0.429 Ellipro
0.47297739213848133 0.8196567862714509 0.428 Ellipro
0.4751139113562537 0.8221528861154446 0.426 Ellipro
0.47572434541847436 0.8221528861154446 0.425 Ellipro
0.4764437855632344 0.8221528861154446 0.424 Ellipro
0.47801347315180187 0.8246489859594384 0.422 Ellipro
0.47967036560640086 0.8249609984399376 0.421 Ellipro
0.4807604264317949 0.8258970358814353 0.42 Ellipro
0.48084763129782643 0.8258970358814353 0.419 Ellipro
0.48141446292703133 0.8268330733229329 0.418 Ellipro
0.4820466982057599 0.8268330733229329 0.417 Ellipro
0.4837689943098825 0.8277691107644306 0.416 Ellipro
0.48475004905273716 0.8299531981279251 0.415 Ellipro
0.48522967581591053 0.8299531981279251 0.414 Ellipro
0.4856438989295603 0.8305772230889236 0.413 Ellipro
0.48738799625019075 0.8318252730109205 0.412 Ellipro
0.4883036473435218 0.8321372854914196 0.411 Ellipro
0.4890884911378055 0.8321372854914196 0.41 Ellipro
0.4897861300660577 0.8336973478939158 0.409 Ellipro
0.49030935926224684 0.8336973478939158 0.408 Ellipro
0.4910287994070069 0.834009360374415 0.407 Ellipro
0.49246767969652705 0.8346333853354134 0.406 Ellipro
0.49329612592382655 0.8346333853354134 0.405 Ellipro
0.49401556606858665 0.8352574102964119 0.404 Ellipro
0.495410843925091 0.8358814352574103 0.403 Ellipro
0.49778717652445004 0.8390015600624025 0.401 Ellipro
0.5002071115568248 0.8390015600624025 0.399 Ellipro
0.501100961433648 0.8402496099843993 0.398 Ellipro
0.5014061784647583 0.8408736349453978 0.397 Ellipro
0.5017986003619002 0.8418096723868955 0.396 Ellipro
0.5026488478057075 0.8418096723868955 0.394 Ellipro
0.5045673548584011 0.8421216848673947 0.392 Ellipro
0.5056574156837952 0.8433697347893916 0.389 Ellipro
0.5070090911072838 0.84399375975039 0.388 Ellipro
0.5074451154374414 0.84399375975039 0.387 Ellipro
0.5082299592317251 0.84399375975039 0.386 Ellipro
0.511194924676797 0.8458658346333854 0.385 Ellipro
0.5121759794196517 0.8458658346333854 0.384 Ellipro
0.5125466001002856 0.8480499219968799 0.383 Ellipro
0.5133532451110772 0.851170046801872 0.382 Ellipro
0.5149011314831368 0.851170046801872 0.38 Ellipro
0.5154897643288495 0.8517940717628705 0.379 Ellipro
0.5167324336697988 0.8517940717628705 0.378 Ellipro
0.51723386164948 0.8521060842433698 0.377 Ellipro
0.5176916871961456 0.8521060842433698 0.376 Ellipro
0.5187381455885238 0.8521060842433698 0.375 Ellipro
0.5191305674856657 0.8521060842433698 0.373 Ellipro
0.5208746648062962 0.8530421216848674 0.372 Ellipro
0.5215723037345484 0.8542901716068643 0.371 Ellipro
0.5235562144367656 0.8567862714508581 0.37 Ellipro
0.5239704375504153 0.8570982839313572 0.369 Ellipro
0.5255619263554906 0.8577223088923557 0.368 Ellipro
0.5259761494691404 0.8577223088923557 0.366 Ellipro
0.5277202467897709 0.8589703588143526 0.365 Ellipro
0.5280690662538969 0.8589703588143526 0.364 Ellipro
0.529529747759925 0.8599063962558502 0.363 Ellipro
0.5301183806056378 0.8599063962558502 0.362 Ellipro
0.5320368876583313 0.8605304212168486 0.361 Ellipro
0.5323421046894417 0.8605304212168486 0.36 Ellipro
0.5328653338856308 0.862402496099844 0.359 Ellipro
0.5340425995770564 0.862402496099844 0.358 Ellipro
0.5343696178246746 0.8630265210608424 0.357 Ellipro
0.5353506725675292 0.8630265210608424 0.356 Ellipro
0.5365715406919707 0.8630265210608424 0.355 Ellipro
0.5384464453116484 0.8636505460218409 0.354 Ellipro
0.5397763195186291 0.8645865834633385 0.353 Ellipro
0.5423924654995749 0.8648985959438378 0.351 Ellipro
0.5428938934792561 0.8648985959438378 0.35 Ellipro
0.5433081165929059 0.8648985959438378 0.349 Ellipro
0.5439403518716345 0.8677067082683307 0.348 Ellipro
0.5465346966360723 0.8689547581903276 0.347 Ellipro
0.5472541367808323 0.8689547581903276 0.345 Ellipro
0.5483659988227343 0.8689547581903276 0.344 Ellipro
0.5499138851947939 0.8698907956318253 0.343 Ellipro
0.550240903442412 0.8698907956318253 0.342 Ellipro
0.5503499095249514 0.8714508580343213 0.341 Ellipro
0.5521812117116135 0.8720748829953198 0.34 Ellipro
0.5528570494233578 0.872386895475819 0.339 Ellipro
0.5547537552595435 0.8733229329173167 0.338 Ellipro
0.5549935686411301 0.8739469578783151 0.337 Ellipro
0.5557784124354139 0.8764430577223089 0.335 Ellipro
0.5561926355490636 0.8764430577223089 0.334 Ellipro
0.5566286598792213 0.8770670826833074 0.333 Ellipro
0.5580675401687414 0.8770670826833074 0.332 Ellipro
0.5590049924785803 0.8770670826833074 0.331 Ellipro
0.5607490897992108 0.8776911076443058 0.33 Ellipro
0.5609671019642896 0.8776911076443058 0.329 Ellipro
0.561642939676034 0.878003120124805 0.328 Ellipro
0.5626239944188886 0.878003120124805 0.327 Ellipro
0.5638666637598378 0.8783151326053042 0.326 Ellipro
0.5651965379668186 0.8783151326053042 0.325 Ellipro
0.5673548584010988 0.8783151326053042 0.324 Ellipro
0.5698619982995051 0.8808112324492979 0.323 Ellipro
0.5701890165471233 0.8817472698907957 0.321 Ellipro
0.5709520591248992 0.8820592823712948 0.319 Ellipro
0.5712790773725174 0.883619344773791 0.318 Ellipro
0.57300137347664 0.8854914196567862 0.317 Ellipro
0.5748762780963178 0.8854914196567862 0.315 Ellipro
0.5771436046131374 0.8882995319812792 0.314 Ellipro
0.5778630447578975 0.8882995319812792 0.312 Ellipro
0.5781900630055157 0.8882995319812792 0.311 Ellipro
0.5788877019337679 0.8895475819032761 0.31 Ellipro
0.579607142078528 0.8895475819032761 0.309 Ellipro
0.579955961542654 0.890795631825273 0.308 Ellipro
0.5815038479147137 0.8911076443057723 0.307 Ellipro
0.5830517342867731 0.893603744149766 0.305 Ellipro
0.5843380060607382 0.893603744149766 0.304 Ellipro
0.5852100547210535 0.8945397815912637 0.303 Ellipro
0.5879134055680307 0.8973478939157566 0.302 Ellipro
0.5881314177331095 0.8976599063962558 0.301 Ellipro
0.5887854542283459 0.8976599063962558 0.3 Ellipro
0.5903115393838976 0.8982839313572543 0.299 Ellipro
0.5905295515489765 0.8982839313572543 0.297 Ellipro
0.5920556367045281 0.8985959438377535 0.296 Ellipro
0.5941485534892847 0.8989079563182527 0.295 Ellipro
0.5948679936340447 0.8989079563182527 0.294 Ellipro
0.5961542654080098 0.8989079563182527 0.292 Ellipro
0.5965902897381674 0.8998439937597504 0.291 Ellipro
0.5980073688111797 0.8998439937597504 0.29 Ellipro
0.5989884235540344 0.9004680187207488 0.289 Ellipro
0.6012993525038697 0.902028081123245 0.288 Ellipro
0.6024330157622796 0.902028081123245 0.286 Ellipro
0.6033704680721185 0.9039001560062403 0.285 Ellipro
0.6040245045673549 0.9039001560062403 0.283 Ellipro
0.6046131374130677 0.9042121684867395 0.282 Ellipro
0.6056595958054459 0.9042121684867395 0.281 Ellipro
0.6062700298676666 0.9042121684867395 0.28 Ellipro
0.608232139353376 0.9060842433697348 0.279 Ellipro
0.6089515794981359 0.9060842433697348 0.278 Ellipro
0.6092349953127385 0.9060842433697348 0.277 Ellipro
0.6101724476225774 0.906396255850234 0.276 Ellipro
0.6117203339946369 0.9070202808112324 0.274 Ellipro
0.6125051777889207 0.9070202808112324 0.273 Ellipro
0.6138568532124092 0.9092043681747269 0.272 Ellipro
0.6141402690270117 0.9092043681747269 0.271 Ellipro
0.6154265408009767 0.9095163806552262 0.269 Ellipro
0.6164293967603393 0.9095163806552262 0.268 Ellipro
0.618674922060651 0.9095163806552262 0.267 Ellipro
0.6191327476073165 0.9110764430577223 0.266 Ellipro
0.6210076522269943 0.9110764430577223 0.265 Ellipro
0.6224901349495302 0.9126365054602185 0.264 Ellipro
0.6231441714447666 0.9132605304212168 0.263 Ellipro
0.6241906298371449 0.9132605304212168 0.262 Ellipro
0.6247138590333341 0.9151326053042121 0.26 Ellipro
0.6257167149926965 0.9154446177847114 0.259 Ellipro
0.627657023261898 0.9154446177847114 0.258 Ellipro
0.6294447230155442 0.9154446177847114 0.257 Ellipro
0.6303603741088752 0.9154446177847114 0.256 Ellipro
0.6315376398003009 0.9166926677067083 0.255 Ellipro
0.6322788811615688 0.9166926677067083 0.253 Ellipro
0.6324968933266476 0.9170046801872075 0.251 Ellipro
0.6326713030587107 0.9173166926677067 0.25 Ellipro
0.6351348405241013 0.919188767550702 0.249 Ellipro
0.6358106782358456 0.919188767550702 0.247 Ellipro
0.6375111731234603 0.9198127925117004 0.246 Ellipro
0.639386077743138 0.9204368174726989 0.245 Ellipro
0.6410211689812292 0.9241809672386896 0.243 Ellipro
0.6420022237240838 0.9241809672386896 0.242 Ellipro
0.644356755106935 0.924804992199688 0.241 Ellipro
0.6446183697050295 0.9251170046801872 0.24 Ellipro
0.644901785519632 0.9251170046801872 0.239 Ellipro
0.6459046414789945 0.9257410296411857 0.238 Ellipro
0.6475615339335935 0.9260530421216848 0.237 Ellipro
0.648019359480259 0.9269890795631825 0.236 Ellipro
0.6489786130066058 0.9273010920436817 0.235 Ellipro
0.6493928361202556 0.9273010920436817 0.234 Ellipro
0.6500686738319998 0.927613104524181 0.233 Ellipro
0.652423205214851 0.927613104524181 0.232 Ellipro
0.6529028319780243 0.927613104524181 0.231 Ellipro
0.6534914648237372 0.927613104524181 0.23 Ellipro
0.6543635134840524 0.927613104524181 0.229 Ellipro
0.657001460681506 0.9297971918876755 0.227 Ellipro
0.6577863044757898 0.9301092043681747 0.226 Ellipro
0.6581569251564238 0.930421216848674 0.225 Ellipro
0.6588763653011838 0.930421216848674 0.224 Ellipro
0.6603370468072118 0.9307332293291731 0.223 Ellipro
0.6614053064160981 0.9313572542901716 0.222 Ellipro
0.6627787830560945 0.9316692667706709 0.221 Ellipro
0.6632802110357758 0.9329173166926678 0.22 Ellipro
0.6644574767272013 0.9329173166926678 0.219 Ellipro
0.6657655497176742 0.9329173166926678 0.218 Ellipro
0.6659835618827531 0.9329173166926678 0.216 Ellipro
0.6675750506878284 0.9329173166926678 0.215 Ellipro
0.6680328762344939 0.9332293291731669 0.214 Ellipro
0.6697987747716323 0.9335413416536662 0.213 Ellipro
0.6707798295144869 0.9341653666146645 0.212 Ellipro
0.6722623122370228 0.9354134165366614 0.211 Ellipro
0.6723495171030544 0.9354134165366614 0.21 Ellipro
0.6734613791449563 0.9363494539781592 0.209 Ellipro
0.6745078375373346 0.9366614664586583 0.208 Ellipro
0.6754234886306656 0.9366614664586583 0.207 Ellipro
0.6768623689201857 0.9379095163806552 0.205 Ellipro
0.6775382066319301 0.9379095163806552 0.204 Ellipro
0.6787154723233556 0.9385335413416537 0.203 Ellipro
0.6798491355817655 0.9391575663026521 0.202 Ellipro
0.6810700037062069 0.9391575663026521 0.201 Ellipro
0.6813752207373172 0.9394695787831513 0.2 Ellipro
0.6821164620985851 0.9400936037441497 0.199 Ellipro
0.6842529813163575 0.9407176287051482 0.198 Ellipro
0.6857790664719091 0.9410296411856475 0.194 Ellipro
0.6868909285138111 0.9429017160686427 0.193 Ellipro
0.6874141577100003 0.943213728549142 0.192 Ellipro
0.6891364538141228 0.943213728549142 0.191 Ellipro
0.690030303690946 0.943213728549142 0.19 Ellipro
0.6907061414026903 0.943213728549142 0.189 Ellipro
0.6916435937125291 0.943213728549142 0.188 Ellipro
0.6936057031982384 0.9435257410296412 0.187 Ellipro
0.6946739628071247 0.9444617784711389 0.186 Ellipro
0.6948701737556956 0.9450858034321373 0.185 Ellipro
0.6960910418801369 0.9453978159126365 0.184 Ellipro
0.6968322832414049 0.9453978159126365 0.183 Ellipro
0.6973991148706098 0.9453978159126365 0.182 Ellipro
0.6983147659639408 0.9457098283931358 0.181 Ellipro
0.7001896705836186 0.9466458658346334 0.18 Ellipro
0.7012361289759969 0.9472698907956318 0.179 Ellipro
0.701584948440123 0.9472698907956318 0.177 Ellipro
0.7026750092655171 0.9472698907956318 0.176 Ellipro
0.7040484859055135 0.9472698907956318 0.175 Ellipro
0.7048333296997973 0.9472698907956318 0.174 Ellipro
0.7056617759270968 0.9482059282371295 0.173 Ellipro
0.7067300355359829 0.9491419656786272 0.172 Ellipro
0.7081471146089952 0.9494539781591264 0.171 Ellipro
0.7088883559702631 0.9494539781591264 0.17 Ellipro
0.7104580435588306 0.9497659906396256 0.169 Ellipro
0.7113518934356537 0.9497659906396256 0.168 Ellipro
0.711482700734701 0.9500780031201248 0.167 Ellipro
0.7120931347969217 0.9500780031201248 0.166 Ellipro
0.7134230090039024 0.9500780031201248 0.165 Ellipro
0.7161481610673875 0.9510140405616224 0.164 Ellipro
0.7165187817480215 0.9510140405616224 0.163 Ellipro
0.7167803963461161 0.9510140405616224 0.162 Ellipro
0.7177614510889707 0.9522620904836193 0.161 Ellipro
0.7194183435435697 0.9525741029641186 0.16 Ellipro
0.7204866031524559 0.9525741029641186 0.159 Ellipro
0.7219690858749919 0.9538221528861155 0.157 Ellipro
0.723211755215941 0.9538221528861155 0.156 Ellipro
0.7243890209073667 0.9541341653666147 0.155 Ellipro
0.7259369072794262 0.9547581903276131 0.154 Ellipro
0.7263729316095838 0.9547581903276131 0.153 Ellipro
0.727070570537836 0.9547581903276131 0.151 Ellipro
0.7287710654254508 0.9547581903276131 0.15 Ellipro
0.7294687043537029 0.9547581903276131 0.149 Ellipro
0.7297957226013212 0.9547581903276131 0.148 Ellipro
0.730558765179097 0.9547581903276131 0.147 Ellipro
0.7322592600667117 0.9553822152886116 0.146 Ellipro
0.73330571845909 0.95600624024961 0.145 Ellipro
0.7339161525213107 0.95600624024961 0.144 Ellipro
0.7358564607905121 0.9563182527301092 0.143 Ellipro
0.7361834790381303 0.9563182527301092 0.142 Ellipro
0.7371209313479692 0.9563182527301092 0.141 Ellipro
0.7385162092044736 0.9563182527301092 0.14 Ellipro
0.7398460834114544 0.9569422776911076 0.139 Ellipro
0.7410015478863721 0.9572542901716069 0.137 Ellipro
0.741197758834943 0.9572542901716069 0.136 Ellipro
0.743029061021605 0.9572542901716069 0.135 Ellipro
0.7436176938673178 0.9578783151326054 0.134 Ellipro
0.7445987486101725 0.9578783151326054 0.133 Ellipro
0.7451437790228694 0.9578783151326054 0.132 Ellipro
0.7457978155181059 0.9578783151326054 0.131 Ellipro
0.7470840872920709 0.9578783151326054 0.13 Ellipro
0.7476073164882601 0.9578783151326054 0.129 Ellipro
0.7478689310863547 0.9585023400936038 0.128 Ellipro
0.7492860101593669 0.9585023400936038 0.127 Ellipro
0.7500708539536506 0.958814352574103 0.126 Ellipro
0.7521637707384072 0.9594383775351014 0.125 Ellipro
0.7536898558939589 0.9597503900156006 0.124 Ellipro
0.7543220911726874 0.9597503900156006 0.123 Ellipro
0.7546709106368136 0.9600624024960999 0.122 Ellipro
0.7559353811942706 0.9600624024960999 0.121 Ellipro
0.757330659050775 0.9600624024960999 0.12 Ellipro
0.7590093527218819 0.9609984399375975 0.119 Ellipro
0.7592055636704528 0.9616224648985959 0.117 Ellipro
0.759903202598705 0.9616224648985959 0.116 Ellipro
0.7616909023523513 0.9616224648985959 0.115 Ellipro
0.7627373607447295 0.9616224648985959 0.114 Ellipro
0.7632387887244109 0.9616224648985959 0.113 Ellipro
0.7645032592818679 0.9622464898595944 0.112 Ellipro
0.7653317055091674 0.9622464898595944 0.111 Ellipro
0.7658767359218644 0.9628705148205928 0.11 Ellipro
0.7667487845821797 0.9628705148205928 0.109 Ellipro
0.768885303799952 0.963182527301092 0.108 Ellipro
0.7696483463777278 0.963182527301092 0.107 Ellipro
0.7706075999040747 0.963182527301092 0.106 Ellipro
0.7715450522139136 0.963182527301092 0.105 Ellipro
0.7725479081732761 0.963182527301092 0.103 Ellipro
0.7738123787307332 0.9634945397815913 0.102 Ellipro
0.7751422529377139 0.9638065522620904 0.101 Ellipro
0.7765375307942183 0.9638065522620904 0.099 Ellipro
0.7769299526913602 0.9644305772230889 0.098 Ellipro
0.7774313806710414 0.9644305772230889 0.097 Ellipro
0.7781726220323094 0.9644305772230889 0.096 Ellipro
0.7800911290850029 0.9644305772230889 0.095 Ellipro
0.7809413765288103 0.9644305772230889 0.094 Ellipro
0.782096841003728 0.9650546021840873 0.093 Ellipro
0.7828598835815038 0.9656786271450858 0.092 Ellipro
0.7833395103446772 0.9656786271450858 0.091 Ellipro
0.7838845407573742 0.9656786271450858 0.09 Ellipro
0.7852798186138786 0.9656786271450858 0.089 Ellipro
0.7868277049859382 0.9656786271450858 0.088 Ellipro
0.7871765244500644 0.9656786271450858 0.087 Ellipro
0.7890296278532342 0.9656786271450858 0.086 Ellipro
0.7893784473173603 0.9656786271450858 0.085 Ellipro
0.7903813032767228 0.9659906396255851 0.084 Ellipro
0.7906211166583096 0.9659906396255851 0.083 Ellipro
0.7921908042468769 0.9663026521060842 0.082 Ellipro
0.7937604918354444 0.9663026521060842 0.081 Ellipro
0.7943055222481414 0.9663026521060842 0.08 Ellipro
0.7950685648259173 0.9663026521060842 0.079 Ellipro
0.7953301794240119 0.9663026521060842 0.078 Ellipro
0.7965292463319453 0.9663026521060842 0.077 Ellipro
0.7972268852601975 0.9663026521060842 0.076 Ellipro
0.7982951448690837 0.9663026521060842 0.075 Ellipro
0.8015653273452659 0.9663026521060842 0.074 Ellipro
0.8016961346443131 0.9663026521060842 0.073 Ellipro
0.8021539601909786 0.9663026521060842 0.072 Ellipro
0.8025463820881206 0.9663026521060842 0.071 Ellipro
0.8045520940068456 0.9663026521060842 0.07 Ellipro
0.8050535219865268 0.9663026521060842 0.069 Ellipro
0.8060781791623972 0.9663026521060842 0.068 Ellipro
0.8064487998430312 0.9663026521060842 0.067 Ellipro
0.8077132704004883 0.9663026521060842 0.066 Ellipro
0.8084109093287405 0.9663026521060842 0.065 Ellipro
0.8098497896182607 0.9663026521060842 0.064 Ellipro
0.8106346334125444 0.9663026521060842 0.063 Ellipro
0.8114630796398439 0.9663026521060842 0.062 Ellipro
0.8124877368157143 0.9663026521060842 0.061 Ellipro
0.8137740085896793 0.9663026521060842 0.06 Ellipro
0.8140792256207896 0.9663026521060842 0.059 Ellipro
0.8153218949617389 0.9663026521060842 0.058 Ellipro
0.8157797205084044 0.9666146645865835 0.057 Ellipro
0.8171531971484008 0.9666146645865835 0.056 Ellipro
0.818047047025224 0.9666146645865835 0.055 Ellipro
0.8188100896029998 0.9666146645865835 0.054 Ellipro
0.8201181625934727 0.9666146645865835 0.053 Ellipro
0.8208812051712485 0.9666146645865835 0.052 Ellipro
0.8214044343674377 0.9666146645865835 0.051 Ellipro
0.8231921341210839 0.9666146645865835 0.05 Ellipro
0.8238679718328282 0.9666146645865835 0.049 Ellipro
0.8253286533388563 0.9666146645865835 0.048 Ellipro
0.8260044910506006 0.9666146645865835 0.047 Ellipro
0.8269201421439316 0.9666146645865835 0.046 Ellipro
0.8274433713401208 0.9666146645865835 0.045 Ellipro
0.8281846127013888 0.9666146645865835 0.044 Ellipro
0.8299941136715429 0.9666146645865835 0.043 Ellipro
0.8304955416512242 0.9666146645865835 0.042 Ellipro
0.8319126207242364 0.9666146645865835 0.041 Ellipro
0.8326538620855044 0.9666146645865835 0.04 Ellipro
0.8332424949312172 0.9666146645865835 0.039 Ellipro
0.834179947241056 0.9666146645865835 0.038 Ellipro
0.8356406287470841 0.9666146645865835 0.037 Ellipro
0.8364690749743836 0.9666146645865835 0.036 Ellipro
0.8372321175521594 0.9666146645865835 0.035 Ellipro
0.8384311844600929 0.9666146645865835 0.034 Ellipro
0.8397828598835815 0.9669266770670827 0.033 Ellipro
0.8406549085438968 0.9675507020280811 0.032 Ellipro
0.8417885718023066 0.9681747269890796 0.031 Ellipro
0.8429004338442085 0.9684867394695788 0.03 Ellipro
0.8441649044016656 0.968798751950078 0.029 Ellipro
0.8447099348143626 0.9691107644305772 0.028 Ellipro
0.8463232248359458 0.9694227769110765 0.027 Ellipro
0.8470644661972138 0.9703588143525741 0.026 Ellipro
0.8483289367546709 0.9709828393135725 0.025 Ellipro
0.8488957683838758 0.9709828393135725 0.024 Ellipro
0.849767817044191 0.9712948517940717 0.023 Ellipro
0.8503564498899039 0.9719188767550702 0.022 Ellipro
0.8514465107152979 0.9719188767550702 0.021 Ellipro
0.8517517277464083 0.9728549141965679 0.02 Ellipro
0.8529289934378338 0.974414976599064 0.019 Ellipro
0.8537356384486254 0.9747269890795632 0.018 Ellipro
0.8550437114390983 0.9747269890795632 0.017 Ellipro
0.8557413503673506 0.9750390015600624 0.016 Ellipro
0.8567006038936973 0.9750390015600624 0.015 Ellipro
0.8573328391724259 0.9756630265210608 0.014 Ellipro
0.8585973097298829 0.9781591263650546 0.013 Ellipro
0.859316749874643 0.9784711388455538 0.012 Ellipro
0.8601669973184504 0.9794071762870514 0.011 Ellipro
0.861322461793368 0.9803432137285492 0.01 Ellipro
0.8627613420828882 0.982839313572543 0.009 Ellipro
0.8637859992587587 0.982839313572543 0.008 Ellipro
0.8644182345374872 0.9840873634945397 0.007 Ellipro
0.8653338856308181 0.9856474258970359 0.006 Ellipro
0.8657045063114521 0.987207488299532 0.005 Ellipro
0.866838169569862 0.9881435257410296 0.004 Ellipro
0.8677974230962088 0.9881435257410296 0.003 Ellipro
0.868843881488587 0.9890795631825273 0.002 Ellipro
0.8700429483965205 0.9890795631825273 0.001 Ellipro
1.0 1.0 0.0 Ellipro
