0.0 0.21513205717491635 1.52884 0.70281483 0.56155535 -36.08082164138728 ../testing_datasets/H3_epi.csv NeighborSum 48
0.0 0.18400472313693822 -0.5508 0.211964021 0.626477082 -35.683728638247814 ../testing_datasets/H3_epi.csv NeighborSum 48
0.0 0.19265713653175737 -0.68593 0.612367541 0.577727537 -39.30171869005371 ../testing_datasets/H3_epi.csv NeighborSum 48
0.0 0.18608023226973072 -2.9028 1.196666614 0.482218707 -43.89047868739566 ../testing_datasets/H3_epi.csv NeighborSum 48
0.0 0.17132161661971992 -2.42402 0.715100347 0.473249904 -45.27736835477065 ../testing_datasets/H3_epi.csv NeighborSum 48
0.0 0.1512797380771975 -3.42658 0.115711929 0.608409029 -43.824572131444285 ../testing_datasets/H3_epi.csv NeighborSum 48
0.0 0.1867516477322699 -1.3467 0.690582744 0.594653653 -52.05682568200828 ../testing_datasets/H3_epi.csv NeighborSum 48
0.0 0.1695318965859589 -4.18677 1.196403002 0.469250807 -56.7703906450552 ../testing_datasets/H3_epi.csv NeighborSum 48
0.0 0.16427818446068554 -2.34491 0.483154326 0.538550908 -57.508466416729966 ../testing_datasets/H3_epi.csv NeighborSum 48
0.0 0.176909734188117 0.09823 0.130677272 0.609272048 -60.513189662628236 ../testing_datasets/H3_epi.csv NeighborSum 48
0.0 0.1794891903019392 -1.99779 0.943695555 0.516303867 -66.66107589305972 ../testing_datasets/H3_epi.csv NeighborSum 48
0.0 0.15195750004300632 -4.73053 0.958617728 0.467438631 -68.33883987422347 ../testing_datasets/H3_epi.csv NeighborSum 48
0.0 0.14821842638812494 -3.1488 0.262675306 0.574262765 -68.25851903457864 ../testing_datasets/H3_epi.csv NeighborSum 48
0.0 0.1834844648859465 -0.18274 0.539623645 0.595199657 -75.22844739666961 ../testing_datasets/H3_epi.csv NeighborSum 48
0.0 0.1732010839167794 -3.23461 1.223431364 0.509046026 -82.2448498714208 ../testing_datasets/H3_epi.csv NeighborSum 48
0.0 0.16267523328239517 -2.77369 0.815664173 0.510678066 -81.11026805769151 ../testing_datasets/H3_epi.csv NeighborSum 48
0.0 0.19139469687168076 -0.08763 0.760532859 0.627501588 -85.63323644758162 ../testing_datasets/H3_epi.csv NeighborSum 48
0.0 0.17782425219558293 -1.15649 0.854286305 0.549632638 -90.89643694957651 ../testing_datasets/H3_epi.csv NeighborSum 48
0.0 0.15583769364746708 -3.9233 1.153800785 0.454219304 -95.84221529477087 ../testing_datasets/H3_epi.csv NeighborSum 48
0.0 0.17285998848151132 -2.31607 1.042818155 0.539641004 -94.03703287599131 ../testing_datasets/H3_epi.csv NeighborSum 48
0.0 0.1760423873353218 -1.72819 0.812858912 0.632049147 -95.50063996593985 ../testing_datasets/H3_epi.csv NeighborSum 48
0.0 0.15371269410849803 -4.04467 1.048833101 0.538544532 -106.52288333566364 ../testing_datasets/H3_epi.csv NeighborSum 48
0.0 0.1466462139316953 -4.43669 1.118867783 0.470433077 -109.59566409051381 ../testing_datasets/H3_epi.csv NeighborSum 48
0.0 0.18546942190441404 -0.93916 1.004286968 0.628100731 -107.8783306388121 ../testing_datasets/H3_epi.csv NeighborSum 48
0.0 0.17180101676196152 -1.38571 0.864627887 0.599518878 -115.08651034788632 ../testing_datasets/H3_epi.csv NeighborSum 48
0.0 0.15955995833460562 -4.76964 1.682866623 0.478859209 -126.21437928738628 ../testing_datasets/H3_epi.csv NeighborSum 48
0.0 0.14906506466807487 -3.66705 0.973980498 0.542138731 -122.56038305769017 ../testing_datasets/H3_epi.csv NeighborSum 48
0.0 0.1750482394252321 -1.60765 1.019964963 0.631878833 -123.98406459710377 ../testing_datasets/H3_epi.csv NeighborSum 48
0.0 0.16126049044127078 -2.145 1.080741775 0.554341472 -140.0007418023327 ../testing_datasets/H3_epi.csv NeighborSum 48
0.0 0.14378564838845065 -3.17593 1.026439054 0.498467907 -146.585217034977 ../testing_datasets/H3_epi.csv NeighborSum 48
0.0 0.1641158406368825 -1.05362 0.783120339 0.616650998 -141.21917863290525 ../testing_datasets/H3_epi.csv NeighborSum 48
0.0 0.14466803875878215 -3.13934 0.87491363 0.59456164 -150.04282226528298 ../testing_datasets/H3_epi.csv NeighborSum 48
0.0 0.14672927537773775 -3.01718 1.273974642 0.491998065 -167.43086798990888 ../testing_datasets/H3_epi.csv NeighborSum 48
0.0 0.12019714120579228 -4.10324 0.698662507 0.53317147 -164.45580065390516 ../testing_datasets/H3_epi.csv NeighborSum 48
0.0 0.16898024408331538 0.52582 0.806137062 0.632076224 -173.34155953516282 ../testing_datasets/H3_epi.csv NeighborSum 48
0.0 0.13903713408291862 -1.99172 0.999791515 0.482538406 -184.44543474485963 ../testing_datasets/H3_epi.csv NeighborSum 48
0.0 0.09864526508424729 -4.67313 0.723010869 0.429239388 -192.61422945002346 ../testing_datasets/H3_epi.csv NeighborSum 48
0.0 0.14623783420647 -1.1148 0.9134052 0.540615998 -189.37477844552438 ../testing_datasets/H3_epi.csv NeighborSum 48
0.0 0.11730426937053126 -5.404 1.177075753 0.529124751 -190.71323818891418 ../testing_datasets/H3_epi.csv NeighborSum 48
0.0 0.08778250442680631 -4.9215 0.866090372 0.346167498 -215.12451266099825 ../testing_datasets/H3_epi.csv NeighborSum 48
0.0 0.1215981197947176 -2.35313 1.040738514 0.406823853 -213.97775476707838 ../testing_datasets/H3_epi.csv NeighborSum 48
0.0 0.11888544723313976 -2.96365 0.883922457 0.46264375 -201.815579452358 ../testing_datasets/H3_epi.csv NeighborSum 48
0.0 0.09885232152109283 -4.06317 1.192942461 0.270529635 -223.05454255813862 ../testing_datasets/H3_epi.csv NeighborSum 48
0.0 0.07498725283717483 -4.13784 0.598159525 0.323559242 -238.69480148711432 ../testing_datasets/H3_epi.csv NeighborSum 48
0.0 0.10665374515406782 -3.01452 1.063868523 0.328395925 -225.93031882777615 ../testing_datasets/H3_epi.csv NeighborSum 48
0.0 0.08500907678266915 -5.09443 1.020103694 0.287609174 -222.44208670362931 ../testing_datasets/H3_epi.csv NeighborSum 48
0.0 0.0872337129367958 -2.28589 0.436271469 0.391556774 -247.77973529534142 ../testing_datasets/H3_epi.csv NeighborSum 48
0.0 0.08044196303209039 -3.6143 0.535295504 0.405053862 -247.52409907457982 ../testing_datasets/H3_epi.csv NeighborSum 48
0.0 0.11916775354153054 -2.23618 1.043296385 0.436763376 -231.13433594658508 ../testing_datasets/H3_epi.csv NeighborSum 48
0.0 0.09439100718295676 -3.25662 0.716735645 0.416629836 -237.93223693256604 ../testing_datasets/H3_epi.csv NeighborSum 48
0.0 0.06769180226424339 -3.97757 0.332333688 0.408527766 -254.48410073793778 ../testing_datasets/H3_epi.csv NeighborSum 48
0.0 0.09988310781161452 -3.66304 0.984743405 0.426183226 -242.61187809987794 ../testing_datasets/H3_epi.csv NeighborSum 48
0.0 0.10725848169194316 -2.33928 0.827641358 0.386560227 -228.85072540747677 ../testing_datasets/H3_epi.csv NeighborSum 48
0.0 0.08282923898365355 -4.78178 0.752629948 0.431684229 -240.16987924414454 ../testing_datasets/H3_epi.csv NeighborSum 48
0.0 0.09404025117640663 -2.92275 0.760721617 0.380252846 -244.1312004482966 ../testing_datasets/H3_epi.csv NeighborSum 48
0.0 0.1084071977539939 -2.88438 0.993678795 0.346179275 -220.469693948951 ../testing_datasets/H3_epi.csv NeighborSum 48
0.0 0.09618733072397946 -5.10075 0.800457834 0.497762087 -212.69858874833767 ../testing_datasets/H3_epi.csv NeighborSum 48
0.0 0.07515046787772564 -5.5473 0.704684042 0.379752709 -226.2869010019407 ../testing_datasets/H3_epi.csv NeighborSum 48
0.0 0.09602177229404739 -5.75177 1.140684827 0.403300247 -212.253969582081 ../testing_datasets/H3_epi.csv NeighborSum 48
0.0 0.11953365542354025 -1.90614 0.70700435 0.403129698 -194.41869447307107 ../testing_datasets/H3_epi.csv NeighborSum 48
0.0 0.11928702654156481 -4.0602 1.090830856 0.472615618 -197.2519012473922 ../testing_datasets/H3_epi.csv NeighborSum 48
0.0 0.08562579004505763 -6.95578 1.013050303 0.4003109 -197.467405327919 ../testing_datasets/H3_epi.csv NeighborSum 48
0.0 0.12180124197433104 -3.20118 0.997334168 0.353239521 -174.89239320365118 ../testing_datasets/H3_epi.csv NeighborSum 48
0.0 0.1281050551303753 -2.07735 0.700903709 0.409320593 -165.51845006212085 ../testing_datasets/H3_epi.csv NeighborSum 48
0.0 0.13452208921703765 -2.42921 1.057297943 0.376497109 -168.95903775443216 ../testing_datasets/H3_epi.csv NeighborSum 48
0.0 0.15354177707440725 -0.34127 0.801095412 0.412423433 -146.69556216382432 ../testing_datasets/H3_epi.csv NeighborSum 48
0.0 0.16513478982675356 -1.1374 1.414119983 0.508437329 -180.33239391895967 ../testing_datasets/H3_epi.csv NeighborSum 48
0.0 0.13995469499310448 -3.56227 1.320760203 0.533053811 -187.71444988731605 ../testing_datasets/H3_epi.csv NeighborSum 48
0.0 0.11409487214085182 -6.05407 1.078336037 0.455954045 -156.33854882775816 ../testing_datasets/H3_epi.csv NeighborSum 48
0.0 0.13426002539946852 -5.75949 1.527139493 0.563980563 -177.54134229177066 ../testing_datasets/H3_epi.csv NeighborSum 48
0.0 0.1527771390360478 -1.72598 0.995512046 0.461749902 -145.66247667443926 ../testing_datasets/H3_epi.csv NeighborSum 48
0.0 0.1570520965313687 -0.27599 0.809259689 0.498023719 -158.14566632783513 ../testing_datasets/H3_epi.csv NeighborSum 48
0.0 0.16069144667320495 0.78786 0.661070452 0.488295188 -156.4074036156576 ../testing_datasets/H3_epi.csv NeighborSum 48
0.0 0.15458472741484877 -1.25191 1.286137987 0.465452962 -184.90219637181397 ../testing_datasets/H3_epi.csv NeighborSum 48
0.0 0.12454325869278081 -3.39295 1.206935439 0.389150128 -192.74488933290039 ../testing_datasets/H3_epi.csv NeighborSum 48
0.0 0.14501385368556832 -0.6642 0.629992918 0.546774317 -175.1144007734062 ../testing_datasets/H3_epi.csv NeighborSum 48
0.0 0.13342486156174246 -0.54879 0.537023876 0.518248533 -195.68841985515988 ../testing_datasets/H3_epi.csv NeighborSum 48
0.0 0.09959009206069211 -4.67577 1.163806547 0.338176932 -217.20939330705573 ../testing_datasets/H3_epi.csv NeighborSum 48
0.0 0.12557428281640742 -3.61244 1.138946126 0.489545243 -199.24499735298917 ../testing_datasets/H3_epi.csv NeighborSum 48
0.0 0.1252283317240186 -2.14659 0.433889401 0.614015761 -189.17626516851658 ../testing_datasets/H3_epi.csv NeighborSum 48
0.0 0.09691736237735049 -3.42675 0.753158473 0.379966177 -221.85549326009027 ../testing_datasets/H3_epi.csv NeighborSum 48
0.0 0.12173175467030124 -2.43284 1.307695958 0.354909653 -228.88946499236522 ../testing_datasets/H3_epi.csv NeighborSum 48
0.0 0.13073033239926293 -2.60718 0.821615474 0.583038153 -196.34380751362195 ../testing_datasets/H3_epi.csv NeighborSum 48
0.0 0.13635235250875968 -1.84538 0.867244679 0.579307992 -203.43406218266898 ../testing_datasets/H3_epi.csv NeighborSum 48
0.0 0.12504653399785706 -1.47083 1.13120506 0.383977002 -231.13532372153938 ../testing_datasets/H3_epi.csv NeighborSum 48
0.0 0.11212392281447803 -5.06677 0.951889434 0.590394481 -203.90282559831914 ../testing_datasets/H3_epi.csv NeighborSum 48
0.0 0.15331496644198278 0.14959 0.825507389 0.500680061 -182.41988519446517 ../testing_datasets/H3_epi.csv NeighborSum 48
0.0 0.1230670697971057 -2.35388 0.793110125 0.484987789 -200.28108123052027 ../testing_datasets/H3_epi.csv NeighborSum 48
0.0 0.12466458658088327 -1.97868 1.031493409 0.412505547 -214.8166874537173 ../testing_datasets/H3_epi.csv NeighborSum 48
0.0 0.14721311380836602 -1.68432 0.864759332 0.640975992 -189.16189023789173 ../testing_datasets/H3_epi.csv NeighborSum 48
0.0 0.11844725092334898 -2.93833 0.61270284 0.346884099 -148.28267641431552 ../testing_datasets/H3_epi.csv NeighborSum 48
0.0 0.16819736113899875 0.00428 0.884873647 0.498689027 -140.8759023508817 ../testing_datasets/H3_epi.csv NeighborSum 48
0.0 0.17573637467634384 3.39402 0.640065215 0.309540596 -136.468362513255 ../testing_datasets/H3_epi.csv NeighborSum 48
0.0 0.20939777550204747 3.72932 0.851685847 0.472378626 -105.51106243402079 ../testing_datasets/H3_epi.csv NeighborSum 48
0.0 0.1813930690100245 3.02247 0.348089293 0.486863257 -118.38961317381273 ../testing_datasets/H3_epi.csv NeighborSum 48
0.0 0.13133071450047257 -1.44359 0.862810622 0.259698915 -156.25025983345975 ../testing_datasets/H3_epi.csv NeighborSum 48
0.0 0.15219282203252552 0.04102 0.592361004 0.467037937 -150.05081843573407 ../testing_datasets/H3_epi.csv NeighborSum 48
0.0 0.09865463527635299 -5.15766 0.872087436 0.349740606 -178.5113674552184 ../testing_datasets/H3_epi.csv NeighborSum 48
0.0 0.1282930321999048 -2.09295 0.212941744 0.601158313 -154.62976010690394 ../testing_datasets/H3_epi.csv NeighborSum 48
0.0 0.13499118033571086 -2.09427 1.046359446 0.489431993 -200.33961134639966 ../testing_datasets/H3_epi.csv NeighborSum 48
0.0 0.14374766178028553 -0.9528 0.561512033 0.596570427 -175.189383559825 ../testing_datasets/H3_epi.csv NeighborSum 48
0.0 0.14173369608024788 -0.93621 0.924414753 0.499467611 -199.16919285046072 ../testing_datasets/H3_epi.csv NeighborSum 48
0.0 0.10606324667028912 -4.12068 0.847142193 0.393469877 -190.3844322274092 ../testing_datasets/H3_epi.csv NeighborSum 48
0.0 0.1497138466060501 -1.51253 1.19843548 0.562528423 -204.83948113979451 ../testing_datasets/H3_epi.csv NeighborSum 48
0.0 0.11716920484355979 -3.8361 0.445627454 0.570197539 -161.03944485016365 ../testing_datasets/H3_epi.csv NeighborSum 48
0.0 0.13203805058029874 -0.29297 0.155453728 0.475606338 -155.28820814147585 ../testing_datasets/H3_epi.csv NeighborSum 48
0.0 0.14007501725723806 0.84165 0.29890498 0.353029544 -148.7583515555689 ../testing_datasets/H3_epi.csv NeighborSum 48
0.0 0.14039414612465048 -0.78019 0.885523229 0.403688576 -181.3736376128208 ../testing_datasets/H3_epi.csv NeighborSum 48
0.0 0.14318219529897136 -0.54588 0.693656821 0.559945629 -193.41682558504138 ../testing_datasets/H3_epi.csv NeighborSum 48
0.0 0.14994469580780495 -0.0536 0.530187444 0.574809442 -171.696022469077 ../testing_datasets/H3_epi.csv NeighborSum 48
0.0 0.14059628096450758 -1.19656 0.883519866 0.428623689 -175.48989461800923 ../testing_datasets/H3_epi.csv NeighborSum 48
0.0 0.1514293723326082 -2.19318 1.387089416 0.575558465 -205.76939902245542 ../testing_datasets/H3_epi.csv NeighborSum 48
0.0 0.17373726069074344 1.59275 0.778761919 0.606189786 -177.8899759916119 ../testing_datasets/H3_epi.csv NeighborSum 48
0.0 0.20094976125731986 0.1107 0.859310583 0.467540693 -37.38509163176328 ../testing_datasets/H3_epi.csv NeighborSum 48
0.0 0.1899694580525434 0.41361 0.297774008 0.563904458 -38.107348216498025 ../testing_datasets/H3_epi.csv NeighborSum 48
0.0 0.19914267131908464 0.28113 0.63965973 0.544507881 -40.49384884836951 ../testing_datasets/H3_epi.csv NeighborSum 48
0.0 0.1877146201623345 -2.27529 1.182778761 0.440773273 -44.34262501193026 ../testing_datasets/H3_epi.csv NeighborSum 48
0.0 0.15997432741127612 -3.70025 0.804572899 0.427404248 -45.406819583468625 ../testing_datasets/H3_epi.csv NeighborSum 48
0.0 0.1590327182303108 -2.84012 0.209785592 0.611011815 -46.83254274589053 ../testing_datasets/H3_epi.csv NeighborSum 48
0.0 0.18652764893928858 -1.13788 0.710732654 0.562273126 -52.985062913808655 ../testing_datasets/H3_epi.csv NeighborSum 48
0.0 0.16590639312619776 -4.20663 1.229652285 0.410203822 -57.287786856787 ../testing_datasets/H3_epi.csv NeighborSum 48
0.0 0.17118880371483272 -2.08391 0.546764592 0.576019322 -59.176278121076265 ../testing_datasets/H3_epi.csv NeighborSum 48
0.0 0.17686298846269566 0.0015 0.148827361 0.620165623 -62.59070785674138 ../testing_datasets/H3_epi.csv NeighborSum 48
0.0 0.1765914750996877 -2.16323 0.988284263 0.485308723 -68.83705719946931 ../testing_datasets/H3_epi.csv NeighborSum 48
0.0 0.14649172658139795 -4.83761 0.97372298 0.403990021 -69.07953070122136 ../testing_datasets/H3_epi.csv NeighborSum 48
0.0 0.15233168581850606 -2.8658 0.267811892 0.599316612 -69.58507468682686 ../testing_datasets/H3_epi.csv NeighborSum 48
0.0 0.17855715815644882 -0.51165 0.525778473 0.583949304 -77.27638491361841 ../testing_datasets/H3_epi.csv NeighborSum 48
0.0 0.16143559116357079 -3.94918 1.253416225 0.426396575 -83.27040947511807 ../testing_datasets/H3_epi.csv NeighborSum 48
0.0 0.1646869733391032 -2.78632 0.812587298 0.544642374 -82.15700047947803 ../testing_datasets/H3_epi.csv NeighborSum 48
0.0 0.19267014252720827 0.05174 0.750926705 0.639230418 -87.0400624769026 ../testing_datasets/H3_epi.csv NeighborSum 48
0.0 0.17224212378194184 -1.73511 0.896655797 0.536271912 -94.10706221824324 ../testing_datasets/H3_epi.csv NeighborSum 48
0.0 0.15079421304449345 -3.95331 1.164038449 0.392366016 -97.1440788469842 ../testing_datasets/H3_epi.csv NeighborSum 48
0.0 0.17911841164094774 -1.74702 1.014292453 0.576458363 -95.36253785191535 ../testing_datasets/H3_epi.csv NeighborSum 48
0.0 0.17451179652125795 -1.75657 0.823902963 0.621906065 -98.20219152485392 ../testing_datasets/H3_epi.csv NeighborSum 48
0.0 0.15490410720479397 -3.38826 1.050005639 0.495719354 -110.34674767374418 ../testing_datasets/H3_epi.csv NeighborSum 48
0.0 0.15432717893632333 -3.48545 1.118057678 0.467466891 -110.60368456991623 ../testing_datasets/H3_epi.csv NeighborSum 48
0.0 0.19435087477285817 0.03917 1.024392338 0.631669233 -109.78613244979586 ../testing_datasets/H3_epi.csv NeighborSum 48
0.0 0.16149913704977148 -2.27652 0.811640813 0.607153363 -118.54772733024043 ../testing_datasets/H3_epi.csv NeighborSum 48
0.0 0.1501207299698852 -5.13785 1.672334066 0.408430113 -127.6090487795308 ../testing_datasets/H3_epi.csv NeighborSum 48
0.0 0.15540268398094903 -3.23876 0.990691291 0.567722225 -122.4373763788959 ../testing_datasets/H3_epi.csv NeighborSum 48
0.0 0.16370293696594784 -2.91654 1.020979387 0.643275644 -126.51554786074297 ../testing_datasets/H3_epi.csv NeighborSum 48
0.0 0.13582368222147187 -4.50715 1.055795637 0.514645867 -142.73528218073915 ../testing_datasets/H3_epi.csv NeighborSum 48
0.0 0.13404715615542573 -4.03849 1.066198821 0.446254287 -145.74732409904732 ../testing_datasets/H3_epi.csv NeighborSum 48
0.0 0.1600942814821212 -1.36978 0.778543834 0.607264091 -142.35249440828636 ../testing_datasets/H3_epi.csv NeighborSum 48
0.0 0.13197884123823095 -4.30798 0.847986298 0.59031896 -153.57717982478366 ../testing_datasets/H3_epi.csv NeighborSum 48
0.0 0.13459095082793615 -3.53463 1.275809547 0.40190763 -169.87624891553037 ../testing_datasets/H3_epi.csv NeighborSum 48
0.0 0.13520321700611368 -2.56919 0.741038623 0.542195954 -166.21715936374665 ../testing_datasets/H3_epi.csv NeighborSum 48
0.0 0.16486762247395018 0.28557 0.764726784 0.625742436 -173.3718479770787 ../testing_datasets/H3_epi.csv NeighborSum 48
0.0 0.15323255155711912 0.03139 0.943782976 0.499055425 -192.12045461232265 ../testing_datasets/H3_epi.csv NeighborSum 48
0.0 0.10060720032399159 -4.03036 0.714746749 0.387679481 -193.07835548411035 ../testing_datasets/H3_epi.csv NeighborSum 48
0.0 0.13973838986736348 -2.02353 0.930253372 0.548842022 -188.90126459389938 ../testing_datasets/H3_epi.csv NeighborSum 48
0.0 0.12255974216325691 -5.07726 1.256053567 0.552774454 -197.5058767910429 ../testing_datasets/H3_epi.csv NeighborSum 48
0.0 0.0853836346172433 -5.28832 0.835810015 0.384117365 -218.02031756833563 ../testing_datasets/H3_epi.csv NeighborSum 48
0.0 0.12885988679610705 -2.36821 1.083273344 0.479061963 -213.05511855005182 ../testing_datasets/H3_epi.csv NeighborSum 48
0.0 0.12264769202200312 -2.95877 0.886397964 0.533813016 -207.11633199036666 ../testing_datasets/H3_epi.csv NeighborSum 48
0.0 0.10371433457133498 -3.71619 1.218344686 0.311900771 -229.68319706710489 ../testing_datasets/H3_epi.csv NeighborSum 48
0.0 0.07870421458830132 -4.48718 0.617600794 0.405366022 -239.28315499194787 ../testing_datasets/H3_epi.csv NeighborSum 48
0.0 0.1201321285490678 -3.13134 1.0464075 0.5403663 -228.9599649278743 ../testing_datasets/H3_epi.csv NeighborSum 48
0.0 0.07751164085956876 -5.72685 1.026717248 0.287898969 -229.09439723353344 ../testing_datasets/H3_epi.csv NeighborSum 48
0.0 0.08430086517196889 -2.59026 0.518199171 0.368240239 -252.28048773612917 ../testing_datasets/H3_epi.csv NeighborSum 48
0.0 0.092794269872856 -2.8663 0.539287956 0.486555808 -249.06173109111123 ../testing_datasets/H3_epi.csv NeighborSum 48
0.0 0.11691926889622313 -2.44934 1.023206693 0.464467007 -236.3315426541099 ../testing_datasets/H3_epi.csv NeighborSum 48
0.0 0.08791220565195494 -3.83694 0.728241107 0.422476545 -244.7000326165892 ../testing_datasets/H3_epi.csv NeighborSum 48
0.0 0.06524171116286541 -3.89887 0.328855717 0.382383951 -257.4657894982326 ../testing_datasets/H3_epi.csv NeighborSum 48
0.0 0.10143211543921615 -4.07024 0.974385705 0.506631538 -244.55798294708043 ../testing_datasets/H3_epi.csv NeighborSum 48
0.0 0.10522889193081467 -2.38199 0.843482432 0.384565318 -235.00578566513425 ../testing_datasets/H3_epi.csv NeighborSum 48
0.0 0.08937424310282313 -3.82156 0.746764275 0.439312904 -246.58339799288402 ../testing_datasets/H3_epi.csv NeighborSum 48
0.0 0.09141038059818488 -3.38786 0.741876229 0.415290525 -245.77653636415803 ../testing_datasets/H3_epi.csv NeighborSum 48
0.0 0.10259916387479097 -3.11426 0.873741936 0.373295355 -224.73830009888843 ../testing_datasets/H3_epi.csv NeighborSum 48
0.0 0.088012523524677 -5.24012 0.715975754 0.482192467 -220.52135609249484 ../testing_datasets/H3_epi.csv NeighborSum 48
0.0 0.07775644225450956 -5.12656 0.676692141 0.403193686 -231.62000918998012 ../testing_datasets/H3_epi.csv NeighborSum 48
0.0 0.09939956840039953 -5.4106 1.149109632 0.416671749 -214.97045248708284 ../testing_datasets/H3_epi.csv NeighborSum 48
0.0 0.10934243175977573 -2.74384 0.663963377 0.411535695 -200.16932885735397 ../testing_datasets/H3_epi.csv NeighborSum 48
0.0 0.12649576619298133 -2.92053 1.038341646 0.494932181 -204.54295210146634 ../testing_datasets/H3_epi.csv NeighborSum 48
0.0 0.08246537400006992 -6.71791 1.00931652 0.349881488 -201.13770533616596 ../testing_datasets/H3_epi.csv NeighborSum 48
0.0 0.1306387079445615 -1.92027 1.009611947 0.349563584 -182.20703905717468 ../testing_datasets/H3_epi.csv NeighborSum 48
0.0 0.12723116955183036 -1.81679 0.652709931 0.420269957 -171.99223909004627 ../testing_datasets/H3_epi.csv NeighborSum 48
0.0 0.1488353115474774 -0.51203 1.057207112 0.373279735 -175.2159119948125 ../testing_datasets/H3_epi.csv NeighborSum 48
0.0 0.14800928939812785 -0.09657 0.796349185 0.334679664 -151.2808003839578 ../testing_datasets/H3_epi.csv NeighborSum 48
0.0 0.14039172332516311 -1.49485 1.425720087 0.240282756 -185.06160694822486 ../testing_datasets/H3_epi.csv NeighborSum 48
0.0 0.12496073510247083 -3.73869 1.324051971 0.365272282 -190.01746619464225 ../testing_datasets/H3_epi.csv NeighborSum 48
0.0 0.14558058074363647 -2.59388 0.931263958 0.562063996 -160.15969706521219 ../testing_datasets/H3_epi.csv NeighborSum 48
0.0 0.13478934690846622 -5.61514 1.533873041 0.56157671 -179.87409500717607 ../testing_datasets/H3_epi.csv NeighborSum 48
0.0 0.1491116123989119 -2.13966 1.003082454 0.46457996 -147.31193998940017 ../testing_datasets/H3_epi.csv NeighborSum 48
0.0 0.12947708955708043 -2.37709 0.678620048 0.452984855 -161.18194723008392 ../testing_datasets/H3_epi.csv NeighborSum 48
0.0 0.15177570365123103 0.17981 0.75855219 0.380298829 -153.412849268628 ../testing_datasets/H3_epi.csv NeighborSum 48
0.0 0.14159976253854223 -2.60548 1.338682007 0.414699532 -182.7567214480123 ../testing_datasets/H3_epi.csv NeighborSum 48
0.0 0.11907910569732089 -3.98847 1.177513617 0.379725251 -188.25790926444245 ../testing_datasets/H3_epi.csv NeighborSum 48
0.0 0.15058723437303492 -0.18059 0.609733531 0.568492374 -173.7741343500269 ../testing_datasets/H3_epi.csv NeighborSum 48
0.0 0.13249476757080356 -0.96669 0.57155383 0.511658692 -189.98856270023165 ../testing_datasets/H3_epi.csv NeighborSum 48
0.0 0.10481520248502048 -4.8795 1.200862802 0.394994434 -213.39003708625853 ../testing_datasets/H3_epi.csv NeighborSum 48
0.0 0.12702106564962803 -3.67725 1.102180344 0.534471882 -199.4194464230643 ../testing_datasets/H3_epi.csv NeighborSum 48
0.0 0.11766713638968856 -3.05186 0.423707349 0.616079463 -187.59661396376464 ../testing_datasets/H3_epi.csv NeighborSum 48
0.0 0.10354882748974178 -3.64711 0.798066441 0.45229618 -217.80611481104216 ../testing_datasets/H3_epi.csv NeighborSum 48
0.0 0.12629189944277713 -2.49425 1.225768266 0.457767935 -228.0877490430442 ../testing_datasets/H3_epi.csv NeighborSum 48
0.0 0.13439206147544797 -1.96038 0.760830503 0.599357063 -199.1988675931593 ../testing_datasets/H3_epi.csv NeighborSum 48
0.0 0.13873197099635648 -1.69825 0.869511023 0.583571932 -201.40180380755316 ../testing_datasets/H3_epi.csv NeighborSum 48
0.0 0.13132198835421194 -1.71581 1.161003485 0.477452749 -230.6109156143674 ../testing_datasets/H3_epi.csv NeighborSum 48
0.0 0.11900920518997303 -4.23326 1.014349233 0.58835187 -211.31902951757556 ../testing_datasets/H3_epi.csv NeighborSum 48
0.0 0.14851456087953646 -1.06952 0.973275298 0.510262173 -183.51910674681002 ../testing_datasets/H3_epi.csv NeighborSum 48
0.0 0.12244701840889148 -2.15604 0.825378865 0.436412063 -199.7734439539095 ../testing_datasets/H3_epi.csv NeighborSum 48
0.0 0.12376480690309977 -2.29049 1.012759628 0.455058025 -216.99656038760574 ../testing_datasets/H3_epi.csv NeighborSum 48
0.0 0.1483891192090665 -1.02117 0.84322232 0.605456103 -192.37699802158383 ../testing_datasets/H3_epi.csv NeighborSum 48
0.0 0.14379137909411385 -0.29344 0.779412834 0.327122072 -155.11749007080917 ../testing_datasets/H3_epi.csv NeighborSum 48
0.0 0.14205613328542688 -2.65906 0.930594875 0.504854588 -155.94502745567348 ../testing_datasets/H3_epi.csv NeighborSum 48
0.0 0.14942538932973304 0.47193 0.379967836 0.436321724 -139.26558643411704 ../testing_datasets/H3_epi.csv NeighborSum 48
0.0 0.17522521667073201 0.8982 0.814016394 0.477707583 -130.6800736027897 ../testing_datasets/H3_epi.csv NeighborSum 48
0.0 0.13865464128866786 -0.2394 0.316414832 0.381706553 -133.577588213677 ../testing_datasets/H3_epi.csv NeighborSum 48
0.0 0.11519152296187633 -3.05671 0.933438646 0.267033665 -171.7528164813504 ../testing_datasets/H3_epi.csv NeighborSum 48
0.0 0.1389157187813482 -0.22077 0.309571582 0.477258311 -154.00435947981163 ../testing_datasets/H3_epi.csv NeighborSum 48
0.0 0.09057132844384348 -6.60376 0.879706311 0.437279676 -185.74057047936896 ../testing_datasets/H3_epi.csv NeighborSum 48
0.0 0.14298868561738381 -1.60209 0.53804943 0.617598402 -162.9566880476752 ../testing_datasets/H3_epi.csv NeighborSum 48
0.0 0.12282002459190232 -3.18765 1.011120086 0.4937018 -205.28617009730618 ../testing_datasets/H3_epi.csv NeighborSum 48
0.0 0.1568211699747113 1.14064 0.543627628 0.594920348 -188.03279939248714 ../testing_datasets/H3_epi.csv NeighborSum 48
0.0 0.13625883313554957 -1.32924 0.923468502 0.512895651 -208.13071642383846 ../testing_datasets/H3_epi.csv NeighborSum 48
0.0 0.10194525472407581 -4.64228 0.882711911 0.41149199 -197.0550421561598 ../testing_datasets/H3_epi.csv NeighborSum 48
0.0 0.1478882344430369 -1.37019 1.186875898 0.566663894 -213.53616655800536 ../testing_datasets/H3_epi.csv NeighborSum 48
0.0 0.11042189506694486 -4.19771 0.442003714 0.573623731 -172.01572784881094 ../testing_datasets/H3_epi.csv NeighborSum 48
0.0 0.12913649740004135 -0.04808 0.120918225 0.498945978 -171.59826189342473 ../testing_datasets/H3_epi.csv NeighborSum 48
0.0 0.1301088811184041 -0.23083 0.221265229 0.420739764 -157.38940674160716 ../testing_datasets/H3_epi.csv NeighborSum 48
0.0 0.13526267646703827 -1.1378 0.975002954 0.383610335 -192.53201206237694 ../testing_datasets/H3_epi.csv NeighborSum 48
0.0 0.11853749895574692 -2.88341 0.657951648 0.566483721 -203.66521844679917 ../testing_datasets/H3_epi.csv NeighborSum 48
0.0 0.12620422780506557 0.04784 0.203960544 0.465709462 -184.2496553383888 ../testing_datasets/H3_epi.csv NeighborSum 48
0.0 0.1362469250260218 -0.60415 0.731130699 0.394561194 -179.27071706572352 ../testing_datasets/H3_epi.csv NeighborSum 48
0.0 0.14656457220848157 -2.186 1.374086679 0.543240415 -211.60674849867976 ../testing_datasets/H3_epi.csv NeighborSum 48
0.0 0.12296319672034381 -2.75189 0.575827981 0.618551087 -196.77481173330253 ../testing_datasets/H3_epi.csv NeighborSum 48
0.0 0.20689983250222474 -0.06371 0.784631442 0.593738037 -35.624156004491546 ../testing_datasets/H3_epi.csv NeighborSum 48
0.0 0.197396447046355 0.79046 0.404721355 0.564438746 -37.637295017351555 ../testing_datasets/H3_epi.csv NeighborSum 48
0.0 0.19200905877324675 -0.45849 0.605313959 0.547516672 -39.4872455514095 ../testing_datasets/H3_epi.csv NeighborSum 48
0.0 0.18590916666729196 -2.05804 1.121181829 0.42045763 -43.97073151705771 ../testing_datasets/H3_epi.csv NeighborSum 48
0.0 0.17646694670717153 -2.46537 0.866287947 0.475436489 -45.9860601204386 ../testing_datasets/H3_epi.csv NeighborSum 48
0.0 0.1569483718587222 -3.09908 0.225781842 0.598960413 -45.36450307231143 ../testing_datasets/H3_epi.csv NeighborSum 48
0.0 0.18400618264920304 -1.20107 0.65672676 0.55870095 -52.11955435942553 ../testing_datasets/H3_epi.csv NeighborSum 48
0.0 0.17322266381618567 -3.42813 1.183858458 0.437388659 -56.82649633438441 ../testing_datasets/H3_epi.csv NeighborSum 48
0.0 0.17770465015625198 -1.69757 0.617009927 0.583953198 -59.30628860681096 ../testing_datasets/H3_epi.csv NeighborSum 48
0.0 0.17883605155323765 0.14145 0.207435725 0.606864247 -63.74859860890986 ../testing_datasets/H3_epi.csv NeighborSum 48
0.0 0.17350674985844888 -2.03707 0.94038325 0.444806271 -66.85168710352643 ../testing_datasets/H3_epi.csv NeighborSum 48
0.0 0.1526699656963505 -4.7304 1.022230688 0.450382689 -69.32571029253786 ../testing_datasets/H3_epi.csv NeighborSum 48
0.0 0.15778864263368808 -2.53619 0.334850427 0.604359704 -70.38141542113857 ../testing_datasets/H3_epi.csv NeighborSum 48
0.0 0.1798810789119228 -0.12594 0.494418865 0.571118742 -76.97406219219938 ../testing_datasets/H3_epi.csv NeighborSum 48
0.0 0.16262452392983978 -3.83323 1.23377934 0.434192912 -82.35849456472931 ../testing_datasets/H3_epi.csv NeighborSum 48
0.0 0.17269731876654004 -2.3094 0.862137593 0.577173467 -83.4837114658999 ../testing_datasets/H3_epi.csv NeighborSum 48
0.0 0.19297350898954502 0.0807 0.770149767 0.638266368 -88.76130174549299 ../testing_datasets/H3_epi.csv NeighborSum 48
0.0 0.17157611650473722 -1.36635 0.858298918 0.500572512 -93.33308976382726 ../testing_datasets/H3_epi.csv NeighborSum 48
0.0 0.1542845957401861 -4.04703 1.183739322 0.439313535 -97.14964797380064 ../testing_datasets/H3_epi.csv NeighborSum 48
0.0 0.17397547949090958 -2.53589 1.040113198 0.593647392 -96.95470259982679 ../testing_datasets/H3_epi.csv NeighborSum 48
0.0 0.16897584001299354 -2.32882 0.8189937 0.622521708 -99.44185061589467 ../testing_datasets/H3_epi.csv NeighborSum 48
0.0 0.1628504758388429 -2.36208 1.058076775 0.482879744 -111.24135698488749 ../testing_datasets/H3_epi.csv NeighborSum 48
0.0 0.15015945440574208 -4.37304 1.126303504 0.514298648 -111.54227526482806 ../testing_datasets/H3_epi.csv NeighborSum 48
0.0 0.18259694040132748 -1.28578 1.033761289 0.637086279 -112.67400922149365 ../testing_datasets/H3_epi.csv NeighborSum 48
0.0 0.16521578796137337 -1.76027 0.857445172 0.581951777 -120.15162581765605 ../testing_datasets/H3_epi.csv NeighborSum 48
0.0 0.15696194730148613 -4.75711 1.674021396 0.460665884 -129.13823896506065 ../testing_datasets/H3_epi.csv NeighborSum 48
0.0 0.14500443455685957 -4.41633 0.973501852 0.591731843 -126.40065980169284 ../testing_datasets/H3_epi.csv NeighborSum 48
0.0 0.16129474971748142 -2.95255 1.022611663 0.633192194 -130.59643813588772 ../testing_datasets/H3_epi.csv NeighborSum 48
0.0 0.1357652394088418 -4.01106 1.066444429 0.456087844 -143.62657551341619 ../testing_datasets/H3_epi.csv NeighborSum 48
0.0 0.14397106534747636 -3.00875 1.044997612 0.490030666 -150.44557501249258 ../testing_datasets/H3_epi.csv NeighborSum 48
0.0 0.15868822769745386 -1.36355 0.79112984 0.614803357 -149.71352300706002 ../testing_datasets/H3_epi.csv NeighborSum 48
0.0 0.12404301175339366 -4.80221 0.860397633 0.544333849 -155.29847739674813 ../testing_datasets/H3_epi.csv NeighborSum 48
0.0 0.13629463649724594 -3.31862 1.256955553 0.412356109 -170.69384251406478 ../testing_datasets/H3_epi.csv NeighborSum 48
0.0 0.12564312711660974 -3.5095 0.706950877 0.566876072 -172.10764118937044 ../testing_datasets/H3_epi.csv NeighborSum 48
0.0 0.16093145549233728 -0.0153 0.797042168 0.635124982 -182.87015879585041 ../testing_datasets/H3_epi.csv NeighborSum 48
0.0 0.15761388319310576 0.55593 0.973929637 0.491812211 -194.31174459243084 ../testing_datasets/H3_epi.csv NeighborSum 48
0.0 0.1027990200473766 -3.80654 0.694254731 0.425811019 -198.69857402955446 ../testing_datasets/H3_epi.csv NeighborSum 48
0.0 0.1421713247601183 -1.54641 0.891798479 0.586719497 -198.2945263707306 ../testing_datasets/H3_epi.csv NeighborSum 48
0.0 0.12155312824820297 -5.08613 1.261879668 0.551305233 -200.54575317853883 ../testing_datasets/H3_epi.csv NeighborSum 48
0.0 0.09412298156809917 -4.64777 0.820562394 0.449131647 -221.6489880984642 ../testing_datasets/H3_epi.csv NeighborSum 48
0.0 0.13197246195802462 -1.68062 1.040108166 0.498811407 -221.2578347292655 ../testing_datasets/H3_epi.csv NeighborSum 48
0.0 0.12022788016251301 -2.78645 0.869979244 0.521583404 -214.12737028718874 ../testing_datasets/H3_epi.csv NeighborSum 48
0.0 0.1109855688918886 -3.22231 1.179757521 0.378793401 -231.76156957469334 ../testing_datasets/H3_epi.csv NeighborSum 48
0.0 0.08247149493160194 -4.34332 0.601591722 0.464461998 -243.41074792847655 ../testing_datasets/H3_epi.csv NeighborSum 48
0.0 0.11821610608841521 -3.20198 1.083122381 0.536047447 -235.81101304887866 ../testing_datasets/H3_epi.csv NeighborSum 48
0.0 0.07315331647316506 -6.21378 1.006637211 0.307794794 -231.73504414425034 ../testing_datasets/H3_epi.csv NeighborSum 48
0.0 0.08342403860161517 -2.78339 0.432581259 0.422469544 -252.789360364427 ../testing_datasets/H3_epi.csv NeighborSum 48
0.0 0.10033451275692318 -2.68834 0.611989681 0.553563832 -254.36996597264982 ../testing_datasets/H3_epi.csv NeighborSum 48
0.0 0.117945943242608 -2.1739 1.058319156 0.455904878 -242.26012045313715 ../testing_datasets/H3_epi.csv NeighborSum 48
0.0 0.09238538575955915 -2.87977 0.667925035 0.407145028 -246.06237267232476 ../testing_datasets/H3_epi.csv NeighborSum 48
0.0 0.06978032875059446 -4.21333 0.345201153 0.470765546 -257.6689705029188 ../testing_datasets/H3_epi.csv NeighborSum 48
0.0 0.10284432852167448 -3.98978 1.059536526 0.491412183 -248.29606829077096 ../testing_datasets/H3_epi.csv NeighborSum 48
0.0 0.09923191293377001 -2.81077 0.794924622 0.385400415 -236.5863862683479 ../testing_datasets/H3_epi.csv NeighborSum 48
0.0 0.07591871628653812 -5.25553 0.70427318 0.437332735 -244.39095340576355 ../testing_datasets/H3_epi.csv NeighborSum 48
0.0 0.09759502259361129 -3.32452 0.750990428 0.49708766 -248.55097550774815 ../testing_datasets/H3_epi.csv NeighborSum 48
0.0 0.10510160993209415 -2.71549 0.921750244 0.361690652 -230.2000819473194 ../testing_datasets/H3_epi.csv NeighborSum 48
0.0 0.08728982800577828 -4.78668 0.731156107 0.413983088 -220.6001770691138 ../testing_datasets/H3_epi.csv NeighborSum 48
0.0 0.08290302068863874 -5.0761 0.687332561 0.456874455 -230.97175809683804 ../testing_datasets/H3_epi.csv NeighborSum 48
0.0 0.09893844467552745 -5.39295 1.128182407 0.4428872 -220.39484051152726 ../testing_datasets/H3_epi.csv NeighborSum 48
0.0 0.11879637361389658 -1.88965 0.651141511 0.46636381 -205.14500292140994 ../testing_datasets/H3_epi.csv NeighborSum 48
0.0 0.11732128859267624 -3.8445 1.092719543 0.450734477 -203.85920407229975 ../testing_datasets/H3_epi.csv NeighborSum 48
0.0 0.07864787226687003 -7.82524 1.012464666 0.427269469 -201.72237001289162 ../testing_datasets/H3_epi.csv NeighborSum 48
0.0 0.11682185916857314 -3.80103 1.015872496 0.393047444 -185.13654769845814 ../testing_datasets/H3_epi.csv NeighborSum 48
0.0 0.13012160084430813 -2.00459 0.711453749 0.463939507 -174.859490926379 ../testing_datasets/H3_epi.csv NeighborSum 48
0.0 0.13285359716200204 -3.6809 1.115958164 0.485260775 -172.5950668762801 ../testing_datasets/H3_epi.csv NeighborSum 48
0.0 0.1530124192975006 -0.25187 0.823143494 0.414461947 -153.3993218479198 ../testing_datasets/H3_epi.csv NeighborSum 48
0.0 0.13988183713433983 -2.19764 1.451526067 0.296096304 -183.89104445545334 ../testing_datasets/H3_epi.csv NeighborSum 48
0.0 0.14003102776974904 -2.86952 1.312299207 0.48675974 -193.92726840810994 ../testing_datasets/H3_epi.csv NeighborSum 48
0.0 0.14164192125897485 -2.86086 0.912711905 0.56537855 -163.64359131863623 ../testing_datasets/H3_epi.csv NeighborSum 48
0.0 0.12656156093829785 -6.19442 1.516847775 0.560533917 -187.17101189825837 ../testing_datasets/H3_epi.csv NeighborSum 48
0.0 0.14747674036007996 -1.96319 0.97506998 0.460823665 -152.76132501462573 ../testing_datasets/H3_epi.csv NeighborSum 48
0.0 0.12233375356987305 -2.92345 0.620981734 0.470468653 -165.87733528341775 ../testing_datasets/H3_epi.csv NeighborSum 48
0.0 0.15436580699642607 0.75182 0.657617848 0.419822546 -158.35584053608406 ../testing_datasets/H3_epi.csv NeighborSum 48
0.0 0.14276903466982005 -1.66416 1.255474233 0.361532806 -182.4561085672355 ../testing_datasets/H3_epi.csv NeighborSum 48
0.0 0.11574631183366818 -4.2178 1.196279444 0.388813265 -196.2745535439204 ../testing_datasets/H3_epi.csv NeighborSum 48
0.0 0.14385607267145653 -0.67915 0.607995014 0.582008488 -183.6640041333524 ../testing_datasets/H3_epi.csv NeighborSum 48
0.0 0.12742463509120694 -1.10036 0.550428197 0.513791627 -199.67589704607644 ../testing_datasets/H3_epi.csv NeighborSum 48
0.0 0.098520241968554 -5.2012 1.184196075 0.392317454 -221.26907625780134 ../testing_datasets/H3_epi.csv NeighborSum 48
0.0 0.13128297414388584 -2.74257 1.096636703 0.534449489 -210.21780439385012 ../testing_datasets/H3_epi.csv NeighborSum 48
0.0 0.12402915543271337 -1.89528 0.408940997 0.621989157 -198.22834234975497 ../testing_datasets/H3_epi.csv NeighborSum 48
0.0 0.10197366946279371 -3.32553 0.729475299 0.462519736 -225.52936448633815 ../testing_datasets/H3_epi.csv NeighborSum 48
0.0 0.11688111928494622 -3.22984 1.268900122 0.431765031 -235.7926246511257 ../testing_datasets/H3_epi.csv NeighborSum 48
0.0 0.11990584372128836 -3.00248 0.702256702 0.594060732 -207.59253972294155 ../testing_datasets/H3_epi.csv NeighborSum 48
0.0 0.13283527975841053 -1.97056 0.87665334 0.578834163 -211.49823447275972 ../testing_datasets/H3_epi.csv NeighborSum 48
0.0 0.12383102225553164 -1.88963 1.150906151 0.44943011 -240.8229180073762 ../testing_datasets/H3_epi.csv NeighborSum 48
0.0 0.10817931873352703 -4.84453 0.975306772 0.579266 -221.2593269036739 ../testing_datasets/H3_epi.csv NeighborSum 48
0.0 0.16004888918298016 1.07773 0.923744322 0.520739632 -201.55912412719252 ../testing_datasets/H3_epi.csv NeighborSum 48
0.0 0.12121561187520949 -1.05014 0.83649241 0.365010035 -216.9136192655751 ../testing_datasets/H3_epi.csv NeighborSum 48
0.0 0.11652132626122562 -2.52051 1.09437991 0.407446563 -230.60595664146226 ../testing_datasets/H3_epi.csv NeighborSum 48
0.0 0.14091774174538768 -0.65501 0.708683209 0.612620955 -210.7519914434268 ../testing_datasets/H3_epi.csv NeighborSum 48
0.0 0.12238142484892427 -1.97508 0.593224647 0.392259914 -169.46096165501922 ../testing_datasets/H3_epi.csv NeighborSum 48
0.0 0.13148797189545464 -3.57439 0.857243788 0.556167087 -167.1595146965253 ../testing_datasets/H3_epi.csv NeighborSum 48
0.0 0.1356404748634201 -0.00559 0.31878471 0.380062688 -148.3340424299356 ../testing_datasets/H3_epi.csv NeighborSum 48
0.0 0.13785123824806456 -2.62371 0.760981142 0.439272669 -136.07196306493748 ../testing_datasets/H3_epi.csv NeighborSum 48
0.0 0.1389681024890207 -0.21843 0.207246088 0.414991602 -128.8054478790996 ../testing_datasets/H3_epi.csv NeighborSum 48
0.0 0.13174219840115733 -0.96302 0.779605479 0.314603852 -170.646200572711 ../testing_datasets/H3_epi.csv NeighborSum 48
0.0 0.1304343016191018 -0.73868 0.252588801 0.493516488 -163.16504453276534 ../testing_datasets/H3_epi.csv NeighborSum 48
0.0 0.08586831954351806 -5.45621 0.707217285 0.364622847 -193.93816329244703 ../testing_datasets/H3_epi.csv NeighborSum 48
0.0 0.11387626553260868 -3.10496 0.204689558 0.601322518 -170.28472008174518 ../testing_datasets/H3_epi.csv NeighborSum 48
0.0 0.11360583157650693 -4.12046 1.04134297 0.487016267 -210.2935679517918 ../testing_datasets/H3_epi.csv NeighborSum 48
0.0 0.1269694407976762 -2.06128 0.595059183 0.57918101 -195.92487695228382 ../testing_datasets/H3_epi.csv NeighborSum 48
0.0 0.14270953545399556 -0.31143 0.931770858 0.502247853 -213.73244393752947 ../testing_datasets/H3_epi.csv NeighborSum 48
0.0 0.10362062381126094 -4.28469 0.872256556 0.432441566 -204.85593228390567 ../testing_datasets/H3_epi.csv NeighborSum 48
0.0 0.15002982024053496 -1.25944 1.212739305 0.584495518 -216.88396790718926 ../testing_datasets/H3_epi.csv NeighborSum 48
0.0 0.10349276015240963 -4.81659 0.426957457 0.57182225 -174.51827079300182 ../testing_datasets/H3_epi.csv NeighborSum 48
0.0 0.12519193023001896 -0.53857 0.092517369 0.496861171 -167.08810347808824 ../testing_datasets/H3_epi.csv NeighborSum 48
0.0 0.12909545502226039 -0.1696 0.261605919 0.389021693 -159.20232946269695 ../testing_datasets/H3_epi.csv NeighborSum 48
0.0 0.13585311196571662 -1.14458 1.005179347 0.391918259 -195.76471108736672 ../testing_datasets/H3_epi.csv NeighborSum 48
0.0 0.11696904623989815 -2.80542 0.655162333 0.520932103 -199.7482778532085 ../testing_datasets/H3_epi.csv NeighborSum 48
0.0 0.12498527194110892 -0.35188 0.205533792 0.468353003 -178.35904718243813 ../testing_datasets/H3_epi.csv NeighborSum 48
0.0 0.12755285344946196 -1.76164 0.757078726 0.392518945 -177.56644476415647 ../testing_datasets/H3_epi.csv NeighborSum 48
0.0 0.13551739883457153 -1.87786 1.355263093 0.3525717 -207.16323242243686 ../testing_datasets/H3_epi.csv NeighborSum 48
0.0 0.14360800924420902 -0.61363 0.484034328 0.641637324 -185.99684374227496 ../testing_datasets/H3_epi.csv NeighborSum 48
1.0 0.15248432325315353 -4.75777 0.70281483 0.69905717 -90.31631912163053 ../testing_datasets/H3_epi.csv NeighborSum 48
1.0 0.1617538158523445 -1.29402 0.211964021 0.647833971 -86.95327599967734 ../testing_datasets/H3_epi.csv NeighborSum 48
0.0 0.15493101664656353 -1.45537 0.612367541 0.483448964 -109.49571706511226 ../testing_datasets/H3_epi.csv NeighborSum 48
0.0 0.15189628767022073 -3.89779 1.196666614 0.428008725 -106.87293961865107 ../testing_datasets/H3_epi.csv NeighborSum 48
1.0 0.16273228488051278 -2.7384 0.715100347 0.579302426 -86.3327116265827 ../testing_datasets/H3_epi.csv NeighborSum 48
1.0 0.13337715731179367 -3.62681 0.115711929 0.595265533 -88.45745126031647 ../testing_datasets/H3_epi.csv NeighborSum 48
0.0 0.16017594152999975 -1.29095 0.690582744 0.501678063 -110.85881637606269 ../testing_datasets/H3_epi.csv NeighborSum 48
1.0 0.15937630851875442 -3.75295 1.196403002 0.476626621 -99.45041929336735 ../testing_datasets/H3_epi.csv NeighborSum 48
1.0 0.1653069615022292 -2.54344 0.483154326 0.679766952 -81.10904561009087 ../testing_datasets/H3_epi.csv NeighborSum 48
1.0 0.17275987560609882 0.51657 0.130677272 0.627926417 -87.64494378755447 ../testing_datasets/H3_epi.csv NeighborSum 48
0.0 0.17018548114022738 -0.9336 0.943695555 0.451696998 -106.82096134609962 ../testing_datasets/H3_epi.csv NeighborSum 48
1.0 0.1770759955264088 -1.79045 0.958617728 0.546161722 -87.40896991199803 ../testing_datasets/H3_epi.csv NeighborSum 48
1.0 0.16480827874017118 -1.32404 0.262675306 0.630650387 -78.84043501495742 ../testing_datasets/H3_epi.csv NeighborSum 48
0.0 0.17311757906181555 0.18962 0.539623645 0.504267199 -94.87465294268264 ../testing_datasets/H3_epi.csv NeighborSum 48
0.0 0.17610638721360028 -2.26927 1.223431364 0.481973491 -92.35045977509091 ../testing_datasets/H3_epi.csv NeighborSum 48
1.0 0.2112588268254423 1.60892 0.815664173 0.630753393 -77.3435877909063 ../testing_datasets/H3_epi.csv NeighborSum 48
0.0 0.20602257182351563 -0.31093 0.760532859 0.78011504 -71.11431422518915 ../testing_datasets/H3_epi.csv NeighborSum 48
1.0 0.2095995675511527 0.0206 0.854286305 0.730994594 -68.2330672960215 ../testing_datasets/H3_epi.csv NeighborSum 48
1.0 0.2241423077928703 0.38414 1.153800785 0.749115592 -71.34359214890684 ../testing_datasets/H3_epi.csv NeighborSum 48
1.0 0.2010097653008815 -0.37162 1.042818155 0.578004096 -69.59817500745137 ../testing_datasets/H3_epi.csv NeighborSum 48
0.0 0.20436525716315007 -1.01975 0.812858912 0.74782007 -56.259871190721064 ../testing_datasets/H3_epi.csv NeighborSum 48
0.0 0.18027447572739094 -3.49857 1.048833101 0.623264499 -61.33288109152953 ../testing_datasets/H3_epi.csv NeighborSum 48
0.0 0.23883651471278322 2.34185 1.118867783 0.657316866 -53.835230513653165 ../testing_datasets/H3_epi.csv NeighborSum 48
0.0 0.22981009644927625 1.81148 1.004286968 0.666177814 -56.36113202311278 ../testing_datasets/H3_epi.csv NeighborSum 48
0.0 0.20019670068556686 -0.82393 0.864627887 0.666824629 -60.98680890342535 ../testing_datasets/H3_epi.csv NeighborSum 48
0.0 0.19490626684725207 -2.21698 1.682866623 0.363254491 -61.59012394675642 ../testing_datasets/H3_epi.csv NeighborSum 48
0.0 0.19277759147643223 -0.0665 0.973980498 0.403111979 -54.8969145604414 ../testing_datasets/H3_epi.csv NeighborSum 48
0.0 0.18245662467580107 -1.59397 1.019964963 0.435621943 -58.43871575814538 ../testing_datasets/H3_epi.csv NeighborSum 48
0.0 0.20227431537330126 -0.5896 1.080741775 0.511120366 -49.38603766515826 ../testing_datasets/H3_epi.csv NeighborSum 48
0.0 0.19733399983373423 -1.46618 1.026439054 0.565670623 -47.81872080947942 ../testing_datasets/H3_epi.csv NeighborSum 48
0.0 0.20314571539557133 -0.25813 0.783120339 0.570654191 -36.346769709378975 ../testing_datasets/H3_epi.csv NeighborSum 48
0.0 0.20152409787044592 -1.41549 0.87491363 0.640544341 -37.1314764133365 ../testing_datasets/H3_epi.csv NeighborSum 48
0.0 0.23629243008757192 1.21723 1.273974642 0.639236861 -45.29647329400863 ../testing_datasets/H3_epi.csv NeighborSum 48
0.0 0.18348024477937447 -2.39566 0.698662507 0.6397586 -45.81428932009195 ../testing_datasets/H3_epi.csv NeighborSum 48
0.0 0.1960888697014359 -0.94351 0.806137062 0.596440879 -47.85357274056414 ../testing_datasets/H3_epi.csv NeighborSum 48
0.0 0.1816584707590707 -2.80478 0.999791515 0.541202652 -51.27839399089451 ../testing_datasets/H3_epi.csv NeighborSum 48
0.0 0.18604392881341317 0.05205 0.723010869 0.429522132 -56.42432326938574 ../testing_datasets/H3_epi.csv NeighborSum 48
0.0 0.17730817252257347 -2.47256 0.9134052 0.493951519 -52.60320945063411 ../testing_datasets/H3_epi.csv NeighborSum 48
0.0 0.1804347618069002 -4.09892 1.177075753 0.602264421 -54.69257531696028 ../testing_datasets/H3_epi.csv NeighborSum 48
0.0 0.14460456663963994 -5.40796 0.866090372 0.447345866 -58.060972028920744 ../testing_datasets/H3_epi.csv NeighborSum 48
0.0 0.14342260961519834 -5.7612 1.040738514 0.382127 -56.81715966819863 ../testing_datasets/H3_epi.csv NeighborSum 48
0.0 0.17158284291009246 -3.20132 0.883922457 0.544771566 -58.995263326835904 ../testing_datasets/H3_epi.csv NeighborSum 48
0.0 0.16671477932275403 -3.80354 1.192942461 0.423177569 -64.16345822799519 ../testing_datasets/H3_epi.csv NeighborSum 48
0.0 0.13694935698995075 -4.44307 0.598159525 0.403076121 -66.27516701483977 ../testing_datasets/H3_epi.csv NeighborSum 48
0.0 0.16457268483677345 -4.42333 1.063868523 0.531204229 -64.82414768320423 ../testing_datasets/H3_epi.csv NeighborSum 48
0.0 0.18678331764333303 -1.52687 1.020103694 0.530667803 -68.78099836118754 ../testing_datasets/H3_epi.csv NeighborSum 48
0.0 0.1489572967162675 -2.32609 0.436271469 0.437249809 -75.25800879733782 ../testing_datasets/H3_epi.csv NeighborSum 48
0.0 0.164955351543435 -1.10892 0.535295504 0.46735749 -76.86778991524515 ../testing_datasets/H3_epi.csv NeighborSum 48
0.0 0.1949297883524139 -1.28695 1.043296385 0.624816382 -74.60828616533256 ../testing_datasets/H3_epi.csv NeighborSum 48
0.0 0.14949953758267842 -3.82857 0.716735645 0.489040682 -77.26194932851126 ../testing_datasets/H3_epi.csv NeighborSum 48
0.0 0.11890801469703643 -5.14881 0.332333688 0.449105671 -82.76574968162755 ../testing_datasets/H3_epi.csv NeighborSum 48
0.0 0.1744306903142638 -1.62541 0.984743405 0.469638647 -85.07962086971091 ../testing_datasets/H3_epi.csv NeighborSum 48
0.0 0.18238438368369336 -1.30478 0.827641358 0.603729944 -82.9231575778953 ../testing_datasets/H3_epi.csv NeighborSum 48
0.0 0.154841001550089 -2.93369 0.752629948 0.500263238 -90.8898219317133 ../testing_datasets/H3_epi.csv NeighborSum 48
0.0 0.15059213741335675 -2.75751 0.760721617 0.439325834 -95.10893849451357 ../testing_datasets/H3_epi.csv NeighborSum 48
0.0 0.18374434221015995 -1.34156 0.993678795 0.579146798 -90.49651660167206 ../testing_datasets/H3_epi.csv NeighborSum 48
0.0 0.17103730812029225 -2.12549 0.800457834 0.606546749 -92.98056979429747 ../testing_datasets/H3_epi.csv NeighborSum 48
0.0 0.14153886565185494 -3.61401 0.704684042 0.481717532 -103.24806481329928 ../testing_datasets/H3_epi.csv NeighborSum 48
0.0 0.1652652123616558 -2.19707 1.140684827 0.421130542 -103.46707726005516 ../testing_datasets/H3_epi.csv NeighborSum 48
0.0 0.18823647623077272 0.85552 0.70700435 0.571915455 -100.80411519173843 ../testing_datasets/H3_epi.csv NeighborSum 48
0.0 0.17834142379925974 -1.46995 1.090830856 0.551696943 -107.50704304134428 ../testing_datasets/H3_epi.csv NeighborSum 48
0.0 0.13511430344376935 -4.86162 1.013050303 0.439234554 -114.1563462403147 ../testing_datasets/H3_epi.csv NeighborSum 48
0.0 0.1444385073165409 -4.15352 0.997334168 0.460810882 -107.98668751939573 ../testing_datasets/H3_epi.csv NeighborSum 48
0.0 0.1645722958138213 -1.95822 0.700903709 0.614625217 -107.30146152145727 ../testing_datasets/H3_epi.csv NeighborSum 48
0.0 0.17731775680804238 -0.48431 1.057297943 0.509948747 -122.76231366185696 ../testing_datasets/H3_epi.csv NeighborSum 48
0.0 0.16224067206954126 -0.54065 0.801095412 0.454936861 -125.51914382550265 ../testing_datasets/H3_epi.csv NeighborSum 48
0.0 0.1782942259732142 -2.17009 1.414119983 0.499189536 -113.03773182349953 ../testing_datasets/H3_epi.csv NeighborSum 48
0.0 0.19287266935483277 -0.71104 1.320760203 0.602191007 -120.49453848023646 ../testing_datasets/H3_epi.csv NeighborSum 48
0.0 0.1457123865979873 -3.95962 1.078336037 0.518546851 -130.9750609445631 ../testing_datasets/H3_epi.csv NeighborSum 48
0.0 0.18131083412814883 -1.45186 1.527139493 0.457961345 -125.58383360713889 ../testing_datasets/H3_epi.csv NeighborSum 48
0.0 0.16202358837952535 -2.32088 0.995512046 0.525460049 -117.49757493140108 ../testing_datasets/H3_epi.csv NeighborSum 48
0.0 0.11276038895113964 -7.53053 0.809259689 0.603318369 -126.28728031569003 ../testing_datasets/H3_epi.csv NeighborSum 48
0.0 0.14191924250759536 -2.73052 0.661070452 0.549756481 -135.31449932163295 ../testing_datasets/H3_epi.csv NeighborSum 48
0.0 0.15822912649690452 -4.30751 1.286137987 0.580807725 -121.76604840012837 ../testing_datasets/H3_epi.csv NeighborSum 48
0.0 0.18023228235494562 -1.72581 1.206935439 0.634181451 -126.52449087819103 ../testing_datasets/H3_epi.csv NeighborSum 48
0.0 0.15809181142977155 -1.18195 0.629992918 0.619746482 -139.7247007057378 ../testing_datasets/H3_epi.csv NeighborSum 48
0.0 0.1444043319739741 -2.64982 0.537023876 0.62398496 -133.25807882828286 ../testing_datasets/H3_epi.csv NeighborSum 48
0.0 0.16773042805472213 -3.12395 1.163806547 0.628880946 -121.6270482095893 ../testing_datasets/H3_epi.csv NeighborSum 48
0.0 0.15685601484529876 -3.51753 1.138946126 0.579603666 -129.79156079217864 ../testing_datasets/H3_epi.csv NeighborSum 48
0.0 0.12895506578114801 -3.43685 0.433889401 0.575833243 -136.55719840611815 ../testing_datasets/H3_epi.csv NeighborSum 48
0.0 0.16158671137020922 -1.85087 0.753158473 0.620360106 -125.81060231675457 ../testing_datasets/H3_epi.csv NeighborSum 48
0.0 0.16593479188248655 -3.30034 1.307695958 0.541796192 -118.46932748938403 ../testing_datasets/H3_epi.csv NeighborSum 48
0.0 0.15049555788094468 -1.83852 0.821615474 0.460142172 -130.23926219840777 ../testing_datasets/H3_epi.csv NeighborSum 48
0.0 0.15278971924814289 -2.82625 0.867244679 0.563614512 -126.36741880560461 ../testing_datasets/H3_epi.csv NeighborSum 48
0.0 0.17819105135708888 -0.99022 1.13120506 0.501806143 -113.42652601474394 ../testing_datasets/H3_epi.csv NeighborSum 48
0.0 0.1336233687444151 -6.09864 0.951889434 0.560343008 -107.39808822202428 ../testing_datasets/H3_epi.csv NeighborSum 48
0.0 0.21303788524359313 5.26967 0.825507389 0.413718163 -118.25074545340746 ../testing_datasets/H3_epi.csv NeighborSum 48
0.0 0.1861660459582427 3.39804 0.793110125 0.251239882 -109.39522892186304 ../testing_datasets/H3_epi.csv NeighborSum 48
0.0 0.16430890286418107 -3.83505 1.031493409 0.607399108 -94.27434506669135 ../testing_datasets/H3_epi.csv NeighborSum 48
0.0 0.16158809218254774 -2.42327 0.864759332 0.541983715 -105.65903999025842 ../testing_datasets/H3_epi.csv NeighborSum 48
0.0 0.1168507193445681 -4.71313 0.61270284 0.33415347 -104.6368284286899 ../testing_datasets/H3_epi.csv NeighborSum 48
0.0 0.1334722231935141 -4.36946 0.884873647 0.462233314 -122.8432278234573 ../testing_datasets/H3_epi.csv NeighborSum 48
0.0 0.14831106749955864 -0.29921 0.640065215 0.254434063 -110.19240989987217 ../testing_datasets/H3_epi.csv NeighborSum 48
0.0 0.14109364933734628 -1.95715 0.851685847 0.316120234 -125.80322760179577 ../testing_datasets/H3_epi.csv NeighborSum 48
0.0 0.12312162234226201 -2.09951 0.348089293 0.261316096 -108.04396580954851 ../testing_datasets/H3_epi.csv NeighborSum 48
0.0 0.14275576685075336 -2.13756 0.862810622 0.335489908 -121.84444664513411 ../testing_datasets/H3_epi.csv NeighborSum 48
0.0 0.1642898818368046 -0.64753 0.592361004 0.502324198 -104.70740707354456 ../testing_datasets/H3_epi.csv NeighborSum 48
0.0 0.12812763627538196 -5.0457 0.872087436 0.403206386 -106.60200257087452 ../testing_datasets/H3_epi.csv NeighborSum 48
0.0 0.1423087319100685 -2.30736 0.212941744 0.541336978 -94.42679219092896 ../testing_datasets/H3_epi.csv NeighborSum 48
0.0 0.1730189260905309 -3.20706 1.046359446 0.614300241 -87.88703305892045 ../testing_datasets/H3_epi.csv NeighborSum 48
0.0 0.14633747770658537 -4.24697 0.561512033 0.590431103 -81.7555914457286 ../testing_datasets/H3_epi.csv NeighborSum 48
0.0 0.1687076183820403 -4.26129 0.924414753 0.661403561 -70.89153436480154 ../testing_datasets/H3_epi.csv NeighborSum 48
0.0 0.1903991019641191 -1.33014 0.847142193 0.583158969 -56.17126015312363 ../testing_datasets/H3_epi.csv NeighborSum 48
0.0 0.21660439923073596 -0.00773 1.19843548 0.69259174 -75.65102780983673 ../testing_datasets/H3_epi.csv NeighborSum 48
0.0 0.1512135386444746 -4.68592 0.445627454 0.616167129 -49.33521649706513 ../testing_datasets/H3_epi.csv NeighborSum 48
0.0 0.15565231906682542 -2.16794 0.155453728 0.548487042 -54.066998144419046 ../testing_datasets/H3_epi.csv NeighborSum 48
0.0 0.17729711661491604 0.10503 0.29890498 0.508037714 -55.088928547763906 ../testing_datasets/H3_epi.csv NeighborSum 48
0.0 0.17677378838623398 -1.88707 0.885523229 0.50698248 -69.07985251140451 ../testing_datasets/H3_epi.csv NeighborSum 48
0.0 0.16741162224213316 -2.67076 0.693656821 0.591047054 -74.59510100228403 ../testing_datasets/H3_epi.csv NeighborSum 48
0.0 0.17752676218027358 -0.33149 0.530187444 0.53873164 -75.25084522774546 ../testing_datasets/H3_epi.csv NeighborSum 48
0.0 0.16102139932817539 -3.02644 0.883519866 0.452514967 -73.81185153351502 ../testing_datasets/H3_epi.csv NeighborSum 48
0.0 0.15245880560055242 -4.0757 1.387089416 0.295413638 -91.56681573614755 ../testing_datasets/H3_epi.csv NeighborSum 48
1.0 0.18277328664375017 -1.53205 0.778761919 0.681401239 -88.08728306706064 ../testing_datasets/H3_epi.csv NeighborSum 48
1.0 0.15818916238462483 -4.91755 0.859310583 0.702726693 -87.25200247245407 ../testing_datasets/H3_epi.csv NeighborSum 48
1.0 0.16536177928046453 -1.27514 0.297774008 0.643291799 -85.11716960464454 ../testing_datasets/H3_epi.csv NeighborSum 48
0.0 0.1575762972594166 -1.29311 0.63965973 0.479991183 -108.05398839678166 ../testing_datasets/H3_epi.csv NeighborSum 48
0.0 0.15232500286069078 -3.85198 1.182778761 0.425444972 -104.6996809340792 ../testing_datasets/H3_epi.csv NeighborSum 48
1.0 0.1660930530612004 -2.85527 0.804572899 0.583190318 -84.03671674019263 ../testing_datasets/H3_epi.csv NeighborSum 48
1.0 0.13872437553158945 -3.44489 0.209785592 0.591967233 -86.85586288027743 ../testing_datasets/H3_epi.csv NeighborSum 48
0.0 0.16046400470016914 -1.25972 0.710732654 0.48401853 -109.03407469874168 ../testing_datasets/H3_epi.csv NeighborSum 48
1.0 0.16146101947376534 -3.69254 1.229652285 0.474846113 -98.07302990813456 ../testing_datasets/H3_epi.csv NeighborSum 48
1.0 0.1695060585348886 -2.40279 0.546764592 0.681350678 -79.61681915110378 ../testing_datasets/H3_epi.csv NeighborSum 48
1.0 0.17388059830351232 0.43991 0.148827361 0.631045646 -85.0528839407458 ../testing_datasets/H3_epi.csv NeighborSum 48
0.0 0.1698264549017597 -1.08336 0.988284263 0.434100289 -104.9326581428946 ../testing_datasets/H3_epi.csv NeighborSum 48
1.0 0.17887630752522016 -1.6756 0.97372298 0.544192875 -86.2504250265961 ../testing_datasets/H3_epi.csv NeighborSum 48
1.0 0.16284562103701541 -1.69697 0.267811892 0.632829896 -76.10936955316448 ../testing_datasets/H3_epi.csv NeighborSum 48
0.0 0.16335358601208338 -0.40057 0.525778473 0.436773712 -91.83575074135967 ../testing_datasets/H3_epi.csv NeighborSum 48
0.0 0.18027641533140887 -1.98033 1.253416225 0.487119349 -91.89069834187885 ../testing_datasets/H3_epi.csv NeighborSum 48
1.0 0.21099576344641197 1.59349 0.812587298 0.627322263 -76.61774796919292 ../testing_datasets/H3_epi.csv NeighborSum 48
0.0 0.20710805756322803 -0.21564 0.750926705 0.78332428 -70.03717923908789 ../testing_datasets/H3_epi.csv NeighborSum 48
1.0 0.21206216496061342 -0.03585 0.896655797 0.739252699 -65.99362680209362 ../testing_datasets/H3_epi.csv NeighborSum 48
1.0 0.22097244481575046 0.38713 1.164038449 0.703406116 -71.60011500629608 ../testing_datasets/H3_epi.csv NeighborSum 48
1.0 0.19750632624473977 -0.38731 1.014292453 0.540255779 -67.93417925306761 ../testing_datasets/H3_epi.csv NeighborSum 48
0.0 0.20005603843215908 -1.57996 0.823902963 0.748905845 -56.03493438986775 ../testing_datasets/H3_epi.csv NeighborSum 48
0.0 0.16871682734101826 -4.22743 1.050005639 0.553238002 -61.08453265292362 ../testing_datasets/H3_epi.csv NeighborSum 48
0.0 0.24041570544536195 2.68302 1.118057678 0.644745921 -55.017602979423934 ../testing_datasets/H3_epi.csv NeighborSum 48
0.0 0.20203638023791048 2.00924 1.024392338 0.273106697 -57.11140928290952 ../testing_datasets/H3_epi.csv NeighborSum 48
0.0 0.19422193114671887 -0.82497 0.811640813 0.612915315 -60.687551253707426 ../testing_datasets/H3_epi.csv NeighborSum 48
0.0 0.2108922769737213 -2.29809 1.672334066 0.588790597 -61.95076358010697 ../testing_datasets/H3_epi.csv NeighborSum 48
0.0 0.20487175724415602 -0.11523 0.990691291 0.562892802 -55.738767439693326 ../testing_datasets/H3_epi.csv NeighborSum 48
0.0 0.18214605548146745 -1.85847 1.020979387 0.463587352 -58.96564867571437 ../testing_datasets/H3_epi.csv NeighborSum 48
0.0 0.20126710646149043 -0.5931 1.055795637 0.514859204 -50.3912527492022 ../testing_datasets/H3_epi.csv NeighborSum 48
0.0 0.19897423705499254 -1.40486 1.066198821 0.565636186 -48.87310741157761 ../testing_datasets/H3_epi.csv NeighborSum 48
0.0 0.2028118041272507 -0.24762 0.778543834 0.571814993 -37.36281728280884 ../testing_datasets/H3_epi.csv NeighborSum 48
0.0 0.2003118797398425 -1.41029 0.847986298 0.640120458 -37.81308753372773 ../testing_datasets/H3_epi.csv NeighborSum 48
0.0 0.2353438964702685 1.12562 1.275809547 0.640861635 -46.30595694909298 ../testing_datasets/H3_epi.csv NeighborSum 48
0.0 0.1838256027451301 -2.33122 0.741038623 0.619450974 -46.4923910467355 ../testing_datasets/H3_epi.csv NeighborSum 48
0.0 0.194206960079931 -0.92338 0.764726784 0.591459914 -48.29252084857002 ../testing_datasets/H3_epi.csv NeighborSum 48
0.0 0.17857532416810995 -2.8022 0.943782976 0.528581312 -51.50237837110507 ../testing_datasets/H3_epi.csv NeighborSum 48
0.0 0.17734239298216345 -0.01974 0.714746749 0.328057281 -56.519534947060016 ../testing_datasets/H3_epi.csv NeighborSum 48
0.0 0.17693239881921094 -2.48348 0.930253372 0.484794605 -53.20391948385134 ../testing_datasets/H3_epi.csv NeighborSum 48
0.0 0.18363467368608907 -4.05156 1.256053567 0.603275949 -55.292971462920804 ../testing_datasets/H3_epi.csv NeighborSum 48
0.0 0.1416437639436531 -5.37611 0.835810015 0.420346607 -58.24119646876675 ../testing_datasets/H3_epi.csv NeighborSum 48
0.0 0.1465063024890872 -5.67761 1.083273344 0.3953137 -57.46296721665957 ../testing_datasets/H3_epi.csv NeighborSum 48
0.0 0.17263007316637827 -3.15799 0.886397964 0.554881606 -59.56186455524644 ../testing_datasets/H3_epi.csv NeighborSum 48
0.0 0.16106980942011576 -4.5826 1.218344686 0.424243444 -63.81851092278183 ../testing_datasets/H3_epi.csv NeighborSum 48
0.0 0.13846689498876047 -4.29972 0.617600794 0.398735687 -66.61822991696798 ../testing_datasets/H3_epi.csv NeighborSum 48
0.0 0.1685686352695476 -4.19526 1.0464075 0.569476161 -65.6016487586034 ../testing_datasets/H3_epi.csv NeighborSum 48
0.0 0.1855607477328094 -1.70948 1.026717248 0.53272905 -68.88241586603708 ../testing_datasets/H3_epi.csv NeighborSum 48
0.0 0.14777806548490394 -2.48409 0.518199171 0.40001798 -75.22091299600174 ../testing_datasets/H3_epi.csv NeighborSum 48
0.0 0.15299457690760368 -2.68823 0.539287956 0.483434805 -75.65570864511531 ../testing_datasets/H3_epi.csv NeighborSum 48
0.0 0.19520429527641983 -1.20313 1.023206693 0.632002374 -75.37926078237382 ../testing_datasets/H3_epi.csv NeighborSum 48
0.0 0.14430993318515145 -4.34651 0.728241107 0.476373758 -77.67398403280632 ../testing_datasets/H3_epi.csv NeighborSum 48
0.0 0.11948210033986434 -4.60651 0.328855717 0.396911669 -82.87316526173183 ../testing_datasets/H3_epi.csv NeighborSum 48
0.0 0.179798322176685 -1.7083 0.974385705 0.554862987 -85.1659263471247 ../testing_datasets/H3_epi.csv NeighborSum 48
0.0 0.18163649915377425 -1.49109 0.843482432 0.611772961 -83.8782088549057 ../testing_datasets/H3_epi.csv NeighborSum 48
0.0 0.15283061684670068 -3.04207 0.746764275 0.493207108 -91.80970494447935 ../testing_datasets/H3_epi.csv NeighborSum 48
0.0 0.1517483623946541 -2.69687 0.741876229 0.45682828 -95.14183101640727 ../testing_datasets/H3_epi.csv NeighborSum 48
0.0 0.1815612854337571 -1.18715 0.873741936 0.593139238 -90.99241163886626 ../testing_datasets/H3_epi.csv NeighborSum 48
0.0 0.16751341747967435 -2.17792 0.715975754 0.61215617 -94.09324059556795 ../testing_datasets/H3_epi.csv NeighborSum 48
0.0 0.13631248839830623 -3.79772 0.676692141 0.449198465 -103.5837465748718 ../testing_datasets/H3_epi.csv NeighborSum 48
0.0 0.17021916490344866 -2.1581 1.149109632 0.476781449 -103.29330876593033 ../testing_datasets/H3_epi.csv NeighborSum 48
0.0 0.18713991001509844 0.9376 0.663963377 0.57104252 -101.2637629504989 ../testing_datasets/H3_epi.csv NeighborSum 48
0.0 0.17720798206300098 -1.41486 1.038341646 0.559444308 -108.2930394961046 ../testing_datasets/H3_epi.csv NeighborSum 48
0.0 0.13544621006776172 -4.72697 1.00931652 0.431092985 -114.39565602034982 ../testing_datasets/H3_epi.csv NeighborSum 48
0.0 0.15278676220682139 -3.45534 1.009611947 0.486794408 -108.46841685819082 ../testing_datasets/H3_epi.csv NeighborSum 48
0.0 0.1621007112703082 -2.04081 0.652709931 0.616720799 -107.69643922132191 ../testing_datasets/H3_epi.csv NeighborSum 48
0.0 0.17685875843709872 -0.57995 1.057207112 0.516754622 -123.18145816018834 ../testing_datasets/H3_epi.csv NeighborSum 48
0.0 0.1637895309474802 -0.60971 0.796349185 0.48347495 -125.0824439457013 ../testing_datasets/H3_epi.csv NeighborSum 48
0.0 0.17864756021269235 -2.21871 1.425720087 0.502018272 -112.64703075488667 ../testing_datasets/H3_epi.csv NeighborSum 48
0.0 0.1935599489158306 -0.68489 1.324051971 0.607116558 -120.60497029313247 ../testing_datasets/H3_epi.csv NeighborSum 48
0.0 0.13925494353624682 -4.02353 0.931263958 0.51091208 -130.65579782687124 ../testing_datasets/H3_epi.csv NeighborSum 48
0.0 0.1828382196983843 -1.38956 1.533873041 0.463566869 -124.67368446887663 ../testing_datasets/H3_epi.csv NeighborSum 48
0.0 0.16367869167152882 -2.19767 1.003082454 0.524189417 -116.31894651597567 ../testing_datasets/H3_epi.csv NeighborSum 48
0.0 0.10383039510491561 -8.06823 0.678620048 0.604079564 -124.77710397666884 ../testing_datasets/H3_epi.csv NeighborSum 48
0.0 0.14726463445151053 -2.65016 0.75855219 0.559590165 -134.43521222458693 ../testing_datasets/H3_epi.csv NeighborSum 48
0.0 0.16134428469912404 -4.22106 1.338682007 0.57830857 -119.95696798284659 ../testing_datasets/H3_epi.csv NeighborSum 48
0.0 0.18043042296795553 -1.61936 1.177513617 0.63108996 -124.77787363885045 ../testing_datasets/H3_epi.csv NeighborSum 48
0.0 0.1571088417419106 -1.26789 0.609733531 0.620732659 -138.43663218454716 ../testing_datasets/H3_epi.csv NeighborSum 48
0.0 0.14614747786638183 -2.69164 0.57155383 0.626154719 -131.29277366069883 ../testing_datasets/H3_epi.csv NeighborSum 48
0.0 0.16880590883094182 -3.23685 1.200862802 0.626778819 -119.12103851596447 ../testing_datasets/H3_epi.csv NeighborSum 48
0.0 0.15380569009224737 -3.79799 1.102180344 0.582491601 -128.23914214545707 ../testing_datasets/H3_epi.csv NeighborSum 48
0.0 0.12145333051669718 -3.58861 0.423707349 0.493538359 -135.16712238333054 ../testing_datasets/H3_epi.csv NeighborSum 48
0.0 0.16038375145387493 -1.78956 0.798066441 0.566932433 -123.80383376072272 ../testing_datasets/H3_epi.csv NeighborSum 48
0.0 0.1633470394052456 -3.24208 1.225768266 0.532304167 -116.54801872410536 ../testing_datasets/H3_epi.csv NeighborSum 48
0.0 0.15232746157468482 -1.48119 0.760830503 0.470574667 -129.7413413076549 ../testing_datasets/H3_epi.csv NeighborSum 48
0.0 0.14519303818661586 -2.15644 0.869511023 0.384658061 -125.95528816198909 ../testing_datasets/H3_epi.csv NeighborSum 48
0.0 0.18375515880841725 -1.13286 1.161003485 0.570106513 -111.96514566816498 ../testing_datasets/H3_epi.csv NeighborSum 48
0.0 0.13206946815006354 -6.61769 1.014349233 0.560870036 -105.57613235461073 ../testing_datasets/H3_epi.csv NeighborSum 48
0.0 0.22631697117870048 4.87358 0.973275298 0.555339863 -116.8631026862623 ../testing_datasets/H3_epi.csv NeighborSum 48
0.0 0.21437646291834678 3.60952 0.825378865 0.589182174 -111.15651668172202 ../testing_datasets/H3_epi.csv NeighborSum 48
0.0 0.1607448291929963 -4.30213 1.012759628 0.618099716 -93.1659212638475 ../testing_datasets/H3_epi.csv NeighborSum 48
0.0 0.16402224122363823 -2.13264 0.84322232 0.551274732 -105.68664446712327 ../testing_datasets/H3_epi.csv NeighborSum 48
0.0 0.13145786438079748 -3.69397 0.779412834 0.331578695 -105.28165593541915 ../testing_datasets/H3_epi.csv NeighborSum 48
0.0 0.13541274313295404 -4.22694 0.930594875 0.446294999 -122.17017771339775 ../testing_datasets/H3_epi.csv NeighborSum 48
0.0 0.14408917526342396 0.17248 0.379967836 0.263618748 -108.51359076424488 ../testing_datasets/H3_epi.csv NeighborSum 48
0.0 0.13360467467556605 -2.5862 0.814016394 0.299687273 -123.94898882867247 ../testing_datasets/H3_epi.csv NeighborSum 48
0.0 0.12166662347643159 -2.25701 0.316414832 0.270686036 -106.95445258376091 ../testing_datasets/H3_epi.csv NeighborSum 48
0.0 0.14505247791128204 -2.00232 0.933438646 0.314576607 -121.52498944977177 ../testing_datasets/H3_epi.csv NeighborSum 48
0.0 0.16194391856031862 0.33482 0.309571582 0.494544545 -104.31659888475224 ../testing_datasets/H3_epi.csv NeighborSum 48
0.0 0.1331502014122984 -4.48065 0.879706311 0.39965766 -106.32520983449366 ../testing_datasets/H3_epi.csv NeighborSum 48
0.0 0.154277456027232 -2.32292 0.53804943 0.542396994 -94.34967271051723 ../testing_datasets/H3_epi.csv NeighborSum 48
0.0 0.17699069726059874 -2.62324 1.011120086 0.613470917 -87.1392097275502 ../testing_datasets/H3_epi.csv NeighborSum 48
0.0 0.14534406677381373 -4.37888 0.543627628 0.59858662 -81.18843346544875 ../testing_datasets/H3_epi.csv NeighborSum 48
0.0 0.16897132181443564 -4.3021 0.923468502 0.665551103 -69.89781765332133 ../testing_datasets/H3_epi.csv NeighborSum 48
0.0 0.18450142227331 -2.28167 0.882711911 0.588455546 -54.20517608833994 ../testing_datasets/H3_epi.csv NeighborSum 48
0.0 0.21636840121804593 -0.03752 1.186875898 0.692138169 -74.22447022114213 ../testing_datasets/H3_epi.csv NeighborSum 48
0.0 0.15951318525711045 -3.83055 0.442003714 0.627239158 -48.91166664391751 ../testing_datasets/H3_epi.csv NeighborSum 48
0.0 0.15192146136986873 -2.52594 0.120918225 0.543336694 -50.96806868972912 ../testing_datasets/H3_epi.csv NeighborSum 48
0.0 0.1757819699236378 0.16462 0.221265229 0.515838272 -54.39325085493159 ../testing_datasets/H3_epi.csv NeighborSum 48
0.0 0.18256433346806247 -1.59538 0.975002954 0.506680765 -69.16006232505116 ../testing_datasets/H3_epi.csv NeighborSum 48
0.0 0.17537177563841946 -1.68294 0.657951648 0.593593412 -73.16488918849304 ../testing_datasets/H3_epi.csv NeighborSum 48
0.0 0.1668633195981084 -0.04791 0.203960544 0.520138328 -74.29391597861118 ../testing_datasets/H3_epi.csv NeighborSum 48
0.0 0.15273019770406332 -2.99001 0.731130699 0.414910062 -74.15475423899306 ../testing_datasets/H3_epi.csv NeighborSum 48
0.0 0.14718216586571992 -4.42836 1.374086679 0.265395858 -89.910939633945 ../testing_datasets/H3_epi.csv NeighborSum 48
1.0 0.1773485301858722 -0.89739 0.575827981 0.638151516 -88.56175044002285 ../testing_datasets/H3_epi.csv NeighborSum 48
1.0 0.1536175999797229 -4.93666 0.784631442 0.697877378 -91.01979023838544 ../testing_datasets/H3_epi.csv NeighborSum 48
1.0 0.167763413411178 -1.38569 0.404721355 0.645221375 -87.2664875347171 ../testing_datasets/H3_epi.csv NeighborSum 48
0.0 0.1554770224049044 -1.38569 0.605313959 0.485598256 -109.39008309743666 ../testing_datasets/H3_epi.csv NeighborSum 48
0.0 0.15014993634429646 -3.73593 1.121181829 0.426966452 -107.72722928998554 ../testing_datasets/H3_epi.csv NeighborSum 48
1.0 0.16784169985300937 -2.76414 0.866287947 0.580237371 -87.26611298147981 ../testing_datasets/H3_epi.csv NeighborSum 48
1.0 0.13713100903877623 -3.67811 0.225781842 0.596306874 -88.28332656093721 ../testing_datasets/H3_epi.csv NeighborSum 48
0.0 0.15754883766622998 -1.36736 0.65672676 0.491396892 -110.64821286034967 ../testing_datasets/H3_epi.csv NeighborSum 48
1.0 0.15961181583735723 -3.60129 1.183858458 0.473003104 -100.46693636799235 ../testing_datasets/H3_epi.csv NeighborSum 48
1.0 0.1709931528000231 -2.40704 0.617009927 0.678430232 -82.10606107433631 ../testing_datasets/H3_epi.csv NeighborSum 48
1.0 0.17425036410590383 0.27874 0.207435725 0.633521178 -86.75791495443922 ../testing_datasets/H3_epi.csv NeighborSum 48
0.0 0.16744225040806224 -1.11469 0.94038325 0.43818284 -106.86221477356067 ../testing_datasets/H3_epi.csv NeighborSum 48
1.0 0.17841028242269197 -1.75142 1.022230688 0.534843153 -88.85045026516173 ../testing_datasets/H3_epi.csv NeighborSum 48
1.0 0.16473710340451356 -1.72343 0.334850427 0.638213607 -78.35531049289091 ../testing_datasets/H3_epi.csv NeighborSum 48
0.0 0.1626769349174469 -0.40095 0.494418865 0.451082798 -93.6248050973357 ../testing_datasets/H3_epi.csv NeighborSum 48
0.0 0.17990647381954272 -1.84978 1.23377934 0.484519631 -93.60828250585661 ../testing_datasets/H3_epi.csv NeighborSum 48
1.0 0.21123794018349795 1.5278 0.862137593 0.622449217 -78.5107830852831 ../testing_datasets/H3_epi.csv NeighborSum 48
0.0 0.20611381526431125 -0.30784 0.770149767 0.779557952 -71.84470967416229 ../testing_datasets/H3_epi.csv NeighborSum 48
1.0 0.21019744089995235 -0.06145 0.858298918 0.743506324 -67.61587590462392 ../testing_datasets/H3_epi.csv NeighborSum 48
1.0 0.2201938407521842 0.37206 1.183739322 0.694384794 -73.62109576856729 ../testing_datasets/H3_epi.csv NeighborSum 48
1.0 0.1973825318949371 -0.35842 1.040113198 0.52869559 -69.24841400010762 ../testing_datasets/H3_epi.csv NeighborSum 48
0.0 0.1993622685010663 -1.58404 0.8189937 0.751478612 -58.01768211456809 ../testing_datasets/H3_epi.csv NeighborSum 48
0.0 0.16718624450552397 -4.24126 1.058076775 0.53634228 -62.31923000686741 ../testing_datasets/H3_epi.csv NeighborSum 48
0.0 0.24055876583478364 2.84913 1.126303504 0.630731965 -56.602071437910745 ../testing_datasets/H3_epi.csv NeighborSum 48
0.0 0.20244752540460897 2.11652 1.033761289 0.264601991 -57.75812730246975 ../testing_datasets/H3_epi.csv NeighborSum 48
0.0 0.1923536058063415 -1.02019 0.857445172 0.594190494 -61.95719309380083 ../testing_datasets/H3_epi.csv NeighborSum 48
0.0 0.21282664864730616 -2.07897 1.674021396 0.59198064 -62.77056393143604 ../testing_datasets/H3_epi.csv NeighborSum 48
0.0 0.20388378000723512 -0.12717 0.973501852 0.561222072 -56.098874397776534 ../testing_datasets/H3_epi.csv NeighborSum 48
0.0 0.18483472868577294 -1.49308 1.022611663 0.460188161 -59.82718076779306 ../testing_datasets/H3_epi.csv NeighborSum 48
0.0 0.20081120697123334 -0.6406 1.066444429 0.510856713 -50.774447586637265 ../testing_datasets/H3_epi.csv NeighborSum 48
0.0 0.19800829818955573 -1.38762 1.044997612 0.561971226 -49.03234262216287 ../testing_datasets/H3_epi.csv NeighborSum 48
0.0 0.20379364261407168 -0.21592 0.79112984 0.576103016 -37.614870642258325 ../testing_datasets/H3_epi.csv NeighborSum 48
0.0 0.20093623272699263 -1.3971 0.860397633 0.640539814 -37.75549077041003 ../testing_datasets/H3_epi.csv NeighborSum 48
0.0 0.23402090901887873 1.17292 1.256955553 0.624487034 -45.68737623937243 ../testing_datasets/H3_epi.csv NeighborSum 48
0.0 0.18217074095100588 -2.37496 0.706950877 0.617758974 -46.16020939207781 ../testing_datasets/H3_epi.csv NeighborSum 48
0.0 0.19034316575426574 -0.94216 0.797042168 0.524278674 -47.61078189652155 ../testing_datasets/H3_epi.csv NeighborSum 48
0.0 0.16240711248358766 -2.83706 0.973929637 0.302477381 -50.709774359139395 ../testing_datasets/H3_epi.csv NeighborSum 48
0.0 0.17301286414633332 -0.05428 0.694254731 0.283913783 -56.24152391687866 ../testing_datasets/H3_epi.csv NeighborSum 48
0.0 0.17412127177920184 -2.36904 0.891798479 0.452496357 -52.98169430823314 ../testing_datasets/H3_epi.csv NeighborSum 48
0.0 0.16562094803871485 -4.07135 1.261879668 0.362642951 -54.41490417282515 ../testing_datasets/H3_epi.csv NeighborSum 48
0.0 0.13527292446466713 -5.44984 0.820562394 0.350578888 -57.78417451565313 ../testing_datasets/H3_epi.csv NeighborSum 48
0.0 0.14302832256727527 -5.64414 1.040108166 0.366364989 -57.36964745444865 ../testing_datasets/H3_epi.csv NeighborSum 48
0.0 0.16728638451511177 -3.2017 0.869979244 0.496147205 -59.20056171259021 ../testing_datasets/H3_epi.csv NeighborSum 48
0.0 0.1664821445771552 -4.05429 1.179757521 0.453936809 -63.89787567388963 ../testing_datasets/H3_epi.csv NeighborSum 48
0.0 0.1382813024365392 -4.4285 0.601591722 0.417836871 -66.41481327368093 ../testing_datasets/H3_epi.csv NeighborSum 48
0.0 0.16741542985167307 -4.51222 1.083122381 0.572445626 -65.5303612039461 ../testing_datasets/H3_epi.csv NeighborSum 48
0.0 0.18693098046515497 -1.34928 1.006637211 0.520767008 -69.2106587827099 ../testing_datasets/H3_epi.csv NeighborSum 48
0.0 0.15225886283414583 -2.1003 0.432581259 0.457231163 -75.40996842043877 ../testing_datasets/H3_epi.csv NeighborSum 48
0.0 0.15614730561093162 -2.90681 0.611989681 0.514592768 -75.66821462081576 ../testing_datasets/H3_epi.csv NeighborSum 48
0.0 0.19439306858540947 -1.3563 1.058319156 0.623140719 -75.6673740252072 ../testing_datasets/H3_epi.csv NeighborSum 48
0.0 0.14361878817008106 -4.40102 0.667925035 0.502096509 -77.53547116166905 ../testing_datasets/H3_epi.csv NeighborSum 48
0.0 0.12013459048374374 -5.02552 0.345201153 0.445056462 -82.80254156565071 ../testing_datasets/H3_epi.csv NeighborSum 48
0.0 0.18010566376498194 -2.10897 1.059536526 0.565101178 -85.54419891261558 ../testing_datasets/H3_epi.csv NeighborSum 48
0.0 0.18155141158093774 -1.42312 0.794924622 0.627676276 -84.16636939854284 ../testing_datasets/H3_epi.csv NeighborSum 48
0.0 0.15261817942761308 -3.032 0.70427318 0.509212633 -91.67109108798867 ../testing_datasets/H3_epi.csv NeighborSum 48
0.0 0.15797344873614047 -2.54882 0.750990428 0.52069382 -95.94069326023234 ../testing_datasets/H3_epi.csv NeighborSum 48
0.0 0.18126042773240475 -1.28902 0.921750244 0.582708906 -92.14144147290561 ../testing_datasets/H3_epi.csv NeighborSum 48
0.0 0.16562128082143499 -2.18418 0.731156107 0.581706451 -94.31478167869237 ../testing_datasets/H3_epi.csv NeighborSum 48
0.0 0.14095218316117808 -3.592 0.687332561 0.483357597 -104.02265139318928 ../testing_datasets/H3_epi.csv NeighborSum 48
0.0 0.1711253439136449 -1.88471 1.128182407 0.478788404 -105.80859874020426 ../testing_datasets/H3_epi.csv NeighborSum 48
0.0 0.175387425360965 -0.42065 0.651141511 0.577203271 -101.04961238905695 ../testing_datasets/H3_epi.csv NeighborSum 48
0.0 0.17299230430856416 -1.87732 1.092719543 0.530808179 -108.33099329623288 ../testing_datasets/H3_epi.csv NeighborSum 48
0.0 0.13947382775143807 -4.76208 1.012464666 0.489247984 -115.04002805196006 ../testing_datasets/H3_epi.csv NeighborSum 48
0.0 0.15099562515577156 -3.63917 1.015872496 0.486675686 -109.68480097312049 ../testing_datasets/H3_epi.csv NeighborSum 48
0.0 0.16261933709226545 -2.12472 0.711453749 0.609238538 -108.72140338119323 ../testing_datasets/H3_epi.csv NeighborSum 48
0.0 0.18214050246944166 -0.5032 1.115958164 0.552529795 -124.0151241706897 ../testing_datasets/H3_epi.csv NeighborSum 48
0.0 0.16645770259936588 -0.50472 0.823143494 0.499347124 -126.39305323728671 ../testing_datasets/H3_epi.csv NeighborSum 48
0.0 0.1780952079433546 -2.29666 1.451526067 0.498846942 -114.36753665339263 ../testing_datasets/H3_epi.csv NeighborSum 48
0.0 0.19206884145452488 -0.70337 1.312299207 0.601511063 -121.98598999029008 ../testing_datasets/H3_epi.csv NeighborSum 48
0.0 0.14272998176344776 -3.93135 0.912711905 0.559678794 -131.72303341239748 ../testing_datasets/H3_epi.csv NeighborSum 48
0.0 0.18207845896141958 -1.36362 1.516847775 0.467353666 -126.5762716878831 ../testing_datasets/H3_epi.csv NeighborSum 48
0.0 0.16095445415976917 -2.29501 0.97506998 0.523631199 -118.6767651205965 ../testing_datasets/H3_epi.csv NeighborSum 48
0.0 0.10793746072473516 -7.17301 0.620981734 0.596002585 -127.55016168183312 ../testing_datasets/H3_epi.csv NeighborSum 48
0.0 0.14313743074499413 -2.66975 0.657617848 0.561989307 -135.65729752037657 ../testing_datasets/H3_epi.csv NeighborSum 48
0.0 0.15866802675284325 -4.08281 1.255474233 0.578581371 -122.40055972292198 ../testing_datasets/H3_epi.csv NeighborSum 48
0.0 0.18030333311167984 -1.61904 1.196279444 0.633402618 -127.71891053776315 ../testing_datasets/H3_epi.csv NeighborSum 48
0.0 0.15743616828744156 -1.14928 0.607995014 0.62046461 -140.26359494161733 ../testing_datasets/H3_epi.csv NeighborSum 48
0.0 0.1428909429205142 -2.89421 0.550428197 0.62308481 -132.70520612854878 ../testing_datasets/H3_epi.csv NeighborSum 48
0.0 0.1686722070695426 -3.09011 1.184196075 0.628628715 -121.88009068646315 ../testing_datasets/H3_epi.csv NeighborSum 48
0.0 0.15410445396752548 -3.63086 1.096636703 0.579115295 -130.28215046607633 ../testing_datasets/H3_epi.csv NeighborSum 48
0.0 0.12162681615944265 -3.43745 0.408940997 0.490400951 -136.2212114891357 ../testing_datasets/H3_epi.csv NeighborSum 48
0.0 0.15634207595008592 -1.86597 0.729475299 0.561078177 -124.97852986554744 ../testing_datasets/H3_epi.csv NeighborSum 48
0.0 0.16588517361494914 -3.18398 1.268900122 0.547594981 -118.68447956524587 ../testing_datasets/H3_epi.csv NeighborSum 48
0.0 0.14991294073930309 -1.52937 0.702256702 0.475597705 -130.3798070318774 ../testing_datasets/H3_epi.csv NeighborSum 48
0.0 0.14155466681799037 -2.68237 0.87665334 0.389877302 -125.1379610905302 ../testing_datasets/H3_epi.csv NeighborSum 48
0.0 0.1856926483885056 -0.89837 1.150906151 0.576558036 -112.62168657290799 ../testing_datasets/H3_epi.csv NeighborSum 48
0.0 0.13531184153927525 -6.13207 0.975306772 0.573996533 -107.18061994659995 ../testing_datasets/H3_epi.csv NeighborSum 48
0.0 0.22307041987620563 4.6192 0.923744322 0.564587385 -116.59823074659275 ../testing_datasets/H3_epi.csv NeighborSum 48
0.0 0.2057652792058617 2.55398 0.83649241 0.578914009 -108.36154999312703 ../testing_datasets/H3_epi.csv NeighborSum 48
0.0 0.16478768483903802 -4.14995 1.09437991 0.616478169 -93.6663822338225 ../testing_datasets/H3_epi.csv NeighborSum 48
0.0 0.15760022757938882 -2.19097 0.708683209 0.542083741 -106.41840376324517 ../testing_datasets/H3_epi.csv NeighborSum 48
0.0 0.11153423269238137 -5.79459 0.593224647 0.405185866 -106.41235258589715 ../testing_datasets/H3_epi.csv NeighborSum 48
0.0 0.12484714923885872 -4.53995 0.857243788 0.386004991 -123.74760677397758 ../testing_datasets/H3_epi.csv NeighborSum 48
0.0 0.150944834569256 0.16828 0.31878471 0.39402143 -110.85952876255804 ../testing_datasets/H3_epi.csv NeighborSum 48
0.0 0.1462834514112265 -2.32023 0.760981142 0.470283553 -125.98544219411131 ../testing_datasets/H3_epi.csv NeighborSum 48
0.0 0.1299229530811145 -2.2563 0.207246088 0.439548133 -108.7257555988268 ../testing_datasets/H3_epi.csv NeighborSum 48
0.0 0.1402032551276266 -2.23281 0.779605479 0.356394544 -122.57346232970772 ../testing_datasets/H3_epi.csv NeighborSum 48
0.0 0.15001227745150567 -0.75188 0.252588801 0.494922401 -105.49219996352359 ../testing_datasets/H3_epi.csv NeighborSum 48
0.0 0.12022966909163538 -5.11908 0.707217285 0.393116784 -107.79649320532238 ../testing_datasets/H3_epi.csv NeighborSum 48
0.0 0.14409916126026626 -2.29067 0.204689558 0.576523853 -96.58890296454466 ../testing_datasets/H3_epi.csv NeighborSum 48
0.0 0.17030667192170956 -3.45165 1.04134297 0.613146999 -88.8007609834303 ../testing_datasets/H3_epi.csv NeighborSum 48
0.0 0.14662617037727452 -4.38381 0.595059183 0.599408462 -83.06005121603518 ../testing_datasets/H3_epi.csv NeighborSum 48
0.0 0.16986769906178129 -4.15693 0.931770858 0.663809216 -71.48989045878507 ../testing_datasets/H3_epi.csv NeighborSum 48
0.0 0.19103603667814253 -1.35755 0.872256556 0.585972665 -56.95418891188938 ../testing_datasets/H3_epi.csv NeighborSum 48
0.0 0.21642431803471443 -0.06909 1.212739305 0.693745535 -76.42211670632148 ../testing_datasets/H3_epi.csv NeighborSum 48
0.0 0.148408352025649 -4.87832 0.426957457 0.612784647 -49.875871492652976 ../testing_datasets/H3_epi.csv NeighborSum 48
0.0 0.15404622018424033 -2.02118 0.092517369 0.545602612 -55.071075791531975 ../testing_datasets/H3_epi.csv NeighborSum 48
0.0 0.17673279524268753 0.2355 0.261605919 0.50286835 -54.8804480967778 ../testing_datasets/H3_epi.csv NeighborSum 48
0.0 0.18372143373348038 -1.61793 1.005179347 0.509836592 -69.16274829208197 ../testing_datasets/H3_epi.csv NeighborSum 48
0.0 0.16520324164514613 -2.75668 0.655162333 0.593028137 -75.1579283568524 ../testing_datasets/H3_epi.csv NeighborSum 48
0.0 0.16633257373372018 -0.30834 0.205533792 0.543879921 -74.68552665126872 ../testing_datasets/H3_epi.csv NeighborSum 48
0.0 0.1580189754317494 -2.83171 0.757078726 0.449719174 -73.27634088622158 ../testing_datasets/H3_epi.csv NeighborSum 48
0.0 0.15310292629202285 -3.92471 1.355263093 0.301185355 -91.37795715028851 ../testing_datasets/H3_epi.csv NeighborSum 48
1.0 0.17484222021021606 -1.33679 0.484034328 0.693856464 -87.21740944606722 ../testing_datasets/H3_epi.csv NeighborSum 48
