A 387 3.0 3.0
A 388 3.0 3.0
A 389 3.0 3.0
A 390 3.0 3.0
A 391 3.0 3.0
A 392 2.0 1.0
A 393 2.0 1.0
A 394 2.0 1.0
A 395 2.0 1.0
A 396 3.0 1.0
A 397 3.0 1.0
A 398 2.0 1.0
A 399 1.0 0.0
A 400 1.0 0.0
A 401 1.0 0.0
A 402 0.0 0.0
A 403 2.0 1.0
A 404 1.0 0.0
A 405 2.0 2.0
A 406 0.0 3.0
A 407 3.0 3.0
A 408 2.0 3.0
A 409 2.0 3.0
A 410 3.0 3.0
A 411 3.0 1.0
A 412 0.0 3.0
A 413 3.0 3.0
A 414 3.0 3.0
A 415 3.0 3.0
A 416 1.0 3.0
A 417 3.0 3.0
A 418 3.0 3.0
A 419 3.0 3.0
A 420 3.0 3.0
A 421 3.0 3.0
A 422 3.0 3.0
A 423 3.0 3.0
A 424 3.0 3.0
A 425 3.0 3.0
A 426 3.0 3.0
A 427 3.0 3.0
A 428 3.0 3.0
A 429 3.0 3.0
A 430 3.0 3.0
A 431 3.0 3.0
A 432 3.0 3.0
A 433 3.0 3.0
A 434 3.0 3.0
A 435 3.0 3.0
A 436 3.0 3.0
A 437 3.0 3.0
A 438 3.0 3.0
A 439 3.0 3.0
A 440 3.0 3.0
A 441 3.0 2.0
A 442 3.0 3.0
A 443 3.0 3.0
A 444 3.0 1.0
A 445 3.0 1.0
A 446 3.0 3.0
A 447 3.0 3.0
A 448 3.0 3.0
A 449 3.0 3.0
A 450 3.0 3.0
A 451 3.0 2.0
A 452 3.0 2.0
A 453 3.0 0.0
A 454 3.0 0.0
A 455 3.0 0.0
A 456 1.0 2.0
A 457 3.0 2.0
A 458 1.0 2.0
A 459 1.0 3.0
A 460 1.0 3.0
A 461 3.0 3.0
A 462 3.0 3.0
A 463 3.0 3.0
A 464 3.0 3.0
A 465 3.0 3.0
A 466 3.0 3.0
A 467 3.0 3.0
A 468 3.0 3.0
A 469 3.0 3.0
A 470 3.0 3.0
A 471 3.0 3.0
A 472 3.0 1.0
A 473 1.0 1.0
A 474 1.0 1.0
A 475 1.0 0.0
A 476 1.0 0.0
A 477 1.0 0.0
A 478 0.0 0.0
A 479 0.0 0.0
A 480 1.0 0.0
A 481 1.0 0.0
A 482 3.0 0.0
A 483 3.0 1.0
A 484 3.0 3.0
A 485 3.0 1.0
A 486 3.0 1.0
A 487 3.0 3.0
A 488 3.0 3.0
A 489 3.0 3.0
A 490 3.0 3.0
A 491 3.0 3.0
A 492 3.0 3.0
A 493 3.0 3.0
A 494 3.0 3.0
A 495 3.0 3.0
A 496 3.0 3.0
A 497 3.0 3.0
A 498 3.0 3.0
A 499 3.0 3.0
A 958 3.0 3.0
A 959 3.0 3.0
A 960 3.0 3.0
A 961 3.0 3.0
A 962 3.0 3.0
A 963 3.0 3.0
A 964 3.0 3.0
A 965 3.0 3.0
A 966 3.0 3.0
A 967 3.0 3.0
A 968 3.0 3.0
A 969 3.0 3.0
A 970 3.0 3.0
A 971 3.0 3.0
A 972 3.0 3.0
A 973 3.0 3.0
A 974 3.0 3.0
A 975 3.0 3.0
A 976 1.0 3.0
A 977 3.0 3.0
A 978 1.0 3.0
A 979 3.0 3.0
A 980 1.0 1.0
A 981 1.0 1.0
A 982 3.0 3.0
A 983 3.0 3.0
A 984 3.0 3.0
A 985 3.0 3.0
A 986 3.0 3.0
A 987 3.0 3.0
A 988 3.0 3.0
A 989 3.0 1.0
A 990 3.0 1.0
A 991 3.0 1.0
A 992 3.0 1.0
A 993 0.0 1.0
A 994 0.0 1.0
A 995 0.0 3.0
A 996 1.0 2.0
A 997 0.0 3.0
A 998 1.0 3.0
A 999 0.0 2.0
A 1000 2.0 1.0
A 1001 0.0 1.0
A 1002 3.0 1.0
A 1003 3.0 1.0
A 1004 3.0 1.0
A 1005 3.0 1.0
A 1006 2.0 1.0
A 1007 1.0 3.0
A 1008 2.0 3.0
A 1009 3.0 3.0
A 1010 3.0 3.0
A 1011 3.0 3.0
A 1012 3.0 3.0
A 1013 3.0 3.0
A 1014 3.0 2.0
A 1015 1.0 3.0
A 1016 1.0 3.0
A 1017 1.0 3.0
A 1018 1.0 3.0
A 1019 1.0 3.0
A 1020 1.0 3.0
A 1021 1.0 1.0
A 1022 1.0 1.0
A 1023 3.0 1.0
A 1024 3.0 1.0
A 1025 3.0 1.0
A 1026 3.0 1.0
A 1027 3.0 1.0
A 1028 3.0 1.0
A 1029 1.0 1.0
A 1030 1.0 1.0
A 1031 1.0 1.0
A 1032 1.0 1.0
A 1033 1.0 1.0
A 1034 1.0 1.0
A 1035 1.0 1.0
A 1036 1.0 3.0
A 1037 1.0 3.0
A 1038 1.0 3.0
A 1039 3.0 3.0
A 1040 3.0 3.0
A 1041 3.0 3.0
A 1042 3.0 3.0
A 1043 3.0 3.0
A 1044 3.0 3.0
A 1045 3.0 3.0
A 1046 3.0 3.0
A 1047 3.0 3.0
A 1048 3.0 3.0
A 1049 3.0 3.0
A 1050 3.0 3.0
A 1051 1.0 3.0
A 1052 0.0 3.0
A 1053 2.0 3.0
A 1054 2.0 3.0
A 1055 3.0 1.0
A 1056 3.0 1.0
A 1057 3.0 1.0
A 1058 3.0 3.0
A 1059 3.0 1.0
A 1060 3.0 3.0
A 1061 1.0 3.0
A 1062 1.0 1.0
A 1063 1.0 1.0
A 1064 1.0 0.0
A 1065 1.0 0.0
A 1066 1.0 0.0
A 1067 1.0 0.0
A 1068 1.0 0.0
A 1069 1.0 0.0
A 1070 3.0 2.0
A 1529 3.0 3.0
A 1530 1.0 3.0
A 1531 1.0 3.0
A 1532 1.0 3.0
A 1533 1.0 3.0
A 1534 1.0 3.0
A 1535 1.0 3.0
A 1536 1.0 3.0
A 1537 1.0 3.0
A 1538 1.0 3.0
A 1539 1.0 3.0
A 1540 1.0 3.0
A 1541 1.0 3.0
A 1542 1.0 3.0
A 1543 3.0 3.0
A 1544 3.0 1.0
A 1545 3.0 1.0
A 1546 3.0 1.0
A 1547 3.0 1.0
A 1548 3.0 1.0
A 1549 3.0 1.0
A 1550 1.0 1.0
A 1551 1.0 0.0
A 1552 1.0 0.0
A 1553 1.0 0.0
A 1554 1.0 0.0
A 1555 1.0 1.0
A 1556 3.0 0.0
A 1557 2.0 2.0
A 1558 3.0 3.0
A 1559 3.0 3.0
A 1560 2.0 3.0
A 1561 1.0 3.0
A 1562 1.0 3.0
A 1563 1.0 1.0
A 1564 1.0 3.0
A 1565 1.0 3.0
A 1566 1.0 3.0
A 1567 1.0 3.0
A 1568 3.0 3.0
A 1569 3.0 3.0
A 1570 3.0 3.0
A 1571 3.0 3.0
A 1572 3.0 3.0
A 1573 3.0 3.0
A 1574 3.0 3.0
A 1575 2.0 3.0
A 1576 3.0 3.0
A 1577 3.0 3.0
A 1578 3.0 3.0
A 1579 3.0 3.0
A 1580 3.0 3.0
A 1581 3.0 3.0
A 1582 1.0 3.0
A 1583 1.0 3.0
A 1584 1.0 3.0
A 1585 1.0 3.0
A 1586 1.0 3.0
A 1587 1.0 3.0
A 1588 1.0 3.0
A 1589 1.0 3.0
A 1590 1.0 3.0
A 1591 1.0 3.0
A 1592 1.0 3.0
A 1593 1.0 2.0
A 1594 1.0 3.0
A 1595 1.0 1.0
A 1596 1.0 1.0
A 1597 3.0 1.0
A 1598 3.0 3.0
A 1599 3.0 3.0
A 1600 3.0 3.0
A 1601 3.0 3.0
A 1602 3.0 3.0
A 1603 3.0 2.0
A 1604 3.0 2.0
A 1605 3.0 0.0
A 1606 3.0 0.0
A 1607 3.0 2.0
A 1608 3.0 2.0
A 1609 3.0 2.0
A 1610 3.0 2.0
A 1611 3.0 3.0
A 1612 3.0 3.0
A 1613 3.0 3.0
A 1614 3.0 3.0
A 1615 1.0 3.0
A 1616 1.0 3.0
A 1617 1.0 3.0
A 1618 1.0 3.0
A 1619 1.0 3.0
A 1620 1.0 3.0
A 1621 3.0 3.0
A 1622 3.0 3.0
A 1623 1.0 1.0
A 1624 1.0 1.0
A 1625 0.0 1.0
A 1626 0.0 1.0
A 1627 0.0 0.0
A 1628 0.0 0.0
A 1629 0.0 0.0
A 1630 0.0 0.0
A 1631 2.0 0.0
A 1632 1.0 0.0
A 1633 3.0 0.0
A 1634 3.0 0.0
A 1635 3.0 1.0
A 1636 3.0 3.0
A 1637 3.0 1.0
A 1638 3.0 1.0
A 1639 3.0 3.0
A 1640 3.0 3.0
A 1641 3.0 3.0
