A 27 3.0 3.0
A 28 3.0 3.0
A 29 3.0 3.0
A 30 3.0 3.0
A 31 1.0 3.0
A 32 1.0 3.0
A 33 3.0 3.0
A 34 3.0 3.0
A 35 3.0 3.0
A 36 3.0 3.0
A 37 3.0 3.0
A 38 3.0 3.0
A 39 3.0 3.0
A 40 3.0 1.0
A 41 3.0 1.0
A 42 3.0 1.0
A 43 3.0 1.0
A 44 3.0 1.0
A 45 3.0 1.0
A 46 3.0 3.0
A 47 3.0 3.0
A 48 3.0 3.0
A 49 3.0 1.0
A 50 3.0 1.0
A 51 3.0 1.0
A 52 3.0 1.0
A 53 3.0 1.0
A 54 3.0 3.0
A 55 3.0 3.0
A 56 3.0 3.0
A 57 3.0 3.0
A 58 3.0 3.0
A 59 3.0 1.0
A 60 1.0 1.0
A 61 3.0 1.0
A 62 3.0 1.0
A 63 3.0 1.0
A 64 1.0 1.0
A 65 1.0 1.0
A 66 3.0 1.0
A 67 1.0 1.0
A 68 1.0 1.0
A 69 3.0 1.0
A 70 1.0 1.0
A 71 3.0 1.0
A 72 3.0 3.0
A 73 1.0 3.0
A 74 3.0 3.0
A 75 3.0 3.0
A 76 3.0 3.0
A 77 3.0 3.0
A 78 3.0 3.0
A 79 3.0 3.0
A 80 3.0 3.0
A 81 3.0 3.0
A 82 1.0 3.0
A 83 1.0 3.0
A 84 1.0 3.0
A 85 1.0 3.0
A 86 1.0 3.0
A 87 1.0 3.0
A 88 1.0 3.0
A 89 1.0 3.0
A 90 1.0 3.0
A 91 1.0 3.0
A 92 3.0 3.0
A 93 1.0 3.0
A 94 3.0 3.0
A 95 3.0 3.0
A 96 3.0 3.0
A 97 3.0 3.0
A 155 3.0 3.0
A 156 3.0 3.0
A 157 3.0 3.0
A 158 3.0 3.0
A 159 1.0 3.0
A 160 3.0 3.0
A 161 3.0 3.0
A 162 3.0 3.0
A 163 3.0 3.0
A 164 3.0 3.0
A 165 3.0 3.0
A 166 3.0 3.0
A 167 3.0 3.0
A 168 3.0 3.0
A 169 3.0 3.0
A 170 3.0 3.0
A 171 3.0 3.0
A 172 3.0 3.0
A 173 3.0 3.0
A 174 3.0 3.0
A 175 3.0 3.0
A 176 3.0 3.0
A 177 3.0 3.0
A 178 3.0 3.0
A 179 3.0 3.0
A 180 3.0 3.0
A 181 3.0 3.0
A 182 3.0 3.0
A 183 3.0 3.0
A 184 3.0 3.0
A 185 3.0 3.0
A 186 1.0 3.0
A 187 1.0 3.0
A 188 1.0 3.0
A 189 1.0 3.0
A 190 1.0 3.0
A 191 1.0 3.0
A 192 1.0 3.0
A 193 1.0 3.0
A 194 1.0 3.0
A 195 1.0 3.0
A 196 1.0 3.0
A 197 0.0 3.0
A 198 0.0 3.0
A 199 1.0 3.0
A 200 0.0 3.0
A 201 0.0 3.0
A 202 0.0 3.0
A 203 0.0 3.0
A 204 0.0 3.0
A 205 1.0 3.0
A 206 1.0 3.0
A 207 0.0 3.0
A 208 1.0 3.0
A 209 0.0 3.0
A 210 0.0 3.0
A 211 0.0 3.0
A 212 1.0 3.0
A 213 1.0 3.0
A 214 3.0 3.0
A 215 1.0 3.0
A 216 1.0 1.0
A 217 3.0 1.0
A 218 1.0 1.0
A 219 0.0 1.0
A 220 1.0 1.0
A 221 0.0 1.0
A 222 1.0 1.0
A 223 0.0 3.0
A 224 0.0 3.0
A 225 0.0 3.0
A 226 0.0 3.0
A 227 0.0 3.0
A 228 1.0 3.0
A 229 1.0 3.0
A 230 1.0 1.0
A 231 1.0 1.0
A 232 1.0 1.0
A 233 1.0 1.0
A 234 1.0 1.0
A 235 1.0 1.0
A 236 1.0 1.0
A 237 1.0 1.0
A 238 3.0 1.0
A 239 1.0 1.0
A 240 1.0 1.0
A 241 1.0 1.0
A 242 3.0 1.0
A 243 3.0 1.0
A 244 3.0 1.0
A 245 3.0 1.0
A 246 3.0 1.0
A 247 3.0 1.0
A 248 3.0 1.0
A 249 3.0 1.0
A 250 3.0 1.0
A 251 3.0 1.0
A 252 3.0 1.0
A 253 3.0 1.0
A 254 3.0 1.0
A 255 3.0 1.0
A 256 3.0 1.0
A 257 0.0 1.0
A 258 0.0 1.0
A 259 3.0 1.0
A 260 0.0 1.0
A 261 0.0 1.0
A 262 0.0 1.0
A 263 1.0 1.0
A 264 1.0 1.0
A 265 1.0 1.0
A 266 3.0 1.0
A 267 3.0 1.0
A 268 3.0 3.0
A 269 3.0 3.0
A 270 3.0 3.0
A 271 3.0 3.0
A 272 3.0 3.0
A 273 3.0 3.0
A 274 3.0 1.0
A 275 3.0 3.0
A 276 3.0 3.0
A 277 3.0 3.0
A 278 3.0 3.0
A 279 3.0 3.0
A 280 3.0 3.0
A 281 3.0 3.0
A 282 3.0 3.0
A 283 3.0 3.0
A 284 3.0 3.0
A 285 3.0 3.0
A 286 3.0 3.0
A 287 3.0 3.0
A 288 3.0 3.0
A 289 3.0 3.0
A 290 3.0 3.0
A 291 3.0 3.0
A 292 3.0 3.0
A 293 3.0 3.0
A 294 3.0 3.0
A 295 3.0 3.0
A 296 3.0 3.0
A 297 3.0 3.0
A 298 3.0 3.0
A 299 3.0 3.0
A 300 1.0 3.0
A 301 3.0 3.0
A 302 3.0 3.0
A 303 3.0 1.0
A 304 3.0 3.0
A 305 3.0 3.0
A 306 3.0 1.0
A 307 3.0 1.0
A 308 3.0 1.0
A 309 3.0 1.0
A 310 3.0 1.0
A 311 3.0 1.0
A 312 3.0 3.0
A 313 3.0 3.0
A 314 3.0 3.0
A 315 1.0 3.0
A 316 1.0 1.0
A 317 3.0 3.0
A 318 3.0 3.0
A 319 3.0 3.0
A 320 3.0 3.0
A 321 1.0 3.0
A 322 3.0 3.0
A 333 3.0 3.0
A 334 3.0 3.0
A 335 3.0 3.0
A 336 3.0 3.0
A 337 3.0 1.0
A 338 3.0 1.0
A 339 3.0 1.0
A 340 3.0 1.0
A 341 3.0 1.0
A 342 1.0 1.0
A 343 1.0 1.0
A 344 1.0 1.0
A 345 1.0 3.0
A 346 1.0 1.0
A 347 1.0 3.0
A 348 3.0 3.0
A 349 3.0 3.0
A 350 3.0 3.0
A 351 3.0 3.0
A 352 3.0 3.0
A 353 3.0 3.0
A 354 3.0 3.0
A 355 3.0 3.0
A 356 3.0 3.0
A 357 3.0 3.0
A 358 3.0 3.0
A 359 3.0 3.0
A 360 3.0 3.0
A 361 3.0 3.0
A 362 3.0 3.0
A 363 3.0 3.0
A 364 3.0 3.0
A 365 3.0 3.0
A 366 3.0 3.0
A 367 3.0 3.0
A 368 3.0 3.0
A 369 3.0 3.0
A 370 3.0 3.0
A 371 3.0 3.0
A 372 3.0 3.0
A 373 3.0 3.0
A 374 3.0 3.0
A 375 3.0 3.0
A 376 3.0 3.0
A 377 3.0 3.0
A 378 3.0 3.0
A 379 3.0 3.0
A 380 3.0 3.0
A 381 3.0 3.0
A 382 3.0 1.0
A 383 3.0 1.0
A 384 3.0 1.0
A 385 3.0 1.0
A 386 3.0 1.0
A 387 3.0 1.0
A 388 3.0 1.0
A 389 3.0 1.0
A 390 3.0 1.0
A 391 3.0 0.0
A 392 3.0 0.0
A 393 3.0 1.0
A 394 3.0 1.0
A 395 1.0 1.0
A 396 3.0 1.0
A 397 3.0 1.0
A 398 3.0 1.0
A 399 3.0 1.0
A 400 3.0 1.0
A 401 3.0 1.0
A 402 3.0 1.0
A 403 1.0 1.0
A 404 1.0 1.0
A 405 1.0 1.0
A 406 1.0 1.0
A 407 1.0 1.0
A 408 0.0 1.0
A 409 2.0 1.0
A 410 2.0 3.0
A 411 3.0 1.0
A 412 3.0 1.0
A 413 1.0 3.0
A 414 1.0 1.0
A 415 1.0 3.0
A 416 1.0 1.0
A 417 1.0 1.0
A 418 1.0 1.0
A 419 1.0 0.0
A 420 1.0 1.0
A 421 1.0 1.0
A 422 1.0 0.0
A 423 1.0 1.0
A 424 1.0 0.0
A 425 1.0 0.0
A 426 2.0 0.0
A 427 3.0 0.0
A 428 3.0 0.0
A 429 3.0 1.0
A 430 2.0 1.0
A 431 2.0 1.0
A 432 3.0 1.0
A 433 3.0 1.0
A 434 2.0 1.0
A 435 3.0 1.0
A 436 3.0 1.0
A 437 3.0 1.0
A 438 3.0 3.0
A 439 2.0 3.0
A 440 3.0 3.0
A 441 2.0 3.0
A 442 2.0 3.0
A 443 3.0 3.0
A 444 3.0 3.0
A 445 2.0 3.0
A 446 3.0 3.0
A 447 2.0 3.0
A 448 3.0 3.0
A 449 3.0 3.0
A 450 3.0 3.0
A 451 3.0 3.0
A 452 3.0 3.0
A 453 3.0 3.0
A 454 3.0 3.0
A 455 3.0 3.0
A 456 3.0 1.0
A 457 3.0 1.0
A 458 3.0 1.0
A 459 3.0 3.0
A 460 3.0 1.0
A 461 3.0 1.0
A 462 3.0 3.0
A 463 3.0 3.0
A 464 3.0 3.0
A 465 3.0 3.0
A 466 3.0 3.0
A 467 3.0 3.0
A 468 3.0 3.0
A 469 3.0 3.0
A 470 3.0 3.0
A 471 3.0 3.0
A 472 3.0 3.0
A 473 3.0 3.0
A 474 3.0 3.0
A 475 3.0 3.0
A 476 3.0 3.0
A 477 3.0 3.0
A 478 3.0 3.0
A 479 3.0 3.0
A 480 3.0 3.0
A 481 3.0 3.0
A 482 3.0 3.0
A 483 3.0 3.0
A 484 3.0 3.0
A 485 3.0 3.0
A 486 3.0 3.0
A 487 3.0 3.0
A 488 3.0 3.0
A 489 3.0 3.0
A 490 3.0 3.0
A 491 3.0 3.0
A 492 3.0 3.0
A 493 3.0 3.0
A 494 3.0 3.0
A 495 3.0 3.0
A 496 3.0 1.0
A 497 3.0 3.0
A 498 3.0 1.0
A 499 3.0 3.0
A 500 3.0 3.0
A 501 3.0 3.0
A 502 3.0 3.0
A 503 3.0 3.0
A 504 3.0 3.0
A 505 3.0 3.0
A 601 3.0 3.0
A 602 3.0 3.0
A 603 3.0 3.0
A 604 3.0 3.0
A 605 3.0 3.0
A 606 3.0 1.0
A 607 3.0 1.0
A 608 3.0 3.0
A 609 3.0 3.0
A 610 1.0 3.0
A 611 1.0 3.0
A 612 1.0 1.0
A 613 1.0 3.0
A 614 1.0 3.0
A 615 1.0 3.0
A 616 3.0 3.0
A 617 1.0 3.0
A 618 3.0 3.0
A 619 3.0 3.0
A 620 3.0 3.0
A 621 1.0 3.0
A 622 3.0 3.0
A 623 1.0 1.0
A 624 1.0 1.0
A 625 1.0 1.0
A 626 1.0 1.0
A 627 1.0 1.0
A 628 1.0 1.0
A 629 1.0 3.0
A 630 1.0 3.0
A 631 1.0 3.0
A 632 1.0 3.0
A 633 1.0 3.0
A 634 1.0 3.0
A 635 1.0 3.0
A 636 1.0 3.0
A 637 1.0 3.0
A 638 1.0 3.0
A 639 1.0 3.0
A 640 1.0 3.0
A 641 1.0 3.0
A 642 1.0 3.0
A 643 1.0 3.0
A 644 1.0 3.0
A 645 1.0 3.0
A 646 1.0 3.0
A 647 1.0 3.0
A 648 1.0 3.0
A 649 1.0 3.0
A 650 1.0 3.0
A 651 1.0 3.0
A 652 1.0 3.0
A 653 1.0 3.0
A 654 1.0 3.0
A 655 1.0 3.0
A 656 1.0 3.0
A 657 1.0 3.0
A 658 1.0 3.0
A 659 1.0 3.0
A 660 1.0 3.0
A 661 3.0 3.0
A 662 3.0 3.0
A 663 3.0 3.0
A 664 3.0 3.0
A 665 3.0 3.0
A 666 3.0 3.0
A 667 1.0 3.0
A 668 1.0 3.0
A 669 3.0 3.0
A 670 3.0 3.0
A 671 3.0 3.0
A 729 3.0 3.0
A 730 3.0 3.0
A 731 3.0 3.0
A 732 3.0 3.0
A 733 3.0 1.0
A 734 3.0 1.0
A 735 3.0 1.0
A 736 3.0 1.0
A 737 3.0 1.0
A 738 3.0 1.0
A 739 3.0 3.0
A 740 3.0 3.0
A 741 3.0 3.0
A 742 3.0 1.0
A 743 3.0 1.0
A 744 3.0 1.0
A 745 3.0 1.0
A 746 3.0 1.0
A 747 3.0 3.0
A 748 3.0 3.0
A 749 3.0 3.0
A 750 3.0 3.0
A 751 3.0 3.0
A 752 3.0 1.0
A 753 1.0 1.0
A 754 3.0 1.0
A 755 3.0 1.0
A 756 1.0 1.0
A 757 1.0 1.0
A 758 1.0 1.0
A 759 3.0 1.0
A 760 1.0 1.0
A 761 3.0 1.0
A 762 3.0 1.0
A 763 3.0 1.0
A 764 3.0 1.0
A 765 3.0 1.0
A 766 1.0 3.0
A 767 3.0 3.0
A 768 3.0 3.0
A 769 3.0 3.0
A 770 3.0 3.0
A 771 3.0 3.0
A 772 3.0 3.0
A 773 3.0 3.0
A 774 3.0 3.0
A 775 1.0 3.0
A 776 3.0 3.0
A 777 1.0 3.0
A 778 1.0 3.0
A 779 1.0 3.0
A 780 1.0 3.0
A 781 1.0 3.0
A 782 1.0 3.0
A 783 1.0 3.0
A 784 1.0 3.0
A 785 3.0 3.0
A 786 1.0 3.0
A 787 3.0 3.0
A 788 3.0 3.0
A 789 3.0 3.0
A 790 3.0 3.0
A 791 3.0 3.0
A 792 3.0 3.0
A 793 3.0 3.0
A 794 3.0 3.0
A 795 3.0 3.0
A 796 3.0 3.0
A 797 3.0 3.0
A 798 3.0 3.0
A 799 3.0 3.0
A 800 3.0 3.0
A 801 3.0 3.0
A 802 3.0 3.0
A 803 3.0 3.0
A 804 3.0 3.0
A 805 3.0 3.0
A 806 3.0 3.0
A 807 3.0 3.0
A 808 3.0 3.0
A 809 3.0 3.0
A 810 3.0 3.0
A 811 3.0 3.0
A 812 3.0 3.0
A 813 3.0 3.0
A 814 3.0 3.0
A 815 3.0 3.0
A 816 3.0 3.0
A 817 3.0 3.0
A 818 3.0 3.0
A 819 3.0 3.0
A 820 3.0 3.0
A 821 3.0 3.0
A 822 1.0 3.0
A 823 1.0 3.0
A 824 1.0 3.0
A 825 1.0 3.0
A 826 1.0 3.0
A 827 1.0 3.0
A 828 1.0 3.0
A 829 1.0 3.0
A 830 1.0 3.0
A 831 1.0 3.0
A 832 1.0 3.0
A 833 0.0 3.0
A 834 0.0 3.0
A 835 1.0 3.0
A 836 0.0 3.0
A 837 0.0 3.0
A 838 0.0 3.0
A 839 0.0 3.0
A 840 0.0 3.0
A 841 1.0 3.0
A 842 1.0 3.0
A 843 0.0 3.0
A 844 1.0 3.0
A 845 0.0 3.0
A 846 0.0 3.0
A 847 0.0 3.0
A 848 1.0 3.0
A 849 1.0 3.0
A 850 3.0 3.0
A 851 1.0 3.0
A 852 1.0 1.0
A 853 3.0 1.0
A 854 1.0 1.0
A 855 0.0 1.0
A 856 1.0 1.0
A 857 0.0 1.0
A 858 1.0 1.0
A 859 0.0 3.0
A 860 0.0 1.0
A 861 0.0 3.0
A 862 0.0 3.0
A 863 0.0 3.0
A 864 1.0 3.0
A 865 1.0 3.0
A 866 1.0 1.0
A 867 1.0 1.0
A 868 1.0 1.0
A 869 1.0 1.0
A 870 1.0 1.0
A 871 1.0 1.0
A 872 1.0 1.0
A 873 1.0 1.0
A 874 1.0 1.0
A 875 1.0 1.0
A 876 1.0 1.0
A 877 1.0 1.0
A 878 3.0 1.0
A 879 3.0 1.0
A 880 3.0 1.0
A 881 3.0 1.0
A 882 3.0 1.0
A 883 3.0 1.0
A 884 3.0 1.0
A 885 3.0 1.0
A 886 3.0 1.0
A 887 3.0 1.0
A 888 3.0 1.0
A 889 3.0 1.0
A 890 3.0 1.0
A 891 1.0 1.0
A 892 1.0 1.0
A 893 0.0 1.0
A 894 0.0 1.0
A 895 3.0 1.0
A 896 0.0 1.0
A 907 0.0 1.0
A 908 0.0 1.0
A 909 1.0 1.0
A 910 1.0 1.0
A 911 1.0 1.0
A 912 3.0 1.0
A 913 3.0 1.0
A 914 3.0 3.0
A 915 3.0 3.0
A 916 3.0 3.0
A 917 3.0 3.0
A 918 3.0 3.0
A 919 3.0 3.0
A 920 3.0 1.0
A 921 3.0 3.0
A 922 3.0 3.0
A 923 3.0 3.0
A 924 3.0 3.0
A 925 3.0 3.0
A 926 3.0 3.0
A 927 3.0 3.0
A 928 3.0 3.0
A 929 3.0 3.0
A 930 3.0 3.0
A 931 3.0 3.0
A 932 3.0 3.0
A 933 3.0 3.0
A 934 3.0 3.0
A 935 3.0 3.0
A 936 3.0 3.0
A 937 3.0 3.0
A 938 3.0 3.0
A 939 3.0 3.0
A 940 3.0 3.0
A 941 3.0 3.0
A 942 3.0 3.0
A 943 3.0 3.0
A 944 3.0 3.0
A 945 3.0 3.0
A 946 1.0 3.0
A 947 3.0 3.0
A 948 1.0 3.0
A 949 3.0 1.0
A 950 3.0 3.0
A 951 3.0 3.0
A 952 3.0 1.0
A 953 3.0 1.0
A 954 3.0 1.0
A 955 3.0 1.0
A 956 3.0 1.0
A 957 3.0 3.0
A 958 3.0 3.0
A 959 3.0 1.0
A 960 3.0 3.0
A 961 1.0 3.0
A 962 1.0 1.0
A 963 3.0 3.0
A 964 3.0 3.0
A 965 3.0 3.0
A 966 3.0 3.0
A 967 3.0 3.0
A 968 3.0 3.0
A 969 3.0 3.0
A 970 3.0 3.0
A 971 3.0 3.0
A 972 3.0 3.0
A 973 3.0 1.0
A 974 3.0 1.0
A 975 3.0 1.0
A 976 3.0 1.0
A 977 3.0 1.0
A 978 1.0 1.0
A 979 1.0 1.0
A 980 1.0 1.0
A 981 1.0 3.0
A 982 1.0 1.0
A 983 1.0 3.0
A 984 3.0 3.0
A 985 3.0 3.0
A 986 3.0 3.0
A 987 3.0 3.0
A 988 3.0 3.0
A 989 3.0 3.0
A 990 3.0 3.0
A 991 3.0 3.0
A 992 3.0 3.0
A 993 3.0 3.0
A 994 3.0 3.0
A 995 3.0 3.0
A 996 3.0 3.0
A 997 3.0 3.0
A 998 3.0 3.0
A 999 3.0 3.0
A 1000 3.0 3.0
A 1001 3.0 3.0
A 1002 3.0 3.0
A 1003 3.0 3.0
A 1004 3.0 3.0
A 1005 3.0 3.0
A 1006 3.0 3.0
A 1007 3.0 3.0
A 1008 3.0 3.0
A 1009 3.0 3.0
A 1010 3.0 3.0
A 1011 3.0 3.0
A 1012 3.0 3.0
A 1013 3.0 3.0
A 1014 3.0 3.0
A 1015 3.0 3.0
A 1016 3.0 3.0
A 1017 3.0 3.0
A 1018 3.0 1.0
A 1019 3.0 1.0
A 1020 3.0 1.0
A 1021 3.0 1.0
A 1022 3.0 1.0
A 1023 3.0 1.0
A 1024 3.0 1.0
A 1025 3.0 1.0
A 1026 3.0 1.0
A 1027 3.0 0.0
A 1028 3.0 0.0
A 1029 3.0 1.0
A 1030 3.0 1.0
A 1031 1.0 1.0
A 1032 3.0 1.0
A 1033 3.0 1.0
A 1034 3.0 1.0
A 1035 3.0 1.0
A 1036 3.0 1.0
A 1037 3.0 1.0
A 1038 3.0 1.0
A 1039 1.0 1.0
A 1040 1.0 1.0
A 1041 1.0 1.0
A 1042 1.0 1.0
A 1043 1.0 1.0
A 1044 0.0 1.0
A 1045 2.0 1.0
A 1046 2.0 3.0
A 1047 3.0 1.0
A 1048 3.0 1.0
A 1049 1.0 3.0
A 1050 1.0 1.0
A 1051 1.0 3.0
A 1052 1.0 1.0
A 1053 1.0 1.0
A 1054 1.0 1.0
A 1055 1.0 0.0
A 1056 1.0 1.0
A 1057 1.0 1.0
A 1058 1.0 0.0
A 1059 1.0 1.0
A 1060 1.0 0.0
A 1061 1.0 0.0
A 1062 2.0 0.0
A 1063 3.0 0.0
A 1064 3.0 0.0
A 1065 3.0 1.0
A 1066 2.0 1.0
A 1067 2.0 1.0
A 1068 3.0 1.0
A 1069 3.0 1.0
A 1070 2.0 1.0
A 1071 3.0 1.0
A 1072 3.0 1.0
A 1073 3.0 1.0
A 1074 3.0 3.0
A 1075 2.0 3.0
A 1076 3.0 3.0
A 1077 2.0 3.0
A 1078 2.0 3.0
A 1079 3.0 3.0
A 1175 3.0 3.0
A 1176 2.0 3.0
A 1177 3.0 3.0
A 1178 2.0 3.0
A 1179 3.0 3.0
A 1180 3.0 3.0
A 1181 3.0 3.0
A 1182 3.0 3.0
A 1183 3.0 3.0
A 1184 3.0 1.0
A 1185 3.0 3.0
A 1186 3.0 3.0
A 1187 3.0 1.0
A 1188 3.0 1.0
A 1189 3.0 1.0
A 1190 3.0 3.0
A 1191 3.0 1.0
A 1192 3.0 1.0
A 1193 3.0 3.0
A 1194 3.0 3.0
A 1195 3.0 3.0
A 1196 3.0 3.0
A 1197 3.0 3.0
A 1198 3.0 3.0
A 1199 3.0 3.0
A 1200 3.0 3.0
A 1201 3.0 3.0
A 1202 3.0 3.0
A 1203 3.0 3.0
A 1204 3.0 3.0
A 1205 3.0 3.0
A 1206 3.0 3.0
A 1207 3.0 3.0
A 1208 3.0 3.0
A 1209 3.0 3.0
A 1210 3.0 3.0
A 1211 3.0 3.0
A 1212 3.0 3.0
A 1213 3.0 3.0
A 1214 3.0 3.0
A 1215 3.0 3.0
A 1216 3.0 3.0
A 1217 3.0 3.0
A 1218 3.0 3.0
A 1219 3.0 3.0
A 1220 3.0 3.0
A 1221 3.0 3.0
A 1222 3.0 3.0
A 1223 3.0 3.0
A 1224 3.0 3.0
A 1225 3.0 3.0
A 1226 3.0 3.0
A 1227 3.0 1.0
A 1228 3.0 3.0
A 1229 3.0 1.0
A 1230 3.0 3.0
A 1231 3.0 3.0
A 1232 3.0 3.0
A 1233 3.0 3.0
A 1234 3.0 3.0
A 1235 3.0 3.0
A 1236 3.0 3.0
A 1237 3.0 3.0
A 1238 3.0 3.0
A 1239 3.0 3.0
A 1240 3.0 3.0
A 1241 3.0 3.0
A 1242 3.0 1.0
A 1243 3.0 1.0
A 1244 3.0 3.0
A 1245 1.0 3.0
A 1303 1.0 3.0
A 1304 1.0 3.0
A 1305 1.0 3.0
A 1306 1.0 3.0
A 1307 1.0 3.0
A 1308 1.0 3.0
A 1309 3.0 3.0
A 1310 1.0 3.0
A 1311 3.0 3.0
A 1312 3.0 3.0
A 1313 3.0 3.0
A 1314 1.0 3.0
A 1315 3.0 3.0
A 1316 1.0 1.0
A 1317 1.0 1.0
A 1318 1.0 1.0
A 1319 1.0 1.0
A 1320 1.0 1.0
A 1321 1.0 1.0
A 1322 1.0 3.0
A 1323 1.0 3.0
A 1324 1.0 3.0
A 1325 1.0 3.0
A 1326 1.0 3.0
A 1327 1.0 3.0
A 1328 1.0 3.0
A 1329 1.0 3.0
A 1330 1.0 3.0
A 1331 1.0 3.0
A 1332 1.0 3.0
A 1333 1.0 3.0
A 1334 1.0 3.0
A 1335 1.0 3.0
A 1336 1.0 3.0
A 1337 1.0 3.0
A 1338 1.0 3.0
A 1339 1.0 3.0
A 1340 1.0 3.0
A 1341 1.0 3.0
A 1342 1.0 3.0
A 1343 1.0 3.0
A 1344 1.0 3.0
A 1345 1.0 3.0
A 1346 1.0 3.0
A 1347 1.0 3.0
A 1348 1.0 3.0
A 1349 1.0 3.0
A 1350 1.0 3.0
A 1351 1.0 3.0
A 1352 1.0 3.0
A 1353 1.0 3.0
A 1354 3.0 3.0
A 1355 3.0 3.0
A 1356 3.0 3.0
A 1357 3.0 3.0
A 1358 3.0 3.0
A 1359 3.0 3.0
A 1360 1.0 3.0
A 1361 3.0 3.0
A 1362 3.0 3.0
A 1363 3.0 3.0
A 1364 3.0 3.0
A 1365 3.0 3.0
A 1366 3.0 3.0
A 1367 3.0 3.0
A 1368 3.0 3.0
A 1369 3.0 1.0
A 1370 3.0 1.0
A 1371 3.0 1.0
A 1372 3.0 1.0
A 1373 3.0 1.0
A 1374 3.0 1.0
A 1375 3.0 3.0
A 1376 3.0 3.0
A 1377 3.0 3.0
A 1378 3.0 1.0
A 1379 3.0 1.0
A 1380 3.0 1.0
A 1381 3.0 1.0
A 1382 3.0 1.0
A 1383 3.0 3.0
A 1384 3.0 3.0
A 1385 3.0 3.0
A 1386 3.0 3.0
A 1387 3.0 3.0
A 1388 3.0 1.0
A 1389 1.0 1.0
A 1390 3.0 1.0
A 1391 3.0 1.0
A 1392 1.0 1.0
A 1393 1.0 1.0
A 1394 1.0 1.0
A 1395 1.0 1.0
A 1396 1.0 1.0
A 1397 1.0 1.0
A 1398 3.0 1.0
A 1399 1.0 1.0
A 1400 3.0 1.0
A 1401 3.0 3.0
A 1402 1.0 3.0
A 1403 3.0 3.0
A 1404 3.0 3.0
A 1405 3.0 3.0
A 1406 3.0 3.0
A 1407 3.0 3.0
A 1408 3.0 3.0
A 1409 3.0 3.0
A 1410 3.0 3.0
A 1411 3.0 3.0
A 1412 3.0 3.0
A 1413 1.0 3.0
A 1414 1.0 3.0
A 1415 1.0 3.0
A 1416 1.0 3.0
A 1417 1.0 3.0
A 1418 1.0 3.0
A 1419 1.0 3.0
A 1420 1.0 3.0
A 1421 3.0 3.0
A 1422 1.0 3.0
A 1423 3.0 3.0
A 1424 3.0 3.0
A 1425 3.0 3.0
A 1426 3.0 3.0
A 1427 3.0 3.0
A 1428 3.0 3.0
A 1429 3.0 3.0
A 1430 3.0 3.0
A 1431 3.0 3.0
A 1432 3.0 3.0
A 1433 3.0 3.0
A 1434 3.0 3.0
A 1435 3.0 3.0
A 1436 3.0 3.0
A 1437 3.0 3.0
A 1438 3.0 3.0
A 1439 3.0 3.0
A 1440 3.0 3.0
A 1441 3.0 3.0
A 1442 3.0 3.0
A 1443 3.0 3.0
A 1444 3.0 3.0
A 1445 3.0 3.0
A 1446 3.0 3.0
A 1447 3.0 3.0
A 1448 3.0 3.0
A 1449 3.0 3.0
A 1450 3.0 3.0
A 1451 3.0 3.0
A 1452 3.0 3.0
A 1453 3.0 3.0
A 1454 3.0 3.0
A 1455 3.0 3.0
A 1456 3.0 3.0
A 1457 3.0 3.0
A 1458 1.0 3.0
A 1459 1.0 3.0
A 1460 1.0 3.0
A 1461 1.0 3.0
A 1462 1.0 3.0
A 1463 1.0 3.0
A 1464 1.0 3.0
A 1465 1.0 3.0
A 1466 1.0 3.0
A 1467 0.0 3.0
A 1468 0.0 3.0
A 1469 1.0 3.0
A 1470 1.0 3.0
A 1481 1.0 3.0
A 1482 1.0 3.0
A 1483 1.0 3.0
A 1484 1.0 3.0
A 1485 1.0 3.0
A 1486 1.0 3.0
A 1487 1.0 3.0
A 1488 1.0 3.0
A 1489 1.0 3.0
A 1490 1.0 3.0
A 1491 1.0 3.0
A 1492 1.0 3.0
A 1493 1.0 3.0
A 1494 1.0 3.0
A 1495 1.0 3.0
A 1496 3.0 3.0
A 1497 1.0 3.0
A 1498 1.0 1.0
A 1499 3.0 1.0
A 1500 1.0 1.0
A 1501 3.0 1.0
A 1502 1.0 1.0
A 1503 1.0 3.0
A 1504 1.0 1.0
A 1505 0.0 3.0
A 1506 1.0 3.0
A 1507 1.0 3.0
A 1508 0.0 3.0
A 1509 1.0 3.0
A 1510 0.0 3.0
A 1511 0.0 3.0
A 1512 0.0 1.0
A 1513 0.0 1.0
A 1514 0.0 1.0
A 1515 1.0 1.0
A 1516 1.0 1.0
A 1517 1.0 1.0
A 1518 1.0 1.0
A 1519 1.0 1.0
A 1520 1.0 1.0
A 1521 1.0 1.0
A 1522 1.0 1.0
A 1523 1.0 1.0
A 1524 3.0 1.0
A 1525 3.0 1.0
A 1526 3.0 1.0
A 1527 3.0 1.0
A 1528 3.0 1.0
A 1529 3.0 1.0
A 1530 3.0 1.0
A 1531 3.0 1.0
A 1532 3.0 1.0
A 1533 3.0 1.0
A 1534 3.0 1.0
A 1535 3.0 1.0
A 1536 3.0 1.0
A 1537 3.0 1.0
A 1538 3.0 1.0
A 1539 3.0 1.0
A 1540 3.0 1.0
A 1541 3.0 1.0
A 1542 1.0 1.0
A 1543 1.0 1.0
A 1544 1.0 1.0
A 1545 3.0 1.0
A 1546 1.0 1.0
A 1547 1.0 1.0
A 1548 3.0 1.0
A 1549 3.0 1.0
A 1550 3.0 1.0
A 1551 3.0 1.0
A 1552 3.0 1.0
A 1553 3.0 1.0
A 1554 3.0 1.0
A 1555 3.0 3.0
A 1556 3.0 3.0
A 1557 3.0 3.0
A 1558 3.0 3.0
A 1559 3.0 3.0
A 1560 3.0 3.0
A 1561 3.0 1.0
A 1562 3.0 1.0
A 1563 3.0 3.0
A 1564 3.0 3.0
A 1565 3.0 3.0
A 1566 3.0 3.0
A 1567 3.0 3.0
A 1568 3.0 3.0
A 1569 3.0 2.0
A 1570 3.0 3.0
A 1571 3.0 3.0
A 1572 3.0 3.0
A 1573 3.0 3.0
A 1574 3.0 3.0
A 1575 3.0 3.0
A 1576 3.0 3.0
A 1577 3.0 3.0
A 1578 3.0 3.0
A 1579 3.0 3.0
A 1580 3.0 3.0
A 1581 3.0 3.0
A 1582 1.0 3.0
A 1583 3.0 3.0
A 1584 1.0 3.0
A 1585 3.0 3.0
A 1586 3.0 3.0
A 1587 3.0 3.0
A 1588 3.0 3.0
A 1589 3.0 3.0
A 1590 3.0 3.0
A 1591 3.0 3.0
A 1592 3.0 3.0
A 1593 3.0 3.0
A 1594 3.0 3.0
A 1595 3.0 3.0
A 1596 3.0 3.0
A 1597 1.0 3.0
A 1598 1.0 3.0
A 1599 3.0 3.0
A 1600 3.0 3.0
A 1601 3.0 3.0
A 1602 3.0 3.0
A 1603 1.0 3.0
A 1604 3.0 3.0
A 1605 3.0 3.0
A 1606 3.0 3.0
A 1607 3.0 3.0
A 1608 3.0 3.0
A 1609 3.0 3.0
A 1610 3.0 3.0
A 1611 3.0 3.0
A 1612 3.0 3.0
A 1613 3.0 3.0
A 1614 1.0 3.0
A 1615 1.0 3.0
A 1616 1.0 3.0
A 1617 1.0 1.0
A 1618 1.0 1.0
A 1619 1.0 1.0
A 1620 3.0 1.0
A 1621 3.0 1.0
A 1622 3.0 1.0
A 1623 3.0 1.0
A 1624 3.0 1.0
A 1625 3.0 1.0
A 1626 3.0 1.0
A 1627 3.0 1.0
A 1628 3.0 1.0
A 1629 3.0 1.0
A 1630 3.0 1.0
A 1631 3.0 0.0
A 1632 3.0 0.0
A 1633 3.0 1.0
A 1634 3.0 0.0
A 1635 3.0 0.0
A 1636 3.0 0.0
A 1637 3.0 0.0
A 1638 3.0 0.0
A 1639 3.0 0.0
A 1640 3.0 1.0
A 1641 3.0 1.0
A 1642 3.0 1.0
A 1643 3.0 1.0
A 1644 3.0 1.0
A 1645 3.0 1.0
A 1646 3.0 1.0
A 1647 3.0 1.0
A 1648 3.0 1.0
A 1649 3.0 1.0
A 1650 3.0 2.0
A 1651 3.0 1.0
A 1652 3.0 3.0
A 1653 3.0 2.0
