A 32 3.0 3.0 3.0
A 33 3.0 3.0 3.0
A 34 3.0 3.0 3.0
A 35 3.0 3.0 3.0
A 36 3.0 3.0 3.0
A 37 3.0 3.0 3.0
A 38 3.0 3.0 1.0
A 39 2.0 3.0 1.0
A 40 2.0 3.0 1.0
A 41 3.0 3.0 1.0
A 42 3.0 1.0 1.0
A 43 2.0 1.0 0.0
A 44 2.0 1.0 0.0
A 45 3.0 1.0 1.0
A 46 1.0 1.0 1.0
A 47 1.0 3.0 3.0
A 48 1.0 3.0 3.0
A 49 1.0 3.0 3.0
A 50 3.0 3.0 3.0
A 51 1.0 3.0 3.0
A 52 3.0 3.0 3.0
A 53 3.0 3.0 3.0
A 54 3.0 3.0 3.0
A 55 3.0 1.0 3.0
A 56 3.0 3.0 3.0
A 57 3.0 1.0 3.0
A 58 3.0 1.0 3.0
A 59 3.0 1.0 1.0
A 60 3.0 1.0 3.0
A 61 3.0 1.0 3.0
A 62 3.0 1.0 1.0
A 63 3.0 1.0 3.0
A 64 3.0 1.0 3.0
A 65 3.0 1.0 3.0
A 66 3.0 3.0 3.0
A 67 3.0 3.0 3.0
A 68 3.0 3.0 3.0
A 69 3.0 3.0 3.0
A 70 3.0 3.0 3.0
A 71 3.0 3.0 3.0
A 72 3.0 3.0 3.0
A 73 3.0 3.0 3.0
A 74 3.0 3.0 3.0
A 75 3.0 3.0 3.0
A 76 3.0 3.0 3.0
A 77 3.0 3.0 3.0
A 78 3.0 1.0 3.0
A 79 3.0 1.0 3.0
A 80 3.0 3.0 3.0
A 81 3.0 3.0 3.0
A 82 3.0 3.0 3.0
A 83 3.0 3.0 1.0
A 84 3.0 3.0 3.0
A 85 2.0 3.0 1.0
A 86 2.0 3.0 3.0
A 87 2.0 3.0 1.0
A 88 3.0 3.0 1.0
A 89 3.0 3.0 3.0
A 90 3.0 3.0 1.0
A 91 3.0 3.0 3.0
A 92 3.0 1.0 3.0
A 93 3.0 1.0 1.0
A 94 3.0 1.0 1.0
A 95 3.0 3.0 1.0
A 96 3.0 1.0 1.0
A 97 3.0 3.0 3.0
A 98 1.0 1.0 3.0
A 99 1.0 1.0 3.0
A 100 0.0 1.0 0.0
A 101 1.0 1.0 0.0
A 102 1.0 1.0 0.0
A 103 1.0 1.0 3.0
A 104 1.0 1.0 0.0
A 105 1.0 1.0 1.0
A 106 1.0 3.0 0.0
A 107 1.0 1.0 0.0
A 108 1.0 3.0 0.0
A 109 1.0 3.0 3.0
A 110 1.0 3.0 3.0
A 111 1.0 3.0 1.0
A 112 1.0 3.0 3.0
A 113 1.0 3.0 2.0
A 114 1.0 3.0 3.0
A 115 1.0 3.0 2.0
A 116 3.0 3.0 3.0
A 117 1.0 3.0 3.0
A 118 3.0 3.0 3.0
A 119 3.0 2.0 3.0
A 120 3.0 2.0 3.0
A 121 3.0 3.0 3.0
A 122 3.0 3.0 1.0
A 123 3.0 2.0 1.0
A 124 3.0 2.0 1.0
A 125 3.0 3.0 1.0
A 126 1.0 1.0 1.0
A 127 1.0 1.0 1.0
A 128 1.0 1.0 1.0
A 129 1.0 1.0 1.0
A 130 1.0 1.0 3.0
A 131 0.0 1.0 3.0
A 132 0.0 3.0 3.0
A 133 1.0 3.0 3.0
A 134 0.0 3.0 3.0
A 135 0.0 3.0 3.0
A 136 1.0 3.0 3.0
A 137 1.0 3.0 1.0
A 138 0.0 3.0 1.0
A 139 0.0 3.0 1.0
A 140 1.0 3.0 1.0
A 141 1.0 3.0 1.0
A 142 0.0 3.0 1.0
A 143 1.0 3.0 1.0
A 144 1.0 3.0 3.0
A 145 3.0 3.0 1.0
A 146 3.0 3.0 3.0
A 147 3.0 1.0 3.0
A 148 3.0 3.0 3.0
A 149 3.0 3.0 3.0
A 150 3.0 3.0 3.0
A 151 3.0 3.0 3.0
A 152 3.0 3.0 3.0
A 153 3.0 3.0 3.0
A 154 3.0 3.0 3.0
A 155 3.0 3.0 3.0
A 156 3.0 3.0 1.0
A 157 3.0 3.0 1.0
A 158 3.0 3.0 1.0
A 159 3.0 3.0 0.0
A 160 2.0 3.0 0.0
A 161 3.0 3.0 2.0
A 162 2.0 3.0 3.0
A 163 2.0 3.0 3.0
A 164 0.0 3.0 3.0
A 165 2.0 2.0 3.0
A 166 3.0 2.0 3.0
A 167 3.0 2.0 3.0
A 168 3.0 3.0 3.0
A 169 3.0 3.0 1.0
A 170 3.0 3.0 1.0
A 171 3.0 3.0 1.0
A 172 3.0 3.0 1.0
A 173 3.0 3.0 1.0
A 174 3.0 3.0 1.0
A 175 3.0 3.0 3.0
A 176 3.0 3.0 3.0
A 177 3.0 1.0 3.0
A 178 3.0 1.0 3.0
A 179 3.0 1.0 1.0
A 180 3.0 0.0 1.0
A 181 3.0 1.0 1.0
A 182 3.0 1.0 1.0
A 183 3.0 1.0 1.0
A 184 3.0 1.0 1.0
A 185 3.0 1.0 1.0
A 186 3.0 1.0 1.0
A 187 3.0 1.0 1.0
A 188 3.0 1.0 1.0
A 516 3.0 1.0 1.0
A 517 3.0 1.0 1.0
A 518 2.0 1.0 1.0
A 519 2.0 1.0 3.0
A 520 2.0 1.0 3.0
A 521 2.0 1.0 3.0
A 525 3.0 1.0 3.0
A 526 3.0 1.0 3.0
A 527 0.0 1.0 3.0
A 528 1.0 1.0 3.0
A 529 1.0 3.0 2.0
A 530 1.0 1.0 2.0
A 531 0.0 3.0 3.0
A 532 2.0 3.0 3.0
A 533 1.0 3.0 2.0
A 534 2.0 3.0 2.0
A 535 2.0 3.0 3.0
A 536 3.0 1.0 3.0
A 537 2.0 1.0 1.0
A 538 2.0 1.0 1.0
A 539 3.0 1.0 1.0
A 540 3.0 1.0 1.0
A 541 2.0 0.0 1.0
A 542 3.0 0.0 3.0
A 543 3.0 1.0 3.0
A 544 3.0 0.0 3.0
A 545 1.0 0.0 3.0
A 546 3.0 1.0 3.0
A 547 3.0 1.0 3.0
A 548 3.0 0.0 3.0
A 549 3.0 0.0 3.0
A 550 3.0 1.0 3.0
A 551 3.0 1.0 3.0
A 552 3.0 0.0 3.0
A 553 3.0 1.0 3.0
A 554 3.0 1.0 3.0
A 555 1.0 3.0 3.0
A 556 1.0 3.0 3.0
A 557 3.0 3.0 1.0
A 558 3.0 3.0 3.0
A 559 3.0 3.0 3.0
A 560 3.0 3.0 3.0
A 561 3.0 3.0 3.0
A 562 3.0 3.0 3.0
A 563 3.0 3.0 3.0
A 564 3.0 3.0 3.0
A 565 3.0 3.0 3.0
A 566 3.0 3.0 3.0
A 567 3.0 3.0 3.0
A 568 3.0 3.0 3.0
A 569 3.0 3.0 3.0
A 570 3.0 2.0 3.0
A 571 3.0 3.0 3.0
A 572 3.0 2.0 3.0
A 573 3.0 2.0 3.0
A 574 3.0 0.0 3.0
A 575 3.0 2.0 2.0
A 576 3.0 3.0 2.0
A 577 3.0 3.0 2.0
A 578 3.0 3.0 3.0
A 579 3.0 3.0 3.0
A 580 3.0 3.0 3.0
A 581 3.0 3.0 3.0
A 582 3.0 3.0 3.0
A 583 3.0 3.0 3.0
A 584 3.0 3.0 3.0
A 585 3.0 3.0 3.0
A 586 3.0 3.0 3.0
A 587 3.0 3.0 1.0
A 588 3.0 3.0 1.0
A 589 3.0 3.0 1.0
A 590 3.0 3.0 0.0
A 591 3.0 3.0 1.0
A 592 3.0 3.0 1.0
A 593 3.0 3.0 1.0
A 594 3.0 3.0 1.0
A 595 3.0 3.0 1.0
A 596 3.0 3.0 1.0
A 597 3.0 3.0 1.0
A 708 3.0 3.0 1.0
A 709 3.0 3.0 1.0
A 710 3.0 3.0 1.0
A 711 3.0 2.0 1.0
A 712 1.0 2.0 1.0
A 713 1.0 2.0 1.0
A 714 1.0 2.0 1.0
A 715 1.0 3.0 1.0
A 716 1.0 3.0 3.0
A 717 0.0 2.0 1.0
A 718 0.0 1.0 1.0
A 719 1.0 1.0 3.0
A 720 1.0 1.0 1.0
A 721 3.0 0.0 3.0
A 722 3.0 2.0 3.0
A 723 3.0 1.0 3.0
A 724 3.0 2.0 3.0
A 725 3.0 0.0 1.0
A 726 3.0 3.0 1.0
A 727 3.0 0.0 1.0
A 728 3.0 2.0 1.0
A 729 3.0 3.0 1.0
A 730 3.0 3.0 1.0
A 731 3.0 0.0 0.0
A 732 3.0 3.0 0.0
A 733 3.0 3.0 1.0
A 734 3.0 3.0 0.0
A 735 3.0 1.0 0.0
A 736 3.0 3.0 1.0
A 737 3.0 3.0 1.0
A 738 3.0 3.0 0.0
A 739 3.0 3.0 0.0
A 740 3.0 3.0 1.0
A 741 3.0 3.0 1.0
A 742 3.0 3.0 0.0
A 743 3.0 3.0 1.0
A 744 3.0 3.0 1.0
A 745 3.0 3.0 1.0
A 746 3.0 3.0 3.0
A 747 3.0 3.0 3.0
A 748 3.0 3.0 3.0
A 749 3.0 3.0 3.0
A 750 3.0 3.0 3.0
A 751 3.0 3.0 3.0
A 752 3.0 3.0 3.0
A 753 3.0 3.0 3.0
A 754 3.0 3.0 3.0
A 755 3.0 3.0 3.0
A 756 3.0 3.0 3.0
A 757 1.0 3.0 3.0
A 758 3.0 3.0 3.0
A 759 1.0 3.0 3.0
A 760 3.0 3.0 2.0
A 761 1.0 3.0 3.0
A 762 1.0 3.0 2.0
A 763 3.0 3.0 2.0
A 764 3.0 3.0 0.0
A 765 3.0 3.0 2.0
A 766 3.0 3.0 3.0
A 767 3.0 3.0 3.0
A 768 3.0 3.0 3.0
A 769 1.0 3.0 3.0
A 770 3.0 3.0 3.0
A 771 3.0 3.0 3.0
A 772 3.0 3.0 3.0
A 773 3.0 3.0 3.0
A 774 0.0 3.0 3.0
A 775 0.0 1.0 3.0
A 776 0.0 3.0 3.0
A 777 1.0 1.0 3.0
A 778 0.0 1.0 3.0
A 779 1.0 3.0 3.0
A 780 0.0 3.0 3.0
A 781 0.0 3.0 3.0
A 782 0.0 3.0 3.0
A 783 1.0 3.0 3.0
A 784 3.0 3.0 3.0
A 785 1.0 3.0 3.0
A 786 3.0 3.0 3.0
A 787 2.0 3.0 3.0
A 788 3.0 3.0 3.0
A 789 2.0 3.0 3.0
A 790 3.0 3.0 3.0
A 791 3.0 3.0 2.0
A 792 3.0 1.0 2.0
A 793 3.0 1.0 2.0
A 794 3.0 1.0 2.0
A 795 3.0 1.0 3.0
A 796 1.0 1.0 3.0
A 797 1.0 0.0 2.0
A 798 1.0 0.0 1.0
A 799 1.0 1.0 1.0
A 800 1.0 1.0 1.0
A 801 1.0 3.0 0.0
A 802 1.0 3.0 2.0
A 803 1.0 3.0 1.0
A 804 3.0 3.0 2.0
A 805 3.0 3.0 0.0
A 806 3.0 3.0 3.0
A 807 3.0 3.0 2.0
A 808 3.0 3.0 2.0
A 809 3.0 3.0 3.0
A 810 3.0 3.0 3.0
A 811 1.0 3.0 0.0
A 812 1.0 3.0 3.0
A 813 1.0 3.0 1.0
A 814 1.0 3.0 3.0
A 815 1.0 3.0 1.0
A 816 1.0 3.0 3.0
A 817 1.0 3.0 3.0
A 818 1.0 3.0 3.0
A 819 1.0 3.0 3.0
A 820 3.0 3.0 3.0
A 821 3.0 3.0 3.0
A 822 3.0 3.0 3.0
A 823 3.0 3.0 3.0
A 824 3.0 3.0 3.0
A 825 3.0 3.0 3.0
A 826 3.0 3.0 3.0
A 827 3.0 3.0 3.0
A 828 3.0 3.0 3.0
A 829 3.0 3.0 3.0
A 830 1.0 3.0 3.0
A 831 1.0 3.0 3.0
A 832 1.0 3.0 3.0
A 833 0.0 3.0 3.0
A 834 0.0 3.0 3.0
A 835 0.0 3.0 3.0
A 836 3.0 3.0 3.0
A 837 3.0 1.0 3.0
A 838 3.0 3.0 3.0
A 839 3.0 1.0 3.0
A 840 3.0 3.0 3.0
A 841 3.0 1.0 3.0
A 842 3.0 1.0 3.0
A 843 1.0 3.0 3.0
A 844 1.0 1.0 3.0
A 845 1.0 3.0 3.0
A 846 1.0 3.0 3.0
A 847 1.0 3.0 3.0
A 848 1.0 3.0 3.0
A 849 3.0 1.0 3.0
A 850 3.0 1.0 3.0
A 851 3.0 1.0 3.0
A 852 3.0 3.0 3.0
A 853 1.0 3.0 3.0
A 854 1.0 0.0 3.0
A 855 1.0 0.0 3.0
A 856 1.0 0.0 3.0
A 857 1.0 1.0 1.0
A 858 1.0 0.0 1.0
A 859 1.0 1.0 3.0
A 860 1.0 0.0 3.0
A 861 1.0 0.0 3.0
A 862 1.0 0.0 3.0
A 863 1.0 1.0 3.0
A 864 1.0 3.0 3.0
A 1192 1.0 1.0 3.0
A 1193 3.0 3.0 3.0
A 1194 3.0 2.0 3.0
A 1195 3.0 3.0 3.0
A 1196 3.0 2.0 3.0
A 1197 3.0 3.0 3.0
A 1201 3.0 3.0 3.0
A 1202 3.0 3.0 1.0
A 1203 3.0 3.0 1.0
A 1204 3.0 3.0 1.0
A 1205 3.0 3.0 1.0
A 1206 3.0 1.0 1.0
A 1207 1.0 1.0 0.0
A 1208 1.0 1.0 0.0
A 1209 1.0 1.0 1.0
A 1210 1.0 1.0 1.0
A 1211 1.0 1.0 3.0
A 1212 1.0 1.0 3.0
A 1213 1.0 1.0 3.0
A 1214 1.0 3.0 3.0
A 1215 1.0 3.0 3.0
A 1216 3.0 3.0 3.0
A 1217 3.0 3.0 3.0
A 1218 3.0 3.0 3.0
A 1219 3.0 3.0 3.0
A 1220 3.0 3.0 3.0
A 1221 3.0 1.0 3.0
A 1222 3.0 1.0 3.0
A 1223 3.0 1.0 3.0
A 1224 3.0 1.0 3.0
A 1225 3.0 1.0 3.0
A 1226 3.0 1.0 3.0
A 1227 3.0 1.0 3.0
A 1228 3.0 1.0 3.0
A 1229 3.0 1.0 3.0
A 1230 3.0 1.0 3.0
A 1231 1.0 3.0 3.0
A 1232 1.0 3.0 3.0
A 1233 1.0 3.0 3.0
A 1234 3.0 3.0 3.0
A 1235 3.0 3.0 3.0
A 1236 3.0 3.0 3.0
A 1237 3.0 3.0 3.0
A 1238 3.0 3.0 3.0
A 1239 3.0 3.0 3.0
A 1240 3.0 1.0 3.0
A 1241 3.0 1.0 3.0
A 1242 3.0 1.0 3.0
A 1243 3.0 0.0 3.0
A 1244 3.0 0.0 3.0
A 1245 3.0 2.0 3.0
A 1246 3.0 3.0 3.0
A 1247 3.0 3.0 1.0
A 1248 3.0 3.0 3.0
A 1249 3.0 3.0 1.0
A 1250 3.0 3.0 3.0
A 1251 3.0 3.0 1.0
A 1252 3.0 1.0 1.0
A 1253 3.0 1.0 3.0
A 1254 3.0 1.0 3.0
A 1255 3.0 1.0 3.0
A 1256 3.0 1.0 3.0
A 1257 3.0 1.0 3.0
A 1258 3.0 1.0 1.0
A 1259 3.0 3.0 1.0
A 1260 3.0 3.0 1.0
A 1261 3.0 3.0 3.0
A 1262 1.0 3.0 3.0
A 1263 3.0 3.0 3.0
A 1264 1.0 1.0 2.0
A 1265 1.0 1.0 0.0
A 1266 1.0 1.0 0.0
A 1267 1.0 1.0 3.0
A 1268 1.0 1.0 0.0
A 1269 1.0 1.0 1.0
A 1270 1.0 1.0 0.0
A 1271 1.0 1.0 0.0
A 1272 1.0 1.0 0.0
A 1273 1.0 1.0 1.0
A 1384 1.0 1.0 3.0
A 1385 1.0 1.0 3.0
A 1386 1.0 3.0 3.0
A 1387 1.0 3.0 2.0
A 1388 1.0 3.0 3.0
A 1389 1.0 3.0 2.0
A 1390 1.0 3.0 3.0
A 1391 1.0 3.0 3.0
A 1392 3.0 3.0 3.0
A 1393 3.0 2.0 3.0
A 1394 3.0 2.0 3.0
A 1395 3.0 3.0 3.0
A 1396 3.0 3.0 1.0
A 1397 3.0 2.0 1.0
A 1398 3.0 2.0 1.0
A 1399 1.0 1.0 1.0
A 1400 1.0 1.0 1.0
A 1401 1.0 1.0 1.0
A 1402 1.0 1.0 1.0
A 1403 1.0 1.0 3.0
A 1404 1.0 1.0 3.0
A 1405 1.0 1.0 3.0
A 1406 1.0 3.0 3.0
A 1407 1.0 3.0 3.0
A 1408 1.0 3.0 3.0
A 1409 1.0 3.0 3.0
A 1410 1.0 3.0 3.0
A 1411 1.0 3.0 1.0
A 1412 1.0 3.0 1.0
A 1413 1.0 3.0 1.0
A 1414 1.0 3.0 1.0
A 1415 1.0 3.0 1.0
A 1416 1.0 3.0 1.0
A 1417 1.0 3.0 1.0
A 1418 1.0 3.0 1.0
A 1419 1.0 3.0 1.0
A 1420 3.0 3.0 3.0
A 1421 3.0 1.0 3.0
A 1422 3.0 3.0 3.0
A 1423 3.0 3.0 3.0
A 1424 3.0 3.0 3.0
A 1425 3.0 3.0 3.0
A 1426 3.0 3.0 3.0
A 1427 3.0 3.0 3.0
A 1428 3.0 3.0 3.0
A 1429 3.0 3.0 3.0
A 1430 3.0 3.0 3.0
A 1431 3.0 3.0 1.0
A 1432 3.0 3.0 1.0
A 1433 3.0 3.0 0.0
A 1434 3.0 3.0 0.0
A 1435 3.0 3.0 2.0
A 1436 3.0 3.0 3.0
A 1437 3.0 3.0 3.0
A 1438 3.0 3.0 3.0
A 1439 3.0 2.0 3.0
A 1440 3.0 2.0 3.0
A 1441 3.0 2.0 3.0
A 1442 3.0 3.0 1.0
A 1443 3.0 3.0 1.0
A 1444 3.0 3.0 1.0
A 1445 3.0 3.0 1.0
A 1446 3.0 3.0 1.0
A 1447 3.0 3.0 1.0
A 1448 3.0 3.0 1.0
A 1449 3.0 3.0 1.0
A 1450 3.0 3.0 1.0
A 1451 3.0 1.0 3.0
A 1452 3.0 1.0 3.0
A 1453 3.0 1.0 1.0
A 1454 1.0 0.0 1.0
A 1455 1.0 1.0 1.0
A 1456 1.0 1.0 1.0
A 1457 1.0 1.0 1.0
A 1458 1.0 1.0 1.0
A 1459 1.0 1.0 1.0
A 1460 3.0 1.0 1.0
A 1461 3.0 1.0 1.0
A 1462 1.0 1.0 1.0
A 1463 1.0 1.0 1.0
A 1464 1.0 1.0 1.0
A 1465 1.0 1.0 1.0
A 1466 3.0 1.0 3.0
A 1467 3.0 1.0 3.0
A 1468 3.0 1.0 3.0
A 1469 3.0 1.0 3.0
A 1470 3.0 3.0 3.0
A 1471 3.0 1.0 3.0
A 1472 3.0 3.0 3.0
A 1473 3.0 3.0 2.0
A 1474 3.0 3.0 2.0
A 1475 3.0 3.0 3.0
A 1476 3.0 3.0 3.0
A 1477 1.0 3.0 2.0
A 1478 1.0 3.0 2.0
A 1479 1.0 3.0 3.0
A 1480 3.0 1.0 1.0
A 1481 1.0 1.0 1.0
A 1482 1.0 1.0 1.0
A 1483 3.0 1.0 1.0
A 1484 1.0 1.0 1.0
A 1485 1.0 0.0 1.0
A 1486 3.0 0.0 3.0
A 1487 3.0 1.0 3.0
A 1488 3.0 0.0 3.0
A 1489 3.0 0.0 3.0
A 1490 3.0 1.0 3.0
A 1491 3.0 1.0 3.0
A 1492 3.0 0.0 3.0
A 1493 3.0 0.0 3.0
A 1494 3.0 1.0 3.0
A 1495 3.0 1.0 3.0
A 1496 3.0 0.0 3.0
A 1497 3.0 1.0 3.0
A 1498 3.0 1.0 3.0
A 1499 3.0 3.0 3.0
A 1500 3.0 3.0 3.0
A 1501 3.0 3.0 3.0
A 1502 3.0 3.0 3.0
A 1503 3.0 3.0 3.0
A 1504 3.0 3.0 3.0
A 1505 3.0 3.0 3.0
A 1506 3.0 3.0 3.0
A 1507 3.0 3.0 3.0
A 1508 3.0 3.0 3.0
A 1509 3.0 3.0 3.0
A 1510 3.0 3.0 3.0
A 1511 3.0 3.0 3.0
A 1512 3.0 3.0 3.0
A 1513 3.0 3.0 3.0
A 1514 3.0 2.0 3.0
A 1515 3.0 3.0 3.0
A 1516 3.0 2.0 3.0
A 1517 3.0 2.0 3.0
A 1518 3.0 2.0 3.0
A 1519 3.0 2.0 2.0
A 1520 3.0 3.0 2.0
A 1521 3.0 3.0 2.0
A 1522 3.0 3.0 3.0
A 1523 3.0 3.0 3.0
A 1524 3.0 3.0 3.0
A 1525 3.0 3.0 3.0
A 1526 3.0 3.0 3.0
A 1527 3.0 3.0 3.0
A 1528 3.0 3.0 3.0
A 1529 3.0 3.0 3.0
A 1530 3.0 3.0 3.0
A 1531 1.0 3.0 1.0
A 1532 1.0 3.0 1.0
A 1533 3.0 3.0 1.0
A 1534 3.0 3.0 0.0
A 1535 3.0 3.0 1.0
A 1536 3.0 3.0 1.0
A 1537 3.0 3.0 1.0
A 1538 3.0 3.0 1.0
A 1539 3.0 3.0 1.0
A 1540 3.0 1.0 1.0
A 1868 3.0 1.0 1.0
A 1869 3.0 3.0 1.0
A 1870 3.0 3.0 1.0
A 1871 3.0 3.0 1.0
A 1872 3.0 2.0 1.0
A 1873 3.0 2.0 1.0
A 1877 1.0 2.0 1.0
A 1878 1.0 2.0 1.0
A 1879 1.0 3.0 1.0
A 1880 1.0 3.0 3.0
A 1881 1.0 2.0 1.0
A 1882 1.0 1.0 1.0
A 1883 3.0 1.0 3.0
A 1884 1.0 1.0 1.0
A 1885 3.0 0.0 3.0
A 1886 3.0 2.0 3.0
A 1887 3.0 1.0 3.0
A 1888 3.0 2.0 3.0
A 1889 3.0 0.0 1.0
A 1890 3.0 3.0 1.0
A 1891 3.0 2.0 1.0
A 1892 3.0 0.0 1.0
A 1893 3.0 3.0 1.0
A 1894 3.0 3.0 1.0
A 1895 3.0 0.0 0.0
A 1896 3.0 3.0 0.0
A 1897 3.0 1.0 1.0
A 1898 3.0 3.0 0.0
A 1899 3.0 3.0 0.0
A 1900 3.0 3.0 1.0
A 1901 3.0 3.0 1.0
A 1902 3.0 3.0 0.0
A 1903 3.0 3.0 0.0
A 1904 3.0 3.0 1.0
A 1905 3.0 3.0 1.0
A 1906 3.0 3.0 0.0
A 1907 3.0 3.0 1.0
A 1908 3.0 1.0 1.0
A 1909 3.0 3.0 1.0
A 1910 3.0 3.0 3.0
A 1911 3.0 3.0 3.0
A 1912 3.0 3.0 3.0
A 1913 3.0 3.0 3.0
A 1914 3.0 3.0 3.0
A 1915 3.0 3.0 3.0
A 1916 3.0 3.0 3.0
A 1917 3.0 3.0 3.0
A 1918 3.0 3.0 3.0
A 1919 3.0 3.0 3.0
A 1920 3.0 3.0 3.0
A 1921 3.0 3.0 3.0
A 1922 3.0 3.0 3.0
A 1923 1.0 3.0 3.0
A 1924 3.0 3.0 2.0
A 1925 1.0 3.0 3.0
A 1926 1.0 3.0 2.0
A 1927 1.0 3.0 2.0
A 1928 1.0 3.0 0.0
A 1929 3.0 3.0 2.0
A 1930 3.0 3.0 3.0
A 1931 3.0 3.0 3.0
A 1932 3.0 3.0 3.0
A 1933 3.0 3.0 3.0
A 1934 3.0 3.0 3.0
A 1935 3.0 3.0 3.0
A 1936 1.0 3.0 3.0
A 1937 1.0 3.0 3.0
A 1938 1.0 3.0 3.0
A 1939 1.0 3.0 3.0
A 1940 1.0 3.0 3.0
A 1941 1.0 3.0 3.0
A 1942 1.0 3.0 3.0
A 1943 1.0 3.0 3.0
A 1944 3.0 3.0 3.0
A 1945 3.0 3.0 3.0
A 1946 3.0 3.0 3.0
A 1947 3.0 3.0 3.0
A 1948 3.0 3.0 3.0
A 1949 3.0 3.0 3.0
