0.0 0.22001050953148543 1.52884 0.70281483 0.56155535 -54.59142318012266 ../testing_datasets/H3_epi.csv NeighborSum 64
0.0 0.18683005236296174 -0.5508 0.211964021 0.6264770820000001 -54.88111289967391 ../testing_datasets/H3_epi.csv NeighborSum 64
0.0 0.19667712004730714 -0.68593 0.612367541 0.577727537 -58.9360656387566 ../testing_datasets/H3_epi.csv NeighborSum 64
0.0 0.1903653053318069 -2.9028 1.196666614 0.482218707 -63.68897466112118 ../testing_datasets/H3_epi.csv NeighborSum 64
0.0 0.17370262334961034 -2.42402 0.715100347 0.473249904 -65.41658185489358 ../testing_datasets/H3_epi.csv NeighborSum 64
0.0 0.1528557052284412 -3.4265800000000004 0.115711929 0.6084090289999999 -64.80877846024677 ../testing_datasets/H3_epi.csv NeighborSum 64
0.0 0.1927336049885163 -1.3467 0.6905827440000001 0.594653653 -73.62477969162413 ../testing_datasets/H3_epi.csv NeighborSum 64
0.0 0.17445710246784843 -4.18677 1.196403002 0.46925080700000005 -79.05672149529387 ../testing_datasets/H3_epi.csv NeighborSum 64
0.0 0.16831560134223822 -2.34491 0.483154326 0.5385509079999999 -80.5798146389131 ../testing_datasets/H3_epi.csv NeighborSum 64
0.0 0.18204739112999058 0.09823 0.13067727199999998 0.609272048 -85.76025535592386 ../testing_datasets/H3_epi.csv NeighborSum 64
0.0 0.18623656359157842 -1.9977900000000002 0.943695555 0.5163038670000001 -92.09930946484906 ../testing_datasets/H3_epi.csv NeighborSum 64
0.0 0.1565917997760111 -4.73053 0.958617728 0.467438631 -94.56124070944456 ../testing_datasets/H3_epi.csv NeighborSum 64
0.0 0.15236607095585014 -3.1488 0.262675306 0.574262765 -96.1696883922493 ../testing_datasets/H3_epi.csv NeighborSum 64
0.0 0.1913301504497542 -0.18274 0.539623645 0.595199657 -105.48338528192924 ../testing_datasets/H3_epi.csv NeighborSum 64
0.0 0.18167814445855462 -3.23461 1.223431364 0.509046026 -113.8741270967272 ../testing_datasets/H3_epi.csv NeighborSum 64
0.0 0.169309018070246 -2.77369 0.8156641729999999 0.510678066 -113.48986930270111 ../testing_datasets/H3_epi.csv NeighborSum 64
0.0 0.20133385300977702 -0.08763 0.760532859 0.627501588 -122.13899293047108 ../testing_datasets/H3_epi.csv NeighborSum 64
0.0 0.18654299124106305 -1.15649 0.854286305 0.549632638 -129.4370328876851 ../testing_datasets/H3_epi.csv NeighborSum 64
0.0 0.1633278223017284 -3.9233 1.153800785 0.454219304 -134.7537605379311 ../testing_datasets/H3_epi.csv NeighborSum 64
0.0 0.18163198072537134 -2.31607 1.042818155 0.539641004 -135.24868105117318 ../testing_datasets/H3_epi.csv NeighborSum 64
0.0 0.185388407890768 -1.7281900000000001 0.812858912 0.632049147 -140.8214005349955 ../testing_datasets/H3_epi.csv NeighborSum 64
0.0 0.16226665116792116 -4.04467 1.048833101 0.5385445320000001 -154.77548667136494 ../testing_datasets/H3_epi.csv NeighborSum 64
0.0 0.15424668251728463 -4.4366900000000005 1.118867783 0.47043307700000003 -158.87711765902253 ../testing_datasets/H3_epi.csv NeighborSum 64
0.0 0.19636625372771652 -0.93916 1.004286968 0.628100731 -161.2420586091277 ../testing_datasets/H3_epi.csv NeighborSum 64
0.0 0.1817027450651887 -1.38571 0.864627887 0.5995188779999999 -172.27015188774058 ../testing_datasets/H3_epi.csv NeighborSum 64
0.0 0.17049370108901885 -4.76964 1.6828666230000002 0.478859209 -184.6361258988183 ../testing_datasets/H3_epi.csv NeighborSum 64
0.0 0.15763058238028355 -3.66705 0.973980498 0.542138731 -183.6353758467668 ../testing_datasets/H3_epi.csv NeighborSum 64
0.0 0.18598379459427627 -1.60765 1.019964963 0.6318788329999999 -189.51114000630133 ../testing_datasets/H3_epi.csv NeighborSum 64
0.0 0.17297845337946888 -2.145 1.080741775 0.5543414720000001 -206.32785098586638 ../testing_datasets/H3_epi.csv NeighborSum 64
0.0 0.15453562418188668 -3.17593 1.0264390540000001 0.49846790700000004 -213.64366671717798 ../testing_datasets/H3_epi.csv NeighborSum 64
0.0 0.17556855170842106 -1.05362 0.7831203390000001 0.616650998 -212.4699038308815 ../testing_datasets/H3_epi.csv NeighborSum 64
0.0 0.1562020147115662 -3.1393400000000002 0.87491363 0.59456164 -222.53870590994558 ../testing_datasets/H3_epi.csv NeighborSum 64
0.0 0.16123362011499281 -3.0171799999999998 1.273974642 0.491998065 -237.0952059992054 ../testing_datasets/H3_epi.csv NeighborSum 64
0.0 0.13173855095895273 -4.10324 0.698662507 0.53317147 -235.62715240986176 ../testing_datasets/H3_epi.csv NeighborSum 64
0.0 0.18627396949752215 0.52582 0.806137062 0.632076224 -246.0508080298542 ../testing_datasets/H3_epi.csv NeighborSum 64
0.0 0.15525244129764468 -1.9917200000000002 0.999791515 0.48253840600000003 -254.18752935362886 ../testing_datasets/H3_epi.csv NeighborSum 64
0.0 0.11311215544020085 -4.6731300000000005 0.7230108690000001 0.42923938799999994 -259.34053409747935 ../testing_datasets/H3_epi.csv NeighborSum 64
0.0 0.164466444056718 -1.1148 0.9134051999999999 0.5406159979999999 -258.81385151696156 ../testing_datasets/H3_epi.csv NeighborSum 64
0.0 0.13494148168181488 -5.404 1.177075753 0.529124751 -258.268495540422 ../testing_datasets/H3_epi.csv NeighborSum 64
0.0 0.10588239375947739 -4.9215 0.866090372 0.34616749799999996 -274.7824284917802 ../testing_datasets/H3_epi.csv NeighborSum 64
0.0 0.14252758718181363 -2.3531299999999997 1.040738514 0.40682385299999996 -274.7325922563163 ../testing_datasets/H3_epi.csv NeighborSum 64
0.0 0.1377302743662058 -2.96365 0.883922457 0.46264375 -264.4027982281603 ../testing_datasets/H3_epi.csv NeighborSum 64
0.0 0.11932725821558562 -4.0631699999999995 1.192942461 0.270529635 -278.3446505922896 ../testing_datasets/H3_epi.csv NeighborSum 64
0.0 0.09746098773260622 -4.13784 0.598159525 0.32355924199999997 -287.63764197821644 ../testing_datasets/H3_epi.csv NeighborSum 64
0.0 0.1290691630982283 -3.01452 1.063868523 0.328395925 -279.0273116980159 ../testing_datasets/H3_epi.csv NeighborSum 64
0.0 0.10509059351217165 -5.09443 1.0201036940000001 0.28760917399999997 -274.4130416207867 ../testing_datasets/H3_epi.csv NeighborSum 64
0.0 0.11381638867332394 -2.28589 0.43627146899999997 0.391556774 -290.39783087365515 ../testing_datasets/H3_epi.csv NeighborSum 64
0.0 0.10725533537030388 -3.6143 0.535295504 0.40505386200000004 -289.0075812250982 ../testing_datasets/H3_epi.csv NeighborSum 64
0.0 0.14606507493654403 -2.23618 1.043296385 0.43676337600000004 -277.5348950827846 ../testing_datasets/H3_epi.csv NeighborSum 64
0.0 0.12083970817664716 -3.2566200000000003 0.716735645 0.41662983600000003 -279.8775463132228 ../testing_datasets/H3_epi.csv NeighborSum 64
0.0 0.09586948298412053 -3.9775699999999996 0.332333688 0.408527766 -289.0315979267811 ../testing_datasets/H3_epi.csv NeighborSum 64
0.0 0.1288956207287682 -3.66304 0.984743405 0.426183226 -280.9084201995402 ../testing_datasets/H3_epi.csv NeighborSum 64
0.0 0.13261218855764176 -2.33928 0.8276413579999999 0.38656022700000003 -270.95598720812615 ../testing_datasets/H3_epi.csv NeighborSum 64
0.0 0.11063610845924654 -4.78178 0.7526299479999999 0.431684229 -275.14315036236803 ../testing_datasets/H3_epi.csv NeighborSum 64
0.0 0.12263054776128743 -2.92275 0.7607216170000001 0.38025284600000003 -277.6989029877165 ../testing_datasets/H3_epi.csv NeighborSum 64
0.0 0.1322778595656994 -2.8843799999999997 0.993678795 0.346179275 -261.79591998107173 ../testing_datasets/H3_epi.csv NeighborSum 64
0.0 0.12000795794827923 -5.10075 0.800457834 0.497762087 -253.73877625513998 ../testing_datasets/H3_epi.csv NeighborSum 64
0.0 0.09927140160585259 -5.5473 0.704684042 0.37975270899999997 -260.9343821237289 ../testing_datasets/H3_epi.csv NeighborSum 64
0.0 0.11952791070812448 -5.75177 1.140684827 0.40330024700000006 -250.84579215051556 ../testing_datasets/H3_epi.csv NeighborSum 64
0.0 0.13913020833926942 -1.9061400000000002 0.70700435 0.403129698 -239.0568955066242 ../testing_datasets/H3_epi.csv NeighborSum 64
0.0 0.14191993673831307 -4.0602 1.090830856 0.47261561799999996 -238.75460089419596 ../testing_datasets/H3_epi.csv NeighborSum 64
0.0 0.10556090712181941 -6.95578 1.013050303 0.4003109 -236.57848296664872 ../testing_datasets/H3_epi.csv NeighborSum 64
0.0 0.13775856855683508 -3.20118 0.997334168 0.353239521 -221.08967582094436 ../testing_datasets/H3_epi.csv NeighborSum 64
0.0 0.14253597686802563 -2.07735 0.7009037090000001 0.40932059299999995 -214.103261061799 ../testing_datasets/H3_epi.csv NeighborSum 64
0.0 0.15074789398244626 -2.42921 1.057297943 0.376497109 -214.70394183945 ../testing_datasets/H3_epi.csv NeighborSum 64
0.0 0.16612443702983906 -0.34126999999999996 0.801095412 0.41242343299999995 -196.85080879786 ../testing_datasets/H3_epi.csv NeighborSum 64
0.0 0.1884387084636166 -1.1374 1.4141199830000002 0.5084373289999999 -223.25997284976683 ../testing_datasets/H3_epi.csv NeighborSum 64
0.0 0.1634670376244693 -3.56227 1.320760203 0.533053811 -229.75561840373624 ../testing_datasets/H3_epi.csv NeighborSum 64
0.0 0.1275993043856823 -6.054069999999999 1.0783360370000001 0.455954045 -205.83726165973368 ../testing_datasets/H3_epi.csv NeighborSum 64
0.0 0.15571966163042966 -5.75949 1.5271394930000002 0.563980563 -224.6582171365988 ../testing_datasets/H3_epi.csv NeighborSum 64
0.0 0.1653793845932081 -1.7259799999999998 0.995512046 0.46174990200000005 -201.10550807610218 ../testing_datasets/H3_epi.csv NeighborSum 64
0.0 0.17310917495763403 -0.27599 0.809259689 0.498023719 -208.58948143073192 ../testing_datasets/H3_epi.csv NeighborSum 64
0.0 0.17528956702025275 0.78786 0.661070452 0.488295188 -211.5027560246683 ../testing_datasets/H3_epi.csv NeighborSum 64
0.0 0.17634639293431698 -1.25191 1.286137987 0.465452962 -232.01004455865603 ../testing_datasets/H3_epi.csv NeighborSum 64
0.0 0.14532201967613786 -3.39295 1.206935439 0.389150128 -236.0482891401846 ../testing_datasets/H3_epi.csv NeighborSum 64
0.0 0.1635545340752075 -0.6642 0.629992918 0.546774317 -226.21736099910456 ../testing_datasets/H3_epi.csv NeighborSum 64
0.0 0.15480428700367654 -0.54879 0.537023876 0.518248533 -243.60967008718137 ../testing_datasets/H3_epi.csv NeighborSum 64
0.0 0.12308312358156534 -4.67577 1.163806547 0.33817693200000004 -256.3604752691666 ../testing_datasets/H3_epi.csv NeighborSum 64
0.0 0.14866556315263635 -3.6124400000000003 1.138946126 0.48954524299999996 -244.03847121620385 ../testing_datasets/H3_epi.csv NeighborSum 64
0.0 0.14562389388665353 -2.14659 0.433889401 0.614015761 -240.64813172697276 ../testing_datasets/H3_epi.csv NeighborSum 64
0.0 0.12016334198029324 -3.42675 0.7531584729999999 0.379966177 -264.2253015997559 ../testing_datasets/H3_epi.csv NeighborSum 64
0.0 0.14899896756460235 -2.43284 1.307695958 0.354909653 -268.4096908767387 ../testing_datasets/H3_epi.csv NeighborSum 64
0.0 0.1532540007693455 -2.60718 0.821615474 0.583038153 -246.92092927891085 ../testing_datasets/H3_epi.csv NeighborSum 64
0.0 0.16018041433422991 -1.84538 0.867244679 0.579307992 -255.51949985430613 ../testing_datasets/H3_epi.csv NeighborSum 64
0.0 0.15208908600159923 -1.4708299999999999 1.13120506 0.383977002 -275.176192225695 ../testing_datasets/H3_epi.csv NeighborSum 64
0.0 0.13533870295458544 -5.06677 0.951889434 0.590394481 -254.47537579858061 ../testing_datasets/H3_epi.csv NeighborSum 64
0.0 0.17153968573864897 0.14959 0.8255073890000001 0.5006800610000001 -243.0713654330154 ../testing_datasets/H3_epi.csv NeighborSum 64
0.0 0.14296350063029714 -2.3538799999999998 0.793110125 0.484987789 -257.7713039223125 ../testing_datasets/H3_epi.csv NeighborSum 64
0.0 0.1473340997468378 -1.97868 1.031493409 0.41250554700000003 -268.26277374261105 ../testing_datasets/H3_epi.csv NeighborSum 64
0.0 0.16899179903418976 -1.68432 0.864759332 0.640975992 -247.4108083382636 ../testing_datasets/H3_epi.csv NeighborSum 64
0.0 0.12388921866979924 -2.93833 0.61270284 0.346884099 -219.9932980103024 ../testing_datasets/H3_epi.csv NeighborSum 64
0.0 0.17793026620336141 0.00428 0.884873647 0.498689027 -213.6441517692436 ../testing_datasets/H3_epi.csv NeighborSum 64
0.0 0.1817469940651356 3.39402 0.640065215 0.309540596 -208.4632346441682 ../testing_datasets/H3_epi.csv NeighborSum 64
0.0 0.214184165338077 3.7293199999999995 0.851685847 0.472378626 -181.71860949312625 ../testing_datasets/H3_epi.csv NeighborSum 64
0.0 0.1867856681885844 3.02247 0.34808929299999997 0.48686325700000005 -189.84378379545598 ../testing_datasets/H3_epi.csv NeighborSum 64
0.0 0.13998713076381317 -1.44359 0.862810622 0.259698915 -217.71925219074 ../testing_datasets/H3_epi.csv NeighborSum 64
0.0 0.16268949284234469 0.04102 0.592361004 0.467037937 -216.12764227404827 ../testing_datasets/H3_epi.csv NeighborSum 64
0.0 0.11130629369916417 -5.15766 0.8720874359999999 0.349740606 -237.08602431028694 ../testing_datasets/H3_epi.csv NeighborSum 64
0.0 0.1390515051222068 -2.09295 0.212941744 0.601158313 -222.93118693581738 ../testing_datasets/H3_epi.csv NeighborSum 64
0.0 0.15655497374177027 -2.09427 1.0463594459999999 0.48943199299999995 -256.0191128060689 ../testing_datasets/H3_epi.csv NeighborSum 64
0.0 0.15979848569596744 -0.9528 0.561512033 0.5965704270000001 -242.71525697746088 ../testing_datasets/H3_epi.csv NeighborSum 64
0.0 0.16246223922047817 -0.93621 0.924414753 0.49946761100000003 -259.58841464855954 ../testing_datasets/H3_epi.csv NeighborSum 64
0.0 0.12061634503469129 -4.12068 0.8471421929999999 0.393469877 -255.33930311299937 ../testing_datasets/H3_epi.csv NeighborSum 64
0.0 0.1732935555256488 -1.51253 1.19843548 0.5625284229999999 -266.3011284126096 ../testing_datasets/H3_epi.csv NeighborSum 64
0.0 0.12741716679909904 -3.8361 0.445627454 0.570197539 -235.03512564199116 ../testing_datasets/H3_epi.csv NeighborSum 64
0.0 0.13965390315628246 -0.29297 0.155453728 0.47560633799999996 -230.9642228868161 ../testing_datasets/H3_epi.csv NeighborSum 64
0.0 0.14478879588001525 0.84165 0.29890498 0.353029544 -227.88173656536304 ../testing_datasets/H3_epi.csv NeighborSum 64
0.0 0.1546687674022012 -0.7801899999999999 0.885523229 0.403688576 -251.05288993228186 ../testing_datasets/H3_epi.csv NeighborSum 64
0.0 0.16242724655369517 -0.54588 0.6936568209999999 0.559945629 -259.10040173493513 ../testing_datasets/H3_epi.csv NeighborSum 64
0.0 0.16428080165425263 -0.0536 0.530187444 0.5748094420000001 -244.83573694620063 ../testing_datasets/H3_epi.csv NeighborSum 64
0.0 0.15367763436618145 -1.19656 0.883519866 0.428623689 -248.25437882496698 ../testing_datasets/H3_epi.csv NeighborSum 64
0.0 0.17557630080188916 -2.19318 1.387089416 0.575558465 -269.0136805911124 ../testing_datasets/H3_epi.csv NeighborSum 64
0.0 0.19157217216538636 1.59275 0.778761919 0.6061897860000001 -250.81731728462398 ../testing_datasets/H3_epi.csv NeighborSum 64
0.0 0.204077862578456 0.1107 0.859310583 0.46754069299999995 -56.34868165463169 ../testing_datasets/H3_epi.csv NeighborSum 64
0.0 0.19269075525514084 0.41361000000000003 0.29777400800000003 0.563904458 -57.71586048940926 ../testing_datasets/H3_epi.csv NeighborSum 64
0.0 0.20312556030296108 0.28113 0.63965973 0.544507881 -60.92420966424328 ../testing_datasets/H3_epi.csv NeighborSum 64
0.0 0.19138983114281102 -2.27529 1.182778761 0.44077327299999997 -64.67502592386467 ../testing_datasets/H3_epi.csv NeighborSum 64
0.0 0.1611917436202219 -3.70025 0.8045728990000001 0.427404248 -65.80522094321313 ../testing_datasets/H3_epi.csv NeighborSum 64
0.0 0.1616680552491396 -2.84012 0.209785592 0.611011815 -68.62521183142117 ../testing_datasets/H3_epi.csv NeighborSum 64
0.0 0.19199466754710773 -1.13788 0.7107326540000001 0.562273126 -75.65146160729026 ../testing_datasets/H3_epi.csv NeighborSum 64
0.0 0.1697854720876662 -4.2066300000000005 1.229652285 0.41020382200000005 -80.05576238486314 ../testing_datasets/H3_epi.csv NeighborSum 64
0.0 0.17653903788479935 -2.08391 0.546764592 0.5760193220000001 -82.74330904108983 ../testing_datasets/H3_epi.csv NeighborSum 64
0.0 0.1823564770267374 0.0015 0.148827361 0.620165623 -88.9828028295749 ../testing_datasets/H3_epi.csv NeighborSum 64
0.0 0.18284514956454218 -2.16323 0.9882842629999999 0.485308723 -96.04276334556195 ../testing_datasets/H3_epi.csv NeighborSum 64
0.0 0.14989586906359925 -4.83761 0.97372298 0.40399002100000003 -95.8344184838592 ../testing_datasets/H3_epi.csv NeighborSum 64
0.0 0.15721384216115997 -2.8658 0.267811892 0.5993166120000001 -98.17546747808728 ../testing_datasets/H3_epi.csv NeighborSum 64
0.0 0.18594331314903118 -0.51165 0.525778473 0.583949304 -109.31689157718786 ../testing_datasets/H3_epi.csv NeighborSum 64
0.0 0.1680262537268853 -3.94918 1.253416225 0.426396575 -115.91887980744039 ../testing_datasets/H3_epi.csv NeighborSum 64
0.0 0.17205525694045085 -2.78632 0.812587298 0.544642374 -114.97370258359125 ../testing_datasets/H3_epi.csv NeighborSum 64
0.0 0.20291061394902035 0.051739999999999994 0.750926705 0.639230418 -124.47853012893796 ../testing_datasets/H3_epi.csv NeighborSum 64
0.0 0.18071323464748398 -1.73511 0.896655797 0.536271912 -134.7045138255453 ../testing_datasets/H3_epi.csv NeighborSum 64
0.0 0.15713999125187544 -3.9533099999999997 1.164038449 0.39236601600000004 -136.84725689433242 ../testing_datasets/H3_epi.csv NeighborSum 64
0.0 0.18885724965756862 -1.74702 1.014292453 0.576458363 -137.21013389456078 ../testing_datasets/H3_epi.csv NeighborSum 64
0.0 0.18382534289737212 -1.75657 0.823902963 0.621906065 -145.03746767125958 ../testing_datasets/H3_epi.csv NeighborSum 64
0.0 0.16326999625202776 -3.38826 1.050005639 0.495719354 -159.93747079936568 ../testing_datasets/H3_epi.csv NeighborSum 64
0.0 0.16235941786700073 -3.48545 1.118057678 0.467466891 -160.53447710466943 ../testing_datasets/H3_epi.csv NeighborSum 64
0.0 0.2059569643295715 0.039169999999999996 1.024392338 0.631669233 -164.31212501270693 ../testing_datasets/H3_epi.csv NeighborSum 64
0.0 0.17113470282752405 -2.27652 0.811640813 0.607153363 -177.28042671812975 ../testing_datasets/H3_epi.csv NeighborSum 64
0.0 0.15949359056497509 -5.13785 1.672334066 0.408430113 -186.855875637889 ../testing_datasets/H3_epi.csv NeighborSum 64
0.0 0.16452419115371208 -3.2387599999999996 0.990691291 0.567722225 -184.6594629421147 ../testing_datasets/H3_epi.csv NeighborSum 64
0.0 0.17434930855142222 -2.9165400000000004 1.0209793870000001 0.643275644 -193.53216200514206 ../testing_datasets/H3_epi.csv NeighborSum 64
0.0 0.14574319337767988 -4.50715 1.0557956370000001 0.514645867 -210.03290145435642 ../testing_datasets/H3_epi.csv NeighborSum 64
0.0 0.14322840555995128 -4.03849 1.066198821 0.446254287 -213.66940816843837 ../testing_datasets/H3_epi.csv NeighborSum 64
0.0 0.1711147398493232 -1.36978 0.778543834 0.607264091 -214.9351692939711 ../testing_datasets/H3_epi.csv NeighborSum 64
0.0 0.14325733328837786 -4.307980000000001 0.8479862979999999 0.59031896 -226.24702963859443 ../testing_datasets/H3_epi.csv NeighborSum 64
0.0 0.14744909689354635 -3.5346300000000004 1.275809547 0.40190763 -239.49705463336434 ../testing_datasets/H3_epi.csv NeighborSum 64
0.0 0.14796572643319503 -2.5691900000000003 0.741038623 0.542195954 -238.22772435398772 ../testing_datasets/H3_epi.csv NeighborSum 64
0.0 0.1816023736477449 0.28557 0.764726784 0.625742436 -246.83776024059452 ../testing_datasets/H3_epi.csv NeighborSum 64
0.0 0.17188006443978426 0.031389999999999994 0.9437829759999999 0.499055425 -260.83475803694574 ../testing_datasets/H3_epi.csv NeighborSum 64
0.0 0.1145245549541257 -4.03036 0.714746749 0.387679481 -260.1836926688352 ../testing_datasets/H3_epi.csv NeighborSum 64
0.0 0.1575842239567845 -2.02353 0.930253372 0.548842022 -258.92043610905694 ../testing_datasets/H3_epi.csv NeighborSum 64
0.0 0.1424631104910303 -5.07726 1.256053567 0.552774454 -263.7252187217332 ../testing_datasets/H3_epi.csv NeighborSum 64
0.0 0.10452194871969564 -5.28832 0.835810015 0.384117365 -276.8740280731555 ../testing_datasets/H3_epi.csv NeighborSum 64
0.0 0.15114719164451118 -2.36821 1.083273344 0.479061963 -274.4188457704853 ../testing_datasets/H3_epi.csv NeighborSum 64
0.0 0.1439658511515553 -2.95877 0.886397964 0.533813016 -268.4552980618255 ../testing_datasets/H3_epi.csv NeighborSum 64
0.0 0.12661504722970468 -3.71619 1.218344686 0.311900771 -283.32659032030017 ../testing_datasets/H3_epi.csv NeighborSum 64
0.0 0.1028406341822667 -4.48718 0.617600794 0.40536602200000005 -288.05395521748187 ../testing_datasets/H3_epi.csv NeighborSum 64
0.0 0.1472926873453272 -3.1313400000000002 1.0464075000000002 0.5403663000000001 -280.9585361526246 ../testing_datasets/H3_epi.csv NeighborSum 64
0.0 0.09874259798794208 -5.72685 1.026717248 0.287898969 -278.92806546327006 ../testing_datasets/H3_epi.csv NeighborSum 64
0.0 0.11161089161908347 -2.59026 0.518199171 0.36824023899999997 -293.3568532517134 ../testing_datasets/H3_epi.csv NeighborSum 64
0.0 0.12189498691019357 -2.8663 0.539287956 0.486555808 -290.25514624933726 ../testing_datasets/H3_epi.csv NeighborSum 64
0.0 0.1452821005654086 -2.4493400000000003 1.023206693 0.46446700700000004 -281.0795997907427 ../testing_datasets/H3_epi.csv NeighborSum 64
0.0 0.11571685587786397 -3.8369400000000002 0.728241107 0.422476545 -284.3366449687442 ../testing_datasets/H3_epi.csv NeighborSum 64
0.0 0.09357857555311822 -3.8988699999999996 0.328855717 0.382383951 -290.9546108051758 ../testing_datasets/H3_epi.csv NeighborSum 64
0.0 0.13232226935823702 -4.07024 0.974385705 0.5066315379999999 -281.651995780065 ../testing_datasets/H3_epi.csv NeighborSum 64
0.0 0.13189042646865506 -2.38199 0.8434824320000001 0.384565318 -275.21687103819283 ../testing_datasets/H3_epi.csv NeighborSum 64
0.0 0.11904739277434243 -3.82156 0.746764275 0.439312904 -279.99670968103425 ../testing_datasets/H3_epi.csv NeighborSum 64
0.0 0.12079825460779312 -3.38786 0.741876229 0.415290525 -278.5034537214317 ../testing_datasets/H3_epi.csv NeighborSum 64
0.0 0.12739703660049725 -3.11426 0.8737419359999999 0.373295355 -264.082229831441 ../testing_datasets/H3_epi.csv NeighborSum 64
0.0 0.11271642954247536 -5.24012 0.715975754 0.482192467 -259.2682820068847 ../testing_datasets/H3_epi.csv NeighborSum 64
0.0 0.10351409184561039 -5.12656 0.676692141 0.403193686 -264.81348195507235 ../testing_datasets/H3_epi.csv NeighborSum 64
0.0 0.1240054075606339 -5.4106 1.149109632 0.416671749 -252.40703723701762 ../testing_datasets/H3_epi.csv NeighborSum 64
0.0 0.1297789592463745 -2.74384 0.6639633770000001 0.411535695 -242.75288852089022 ../testing_datasets/H3_epi.csv NeighborSum 64
0.0 0.15126359410833426 -2.92053 1.038341646 0.494932181 -244.70439240119293 ../testing_datasets/H3_epi.csv NeighborSum 64
0.0 0.10226777046649357 -6.717910000000001 1.00931652 0.34988148799999996 -239.14460045568254 ../testing_datasets/H3_epi.csv NeighborSum 64
0.0 0.1486897828393647 -1.9202700000000001 1.009611947 0.349563584 -226.41985632795405 ../testing_datasets/H3_epi.csv NeighborSum 64
0.0 0.14304341481509314 -1.8167900000000001 0.652709931 0.420269957 -219.2149329262442 ../testing_datasets/H3_epi.csv NeighborSum 64
0.0 0.1670238544705719 -0.51203 1.057207112 0.373279735 -220.21868703609715 ../testing_datasets/H3_epi.csv NeighborSum 64
0.0 0.1600404066464272 -0.09657 0.796349185 0.334679664 -200.41916910045953 ../testing_datasets/H3_epi.csv NeighborSum 64
0.0 0.159199734706133 -1.49485 1.425720087 0.24028275600000001 -226.7952553062892 ../testing_datasets/H3_epi.csv NeighborSum 64
0.0 0.14562717291349053 -3.73869 1.324051971 0.365272282 -230.97469094137278 ../testing_datasets/H3_epi.csv NeighborSum 64
0.0 0.16308084940937947 -2.59388 0.931263958 0.562063996 -208.189601547491 ../testing_datasets/H3_epi.csv NeighborSum 64
0.0 0.15693942320534804 -5.61514 1.5338730409999999 0.56157671 -225.48333680480826 ../testing_datasets/H3_epi.csv NeighborSum 64
0.0 0.16230085367131705 -2.1396599999999997 1.003082454 0.46457996 -200.36548870956003 ../testing_datasets/H3_epi.csv NeighborSum 64
0.0 0.14376520534526888 -2.37709 0.678620048 0.452984855 -210.3055815677519 ../testing_datasets/H3_epi.csv NeighborSum 64
0.0 0.16415574656370036 0.17981 0.75855219 0.380298829 -207.14224845820277 ../testing_datasets/H3_epi.csv NeighborSum 64
0.0 0.16168875691459833 -2.60548 1.338682007 0.41469953200000004 -229.38460124782728 ../testing_datasets/H3_epi.csv NeighborSum 64
0.0 0.1385625123010635 -3.9884699999999995 1.177513617 0.37972525100000004 -231.56888174828185 ../testing_datasets/H3_epi.csv NeighborSum 64
0.0 0.16969602649756008 -0.18059 0.609733531 0.568492374 -223.81072971844085 ../testing_datasets/H3_epi.csv NeighborSum 64
0.0 0.15276038092938632 -0.9666899999999999 0.57155383 0.511658692 -238.20738396767058 ../testing_datasets/H3_epi.csv NeighborSum 64
0.0 0.12886146934103462 -4.8795 1.200862802 0.394994434 -252.8146482886924 ../testing_datasets/H3_epi.csv NeighborSum 64
0.0 0.15102418436830833 -3.67725 1.102180344 0.5344718820000001 -243.21502624372386 ../testing_datasets/H3_epi.csv NeighborSum 64
0.0 0.13762825155510333 -3.05186 0.423707349 0.6160794629999999 -237.7243517617995 ../testing_datasets/H3_epi.csv NeighborSum 64
0.0 0.12759893772039407 -3.64711 0.7980664409999999 0.45229618 -260.7077779286404 ../testing_datasets/H3_epi.csv NeighborSum 64
0.0 0.15523670848631688 -2.49425 1.225768266 0.457767935 -266.8151429372666 ../testing_datasets/H3_epi.csv NeighborSum 64
0.0 0.1580458281753303 -1.96038 0.760830503 0.599357063 -248.0515357155455 ../testing_datasets/H3_epi.csv NeighborSum 64
0.0 0.16251830567518388 -1.69825 0.8695110229999999 0.583571932 -252.92071604927176 ../testing_datasets/H3_epi.csv NeighborSum 64
0.0 0.1602032070113151 -1.7158099999999998 1.161003485 0.477452749 -274.37338506828667 ../testing_datasets/H3_epi.csv NeighborSum 64
0.0 0.14446177466106103 -4.23326 1.014349233 0.58835187 -259.4085372189305 ../testing_datasets/H3_epi.csv NeighborSum 64
0.0 0.16753729078015017 -1.06952 0.973275298 0.510262173 -242.11835400200607 ../testing_datasets/H3_epi.csv NeighborSum 64
0.0 0.1417018005573279 -2.15604 0.825378865 0.43641206299999996 -256.38134012817784 ../testing_datasets/H3_epi.csv NeighborSum 64
0.0 0.14764480044648143 -2.29049 1.012759628 0.455058025 -269.0263289863075 ../testing_datasets/H3_epi.csv NeighborSum 64
0.0 0.1704817145481816 -1.0211700000000001 0.84322232 0.605456103 -249.0208148249141 ../testing_datasets/H3_epi.csv NeighborSum 64
0.0 0.1522729968478217 -0.29344000000000003 0.779412834 0.327122072 -224.82226365547044 ../testing_datasets/H3_epi.csv NeighborSum 64
0.0 0.15430123929162873 -2.6590599999999998 0.930594875 0.5048545879999999 -222.47545767220595 ../testing_datasets/H3_epi.csv NeighborSum 64
0.0 0.1562687196542468 0.47193 0.379967836 0.43632172399999997 -208.9124181190164 ../testing_datasets/H3_epi.csv NeighborSum 64
0.0 0.1838435400782521 0.8982 0.814016394 0.477707583 -199.4190315673023 ../testing_datasets/H3_epi.csv NeighborSum 64
0.0 0.14389551544461088 -0.2394 0.316414832 0.38170655299999995 -197.95590170388635 ../testing_datasets/H3_epi.csv NeighborSum 64
0.0 0.12679941674551254 -3.05671 0.9334386459999999 0.267033665 -228.42239114060055 ../testing_datasets/H3_epi.csv NeighborSum 64
0.0 0.14936706869149596 -0.22077 0.309571582 0.477258311 -217.34814885800148 ../testing_datasets/H3_epi.csv NeighborSum 64
0.0 0.10592184208182309 -6.60376 0.879706311 0.437279676 -241.54532753644676 ../testing_datasets/H3_epi.csv NeighborSum 64
0.0 0.15721376039216184 -1.60209 0.53804943 0.617598402 -230.18560791784208 ../testing_datasets/H3_epi.csv NeighborSum 64
0.0 0.14496626115284844 -3.18765 1.011120086 0.4937018 -258.70804610443497 ../testing_datasets/H3_epi.csv NeighborSum 64
0.0 0.17632089075215074 1.1406399999999999 0.543627628 0.5949203479999999 -252.47769381425113 ../testing_datasets/H3_epi.csv NeighborSum 64
0.0 0.15886249224470853 -1.32924 0.9234685020000001 0.512895651 -266.2672908747959 ../testing_datasets/H3_epi.csv NeighborSum 64
0.0 0.1180992979677416 -4.64228 0.8827119109999999 0.41149199 -260.32268683366254 ../testing_datasets/H3_epi.csv NeighborSum 64
0.0 0.17327857198561242 -1.37019 1.186875898 0.566663894 -272.9928350386103 ../testing_datasets/H3_epi.csv NeighborSum 64
0.0 0.12254866131124155 -4.19771 0.442003714 0.573623731 -244.32725324375667 ../testing_datasets/H3_epi.csv NeighborSum 64
0.0 0.14022158247992972 -0.04808 0.120918225 0.49894597799999996 -244.42339440456487 ../testing_datasets/H3_epi.csv NeighborSum 64
0.0 0.13674260005373282 -0.23083 0.22126522899999998 0.42073976399999996 -235.9414209782419 ../testing_datasets/H3_epi.csv NeighborSum 64
0.0 0.15130422907707602 -1.1378 0.975002954 0.383610335 -260.97216990691106 ../testing_datasets/H3_epi.csv NeighborSum 64
0.0 0.13876134833266415 -2.88341 0.657951648 0.566483721 -266.3425871416687 ../testing_datasets/H3_epi.csv NeighborSum 64
0.0 0.139529853648279 0.04784 0.203960544 0.465709462 -254.14475315594206 ../testing_datasets/H3_epi.csv NeighborSum 64
0.0 0.14885320096133423 -0.60415 0.731130699 0.394561194 -252.03488645191615 ../testing_datasets/H3_epi.csv NeighborSum 64
0.0 0.1711351676561976 -2.186 1.3740866790000001 0.543240415 -273.66320374342877 ../testing_datasets/H3_epi.csv NeighborSum 64
0.0 0.14225916044788606 -2.75189 0.575827981 0.618551087 -262.7125701337258 ../testing_datasets/H3_epi.csv NeighborSum 64
0.0 0.21186770283507567 -0.06371 0.784631442 0.593738037 -54.498410416033174 ../testing_datasets/H3_epi.csv NeighborSum 64
0.0 0.2006635465872618 0.79046 0.404721355 0.564438746 -57.4754852382079 ../testing_datasets/H3_epi.csv NeighborSum 64
0.0 0.19536434208218467 -0.45848999999999995 0.605313959 0.547516672 -60.050589318361276 ../testing_datasets/H3_epi.csv NeighborSum 64
0.0 0.18900201272445272 -2.05804 1.121181829 0.42045763 -64.07322737917184 ../testing_datasets/H3_epi.csv NeighborSum 64
0.0 0.17956239767264404 -2.46537 0.866287947 0.47543648899999996 -66.55403384669495 ../testing_datasets/H3_epi.csv NeighborSum 64
0.0 0.15900267164338888 -3.09908 0.22578184199999998 0.598960413 -67.48450647686147 ../testing_datasets/H3_epi.csv NeighborSum 64
0.0 0.18903809695719032 -1.20107 0.65672676 0.55870095 -74.59299398683663 ../testing_datasets/H3_epi.csv NeighborSum 64
0.0 0.17780253816905 -3.4281300000000003 1.183858458 0.43738865899999996 -79.29165339823054 ../testing_datasets/H3_epi.csv NeighborSum 64
0.0 0.1836383321999914 -1.69757 0.617009927 0.583953198 -83.34807463023685 ../testing_datasets/H3_epi.csv NeighborSum 64
0.0 0.18446497030646697 0.14145 0.207435725 0.6068642470000001 -90.69396524268005 ../testing_datasets/H3_epi.csv NeighborSum 64
0.0 0.17870586411269707 -2.03707 0.94038325 0.44480627100000003 -92.96163473785093 ../testing_datasets/H3_epi.csv NeighborSum 64
0.0 0.15725902786888285 -4.7304 1.022230688 0.450382689 -96.28522023472935 ../testing_datasets/H3_epi.csv NeighborSum 64
0.0 0.16322995874885704 -2.53619 0.334850427 0.6043597039999999 -99.59706141995257 ../testing_datasets/H3_epi.csv NeighborSum 64
0.0 0.18708802552675072 -0.12594 0.494418865 0.571118742 -108.62253334173613 ../testing_datasets/H3_epi.csv NeighborSum 64
0.0 0.16929527614826156 -3.8332300000000004 1.23377934 0.43419291200000004 -114.49283022207084 ../testing_datasets/H3_epi.csv NeighborSum 64
0.0 0.1812329536985039 -2.3094 0.8621375929999999 0.577173467 -116.99961359628394 ../testing_datasets/H3_epi.csv NeighborSum 64
0.0 0.20339160309303475 0.0807 0.770149767 0.6382663679999999 -127.09422534007855 ../testing_datasets/H3_epi.csv NeighborSum 64
0.0 0.17940595537889167 -1.36635 0.858298918 0.5005725120000001 -132.98249022109397 ../testing_datasets/H3_epi.csv NeighborSum 64
0.0 0.16165666386574715 -4.04703 1.183739322 0.439313535 -136.56998707394672 ../testing_datasets/H3_epi.csv NeighborSum 64
0.0 0.1839153907660548 -2.53589 1.040113198 0.593647392 -139.4311460734797 ../testing_datasets/H3_epi.csv NeighborSum 64
0.0 0.1781467399388275 -2.32882 0.8189936999999999 0.622521708 -146.53290303483135 ../testing_datasets/H3_epi.csv NeighborSum 64
0.0 0.17179110330631261 -2.3620799999999997 1.058076775 0.482879744 -159.9669492265597 ../testing_datasets/H3_epi.csv NeighborSum 64
0.0 0.15889338725322397 -4.3730400000000005 1.126303504 0.514298648 -161.3625591038815 ../testing_datasets/H3_epi.csv NeighborSum 64
0.0 0.19413996473490755 -1.28578 1.033761289 0.637086279 -167.2834424979776 ../testing_datasets/H3_epi.csv NeighborSum 64
0.0 0.1752658769949256 -1.76027 0.857445172 0.581951777 -177.71022168978027 ../testing_datasets/H3_epi.csv NeighborSum 64
0.0 0.16789788580282977 -4.75711 1.6740213959999999 0.46066588399999997 -187.84954823797932 ../testing_datasets/H3_epi.csv NeighborSum 64
0.0 0.1546359306824321 -4.41633 0.9735018520000001 0.5917318429999999 -188.25654837431776 ../testing_datasets/H3_epi.csv NeighborSum 64
0.0 0.17259352358116084 -2.95255 1.022611663 0.6331921939999999 -196.34778487703846 ../testing_datasets/H3_epi.csv NeighborSum 64
0.0 0.14515574978521179 -4.01106 1.0664444290000001 0.45608784399999996 -209.79386907350866 ../testing_datasets/H3_epi.csv NeighborSum 64
0.0 0.1553102386367335 -3.00875 1.044997612 0.490030666 -217.49972103428053 ../testing_datasets/H3_epi.csv NeighborSum 64
0.0 0.17141875269843423 -1.36355 0.79112984 0.614803357 -220.30490346315727 ../testing_datasets/H3_epi.csv NeighborSum 64
0.0 0.13473359138782431 -4.80221 0.8603976329999999 0.544333849 -226.65101066194907 ../testing_datasets/H3_epi.csv NeighborSum 64
0.0 0.14962323071151562 -3.3186199999999997 1.256955553 0.41235610899999997 -239.693606964841 ../testing_datasets/H3_epi.csv NeighborSum 64
0.0 0.1395472650005969 -3.5095 0.706950877 0.566876072 -242.23858859440244 ../testing_datasets/H3_epi.csv NeighborSum 64
0.0 0.1798951388832416 -0.0153 0.7970421679999999 0.635124982 -253.18434587424062 ../testing_datasets/H3_epi.csv NeighborSum 64
0.0 0.17703519101039128 0.55593 0.973929637 0.491812211 -261.976152451978 ../testing_datasets/H3_epi.csv NeighborSum 64
0.0 0.11866939062655843 -3.80654 0.6942547309999999 0.425811019 -264.11919468114866 ../testing_datasets/H3_epi.csv NeighborSum 64
0.0 0.16286487062869465 -1.54641 0.8917984790000001 0.586719497 -265.145947459454 ../testing_datasets/H3_epi.csv NeighborSum 64
0.0 0.14221235968052975 -5.086130000000001 1.261879668 0.551305233 -265.1707291895861 ../testing_datasets/H3_epi.csv NeighborSum 64
0.0 0.11560961874524409 -4.6477699999999995 0.8205623940000001 0.449131647 -279.1212684480499 ../testing_datasets/H3_epi.csv NeighborSum 64
0.0 0.1565474961470781 -1.68062 1.040108166 0.49881140700000004 -279.98177473389296 ../testing_datasets/H3_epi.csv NeighborSum 64
0.0 0.14286113247085605 -2.78645 0.869979244 0.521583404 -272.94765599679766 ../testing_datasets/H3_epi.csv NeighborSum 64
0.0 0.13580902952266677 -3.22231 1.179757521 0.37879340100000003 -284.2999038068688 ../testing_datasets/H3_epi.csv NeighborSum 64
0.0 0.10872836347554905 -4.343319999999999 0.601591722 0.464461998 -290.4973150236548 ../testing_datasets/H3_epi.csv NeighborSum 64
0.0 0.14692292495204445 -3.20198 1.083122381 0.5360474470000001 -285.37899269203723 ../testing_datasets/H3_epi.csv NeighborSum 64
0.0 0.095138121007893 -6.21378 1.006637211 0.307794794 -280.0836108048983 ../testing_datasets/H3_epi.csv NeighborSum 64
0.0 0.11156760167657848 -2.7833900000000003 0.432581259 0.422469544 -293.0756674145701 ../testing_datasets/H3_epi.csv NeighborSum 64
0.0 0.13233151673823748 -2.68834 0.6119896810000001 0.553563832 -293.70452864429524 ../testing_datasets/H3_epi.csv NeighborSum 64
0.0 0.1477101063733373 -2.1739 1.058319156 0.45590487799999996 -285.0030561649751 ../testing_datasets/H3_epi.csv NeighborSum 64
0.0 0.12033425966861719 -2.87977 0.667925035 0.40714502799999996 -285.48180465304233 ../testing_datasets/H3_epi.csv NeighborSum 64
0.0 0.09993410267270719 -4.21333 0.345201153 0.47076554600000003 -290.55697203157393 ../testing_datasets/H3_epi.csv NeighborSum 64
0.0 0.13459939260150486 -3.98978 1.059536526 0.49141218299999995 -284.41872281716206 ../testing_datasets/H3_epi.csv NeighborSum 64
0.0 0.12586000279924187 -2.81077 0.794924622 0.385400415 -276.11615806740224 ../testing_datasets/H3_epi.csv NeighborSum 64
0.0 0.10426448203227841 -5.25553 0.70427318 0.437332735 -278.1906765355029 ../testing_datasets/H3_epi.csv NeighborSum 64
0.0 0.12925179928590874 -3.3245199999999997 0.7509904279999999 0.49708766 -280.4822191130887 ../testing_datasets/H3_epi.csv NeighborSum 64
0.0 0.13112840445441 -2.71549 0.921750244 0.36169065200000006 -268.37998860067114 ../testing_datasets/H3_epi.csv NeighborSum 64
0.0 0.11088741546243905 -4.7866800000000005 0.731156107 0.41398308799999994 -259.61618147665416 ../testing_datasets/H3_epi.csv NeighborSum 64
0.0 0.10963068635781556 -5.0761 0.687332561 0.456874455 -264.5250915671496 ../testing_datasets/H3_epi.csv NeighborSum 64
0.0 0.12502168498281152 -5.39295 1.128182407 0.44288720000000004 -256.72481043561123 ../testing_datasets/H3_epi.csv NeighborSum 64
0.0 0.14160856598830548 -1.88965 0.6511415110000001 0.46636381 -246.8399201675807 ../testing_datasets/H3_epi.csv NeighborSum 64
0.0 0.14089276639706333 -3.8445 1.092719543 0.450734477 -244.04856471999048 ../testing_datasets/H3_epi.csv NeighborSum 64
0.0 0.09959595860257961 -7.825239999999999 1.0124646659999998 0.427269469 -239.5090800688567 ../testing_datasets/H3_epi.csv NeighborSum 64
0.0 0.13542177587082746 -3.8010300000000004 1.0158724959999998 0.39304744399999997 -228.72189518855197 ../testing_datasets/H3_epi.csv NeighborSum 64
0.0 0.14748864078931004 -2.0045900000000003 0.711453749 0.46393950700000003 -221.6488999086198 ../testing_datasets/H3_epi.csv NeighborSum 64
0.0 0.1515458730895864 -3.6809 1.115958164 0.485260775 -217.82183168700232 ../testing_datasets/H3_epi.csv NeighborSum 64
0.0 0.1670105525999957 -0.25187 0.8231434940000001 0.41446194700000005 -202.45630093309325 ../testing_datasets/H3_epi.csv NeighborSum 64
0.0 0.15935116419165635 -2.1976400000000003 1.4515260669999999 0.296096304 -225.83920639033124 ../testing_datasets/H3_epi.csv NeighborSum 64
0.0 0.16415564214262984 -2.86952 1.3122992070000001 0.48675974 -234.47341926995958 ../testing_datasets/H3_epi.csv NeighborSum 64
0.0 0.15952253228146326 -2.8608599999999997 0.912711905 0.56537855 -211.73371499467322 ../testing_datasets/H3_epi.csv NeighborSum 64
0.0 0.14969748311812875 -6.19442 1.516847775 0.560533917 -231.49641996351548 ../testing_datasets/H3_epi.csv NeighborSum 64
0.0 0.16131601846725044 -1.9631900000000002 0.97506998 0.460823665 -206.22624831799547 ../testing_datasets/H3_epi.csv NeighborSum 64
0.0 0.1372147565835153 -2.92345 0.620981734 0.47046865299999996 -214.78677704858052 ../testing_datasets/H3_epi.csv NeighborSum 64
0.0 0.16794423094500016 0.7518199999999999 0.657617848 0.419822546 -213.06164509793118 ../testing_datasets/H3_epi.csv NeighborSum 64
0.0 0.161775698313411 -1.6641599999999999 1.255474233 0.36153280600000004 -229.46869498664898 ../testing_datasets/H3_epi.csv NeighborSum 64
0.0 0.13690626238854198 -4.2178 1.196279444 0.388813265 -238.015856423903 ../testing_datasets/H3_epi.csv NeighborSum 64
0.0 0.16475261466897764 -0.67915 0.607995014 0.5820084879999999 -232.37325641778625 ../testing_datasets/H3_epi.csv NeighborSum 64
0.0 0.14941091793502953 -1.10036 0.550428197 0.513791627 -246.03692766392314 ../testing_datasets/H3_epi.csv NeighborSum 64
0.0 0.12387452420253593 -5.2012 1.184196075 0.392317454 -258.66159826998296 ../testing_datasets/H3_epi.csv NeighborSum 64
0.0 0.15772385938062178 -2.74257 1.096636703 0.534449489 -252.13177538276543 ../testing_datasets/H3_epi.csv NeighborSum 64
0.0 0.1464824727713399 -1.8952799999999999 0.40894099700000003 0.621989157 -247.03743350832858 ../testing_datasets/H3_epi.csv NeighborSum 64
0.0 0.12756161070963043 -3.32553 0.7294752990000001 0.462519736 -266.8617904282265 ../testing_datasets/H3_epi.csv NeighborSum 64
0.0 0.14662288250875471 -3.2298400000000003 1.268900122 0.431765031 -272.934072582277 ../testing_datasets/H3_epi.csv NeighborSum 64
0.0 0.144290148254901 -3.00248 0.702256702 0.594060732 -254.8064809126189 ../testing_datasets/H3_epi.csv NeighborSum 64
0.0 0.15830139208695435 -1.9705599999999999 0.87665334 0.578834163 -261.28928974739597 ../testing_datasets/H3_epi.csv NeighborSum 64
0.0 0.15418145101679995 -1.88963 1.150906151 0.44943011 -281.4485468197448 ../testing_datasets/H3_epi.csv NeighborSum 64
0.0 0.1350281280614256 -4.844530000000001 0.975306772 0.579266 -266.58340139976264 ../testing_datasets/H3_epi.csv NeighborSum 64
0.0 0.18346396435979342 1.0777299999999999 0.923744322 0.5207396320000001 -256.99258515373293 ../testing_datasets/H3_epi.csv NeighborSum 64
0.0 0.14298574493313362 -1.05014 0.83649241 0.365010035 -269.6841464107297 ../testing_datasets/H3_epi.csv NeighborSum 64
0.0 0.1425370049794528 -2.52051 1.09437991 0.407446563 -278.6458105435432 ../testing_datasets/H3_epi.csv NeighborSum 64
0.0 0.16618481850327999 -0.65501 0.708683209 0.612620955 -264.07275675751345 ../testing_datasets/H3_epi.csv NeighborSum 64
0.0 0.13329618891201972 -1.97508 0.593224647 0.392259914 -236.14528327555385 ../testing_datasets/H3_epi.csv NeighborSum 64
0.0 0.14617148423268556 -3.57439 0.857243788 0.5561670870000001 -231.22457157108337 ../testing_datasets/H3_epi.csv NeighborSum 64
0.0 0.142503390853825 -0.0055899999999999995 0.31878471 0.380062688 -216.6895380593263 ../testing_datasets/H3_epi.csv NeighborSum 64
0.0 0.1443880275812966 -2.62371 0.760981142 0.439272669 -205.961523321702 ../testing_datasets/H3_epi.csv NeighborSum 64
0.0 0.14281436706334977 -0.21843 0.207246088 0.414991602 -197.7789384044754 ../testing_datasets/H3_epi.csv NeighborSum 64
0.0 0.14418453572312745 -0.9630200000000001 0.7796054790000001 0.314603852 -228.81413699701008 ../testing_datasets/H3_epi.csv NeighborSum 64
0.0 0.14241592330265573 -0.73868 0.25258880100000003 0.493516488 -224.904879919462 ../testing_datasets/H3_epi.csv NeighborSum 64
0.0 0.10112408832476773 -5.45621 0.707217285 0.364622847 -248.19937769593164 ../testing_datasets/H3_epi.csv NeighborSum 64
0.0 0.12716455489893222 -3.1049599999999997 0.204689558 0.6013225179999999 -235.1222186887141 ../testing_datasets/H3_epi.csv NeighborSum 64
0.0 0.1364266828303646 -4.12046 1.04134297 0.487016267 -261.8012670444385 ../testing_datasets/H3_epi.csv NeighborSum 64
0.0 0.14666114596588872 -2.06128 0.5950591829999999 0.57918101 -257.0709929946389 ../testing_datasets/H3_epi.csv NeighborSum 64
0.0 0.1668718921140347 -0.31143000000000004 0.9317708579999999 0.502247853 -269.8230765898366 ../testing_datasets/H3_epi.csv NeighborSum 64
0.0 0.12200765015341719 -4.28469 0.872256556 0.432441566 -265.4859928685947 ../testing_datasets/H3_epi.csv NeighborSum 64
0.0 0.17674312403200798 -1.25944 1.212739305 0.584495518 -274.7942843057539 ../testing_datasets/H3_epi.csv NeighborSum 64
0.0 0.11591996108823943 -4.81659 0.42695745700000004 0.57182225 -245.12776135187974 ../testing_datasets/H3_epi.csv NeighborSum 64
0.0 0.1350879299502448 -0.53857 0.092517369 0.496861171 -240.41125773805587 ../testing_datasets/H3_epi.csv NeighborSum 64
0.0 0.13589968221016877 -0.1696 0.26160591899999996 0.38902169299999995 -236.05796215826962 ../testing_datasets/H3_epi.csv NeighborSum 64
0.0 0.15301750349818213 -1.14458 1.0051793470000001 0.391918259 -262.41860043866416 ../testing_datasets/H3_epi.csv NeighborSum 64
0.0 0.13558454064195474 -2.8054200000000002 0.6551623329999999 0.5209321029999999 -263.1093546608037 ../testing_datasets/H3_epi.csv NeighborSum 64
0.0 0.13697611940380597 -0.35188 0.205533792 0.468353003 -249.84086957134215 ../testing_datasets/H3_epi.csv NeighborSum 64
0.0 0.13956419722207036 -1.76164 0.7570787259999999 0.392518945 -249.5033883647044 ../testing_datasets/H3_epi.csv NeighborSum 64
0.0 0.1555112373530242 -1.8778599999999999 1.355263093 0.3525717 -270.16011268481327 ../testing_datasets/H3_epi.csv NeighborSum 64
0.0 0.16172027855363086 -0.61363 0.48403432799999996 0.641637324 -255.24886365019566 ../testing_datasets/H3_epi.csv NeighborSum 64
1.0 0.16032195983928565 -4.75777 0.70281483 0.69905717 -136.14961644323978 ../testing_datasets/H3_epi.csv NeighborSum 64
1.0 0.1671185087376043 -1.2940200000000002 0.211964021 0.6478339710000001 -135.28812276551997 ../testing_datasets/H3_epi.csv NeighborSum 64
0.0 0.162969421456724 -1.45537 0.612367541 0.483448964 -153.55205321481935 ../testing_datasets/H3_epi.csv NeighborSum 64
0.0 0.15953164875456427 -3.89779 1.196666614 0.428008725 -152.4130175492776 ../testing_datasets/H3_epi.csv NeighborSum 64
1.0 0.1676868692971359 -2.7384 0.715100347 0.579302426 -137.13306923297657 ../testing_datasets/H3_epi.csv NeighborSum 64
1.0 0.135961411890703 -3.62681 0.115711929 0.595265533 -139.0510173160887 ../testing_datasets/H3_epi.csv NeighborSum 64
0.0 0.1687386843559111 -1.29095 0.6905827440000001 0.501678063 -157.43986399968816 ../testing_datasets/H3_epi.csv NeighborSum 64
1.0 0.16627244067216196 -3.75295 1.196403002 0.47662662100000003 -148.38918892483622 ../testing_datasets/H3_epi.csv NeighborSum 64
1.0 0.17019992878408707 -2.5434400000000004 0.483154326 0.679766952 -133.69412677013895 ../testing_datasets/H3_epi.csv NeighborSum 64
1.0 0.17780067109809913 0.51657 0.13067727199999998 0.6279264170000001 -138.96458687730424 ../testing_datasets/H3_epi.csv NeighborSum 64
0.0 0.17836731979497067 -0.9336 0.943695555 0.45169699799999996 -153.6601507068043 ../testing_datasets/H3_epi.csv NeighborSum 64
1.0 0.18317888960939716 -1.79045 0.958617728 0.546161722 -137.58078125962686 ../testing_datasets/H3_epi.csv NeighborSum 64
1.0 0.16826812321513301 -1.3240399999999999 0.262675306 0.630650387 -129.99120142294584 ../testing_datasets/H3_epi.csv NeighborSum 64
0.0 0.17930408530364778 0.18962 0.539623645 0.5042671989999999 -141.58273250664018 ../testing_datasets/H3_epi.csv NeighborSum 64
0.0 0.18345707870074293 -2.26927 1.223431364 0.48197349100000003 -138.03078285481544 ../testing_datasets/H3_epi.csv NeighborSum 64
1.0 0.21896327233761925 1.6089200000000001 0.8156641729999999 0.630753393 -125.07475077553303 ../testing_datasets/H3_epi.csv NeighborSum 64
0.0 0.21460989111296053 -0.31093000000000004 0.760532859 0.78011504 -118.6015797543262 ../testing_datasets/H3_epi.csv NeighborSum 64
1.0 0.21824470243049182 0.0206 0.854286305 0.7309945940000001 -110.84503194621188 ../testing_datasets/H3_epi.csv NeighborSum 64
1.0 0.2359455180949277 0.38414 1.153800785 0.749115592 -109.46937813760921 ../testing_datasets/H3_epi.csv NeighborSum 64
1.0 0.20929972526066098 -0.37162 1.042818155 0.578004096 -102.32442844408862 ../testing_datasets/H3_epi.csv NeighborSum 64
0.0 0.21296647151693027 -1.01975 0.812858912 0.74782007 -87.30792869385265 ../testing_datasets/H3_epi.csv NeighborSum 64
0.0 0.18817972276411685 -3.4985699999999995 1.048833101 0.623264499 -86.12796002039657 ../testing_datasets/H3_epi.csv NeighborSum 64
0.0 0.24975961116249346 2.34185 1.118867783 0.657316866 -76.65985612154992 ../testing_datasets/H3_epi.csv NeighborSum 64
0.0 0.2415582637743257 1.81148 1.004286968 0.666177814 -73.70361168410737 ../testing_datasets/H3_epi.csv NeighborSum 64
0.0 0.21051289877858842 -0.8239299999999999 0.864627887 0.666824629 -79.79078674917321 ../testing_datasets/H3_epi.csv NeighborSum 64
0.0 0.20300947433756325 -2.21698 1.6828666230000002 0.363254491 -76.01815705142744 ../testing_datasets/H3_epi.csv NeighborSum 64
0.0 0.19881546770781247 -0.0665 0.973980498 0.403111979 -68.0541205434949 ../testing_datasets/H3_epi.csv NeighborSum 64
0.0 0.18814932096824677 -1.59397 1.019964963 0.43562194299999996 -76.97060186504005 ../testing_datasets/H3_epi.csv NeighborSum 64
0.0 0.20901301009725282 -0.5896 1.080741775 0.511120366 -66.90321363534221 ../testing_datasets/H3_epi.csv NeighborSum 64
0.0 0.20511299597592414 -1.4661799999999998 1.0264390540000001 0.5656706229999999 -60.707210434160174 ../testing_datasets/H3_epi.csv NeighborSum 64
0.0 0.20847724439287607 -0.25813 0.7831203390000001 0.570654191 -50.85348242257296 ../testing_datasets/H3_epi.csv NeighborSum 64
0.0 0.20864461582532196 -1.41549 0.87491363 0.640544341 -49.277575721383016 ../testing_datasets/H3_epi.csv NeighborSum 64
0.0 0.24768694019220208 1.21723 1.273974642 0.639236861 -57.30794538751713 ../testing_datasets/H3_epi.csv NeighborSum 64
0.0 0.19119163551570278 -2.39566 0.698662507 0.6397586 -55.183773137498044 ../testing_datasets/H3_epi.csv NeighborSum 64
0.0 0.2042895025267848 -0.9435100000000001 0.806137062 0.596440879 -57.95922215944455 ../testing_datasets/H3_epi.csv NeighborSum 64
0.0 0.18950678604111826 -2.80478 0.999791515 0.5412026520000001 -59.93350657964835 ../testing_datasets/H3_epi.csv NeighborSum 64
0.0 0.1926990591283195 0.05205 0.7230108690000001 0.42952213200000006 -64.74180720646179 ../testing_datasets/H3_epi.csv NeighborSum 64
0.0 0.18388015221800041 -2.4725599999999996 0.9134051999999999 0.493951519 -63.00603349130626 ../testing_datasets/H3_epi.csv NeighborSum 64
0.0 0.18956537299043752 -4.09892 1.177075753 0.602264421 -66.60709466166696 ../testing_datasets/H3_epi.csv NeighborSum 64
0.0 0.14922078006650638 -5.40796 0.866090372 0.44734586600000004 -69.77949821620594 ../testing_datasets/H3_epi.csv NeighborSum 64
0.0 0.14696687349542417 -5.7612 1.040738514 0.382127 -69.502046245872 ../testing_datasets/H3_epi.csv NeighborSum 64
0.0 0.1786881473510042 -3.20132 0.883922457 0.544771566 -74.66085945069753 ../testing_datasets/H3_epi.csv NeighborSum 64
0.0 0.17309473559854027 -3.8035400000000004 1.192942461 0.423177569 -80.7329992708736 ../testing_datasets/H3_epi.csv NeighborSum 64
0.0 0.14022107296883676 -4.44307 0.598159525 0.403076121 -83.50149025079692 ../testing_datasets/H3_epi.csv NeighborSum 64
0.0 0.1717964451860266 -4.42333 1.063868523 0.531204229 -84.28928136109266 ../testing_datasets/H3_epi.csv NeighborSum 64
0.0 0.19538252932366282 -1.5268700000000002 1.0201036940000001 0.5306678029999999 -90.566248481136 ../testing_datasets/H3_epi.csv NeighborSum 64
0.0 0.1535266532786358 -2.32609 0.43627146899999997 0.437249809 -98.28399174437261 ../testing_datasets/H3_epi.csv NeighborSum 64
0.0 0.17122548030152096 -1.1089200000000001 0.535295504 0.46735749 -100.78841136473909 ../testing_datasets/H3_epi.csv NeighborSum 64
0.0 0.2055437624185243 -1.28695 1.043296385 0.624816382 -101.60523014171336 ../testing_datasets/H3_epi.csv NeighborSum 64
0.0 0.15477243827234857 -3.8285699999999996 0.716735645 0.489040682 -106.39303274761247 ../testing_datasets/H3_epi.csv NeighborSum 64
0.0 0.12188533739496318 -5.14881 0.332333688 0.44910567100000004 -112.05375347337826 ../testing_datasets/H3_epi.csv NeighborSum 64
0.0 0.1823201585330716 -1.62541 0.984743405 0.469638647 -116.57201590374555 ../testing_datasets/H3_epi.csv NeighborSum 64
0.0 0.1915685035150687 -1.3047799999999998 0.8276413579999999 0.603729944 -117.12296868576507 ../testing_datasets/H3_epi.csv NeighborSum 64
0.0 0.16193435763272515 -2.9336900000000004 0.7526299479999999 0.5002632379999999 -125.88008897805767 ../testing_datasets/H3_epi.csv NeighborSum 64
0.0 0.15713802024767207 -2.75751 0.7607216170000001 0.43932583399999997 -130.67740196160105 ../testing_datasets/H3_epi.csv NeighborSum 64
0.0 0.19348752100872688 -1.34156 0.993678795 0.579146798 -129.1475378318573 ../testing_datasets/H3_epi.csv NeighborSum 64
0.0 0.18013174477517854 -2.12549 0.800457834 0.6065467489999999 -133.51750048833068 ../testing_datasets/H3_epi.csv NeighborSum 64
0.0 0.14880361743516302 -3.61401 0.704684042 0.481717532 -142.66865122667252 ../testing_datasets/H3_epi.csv NeighborSum 64
0.0 0.17371711669323783 -2.19707 1.140684827 0.42113054200000005 -144.1619598574282 ../testing_datasets/H3_epi.csv NeighborSum 64
0.0 0.1982077354750579 0.8555200000000001 0.70700435 0.571915455 -144.95344261176714 ../testing_datasets/H3_epi.csv NeighborSum 64
0.0 0.1896417928096255 -1.46995 1.090830856 0.5516969429999999 -150.8839015795313 ../testing_datasets/H3_epi.csv NeighborSum 64
0.0 0.14350855762476492 -4.861619999999999 1.013050303 0.439234554 -156.00900584450562 ../testing_datasets/H3_epi.csv NeighborSum 64
0.0 0.1521303171872583 -4.153519999999999 0.997334168 0.46081088200000003 -152.28922741017675 ../testing_datasets/H3_epi.csv NeighborSum 64
0.0 0.17462895661559907 -1.95822 0.7009037090000001 0.6146252170000001 -153.4714730506013 ../testing_datasets/H3_epi.csv NeighborSum 64
0.0 0.19048308873501982 -0.48431 1.057297943 0.509948747 -166.0462747832544 ../testing_datasets/H3_epi.csv NeighborSum 64
0.0 0.17371170335388358 -0.54065 0.801095412 0.454936861 -168.1457587484277 ../testing_datasets/H3_epi.csv NeighborSum 64
0.0 0.18999688195135628 -2.17009 1.4141199830000002 0.499189536 -159.01271700880437 ../testing_datasets/H3_epi.csv NeighborSum 64
0.0 0.2083655147195132 -0.71104 1.320760203 0.6021910070000001 -164.84526878324192 ../testing_datasets/H3_epi.csv NeighborSum 64
0.0 0.15931060389058105 -3.9596199999999997 1.0783360370000001 0.518546851 -171.1024499788024 ../testing_datasets/H3_epi.csv NeighborSum 64
0.0 0.19558124078003866 -1.45186 1.5271394930000002 0.457961345 -168.25146045892262 ../testing_datasets/H3_epi.csv NeighborSum 64
0.0 0.17349156580496872 -2.32088 0.995512046 0.525460049 -160.98244784888786 ../testing_datasets/H3_epi.csv NeighborSum 64
0.0 0.12471774215516315 -7.530530000000001 0.809259689 0.603318369 -164.79482376808903 ../testing_datasets/H3_epi.csv NeighborSum 64
0.0 0.15613326962884513 -2.7305200000000003 0.661070452 0.549756481 -172.4233143505418 ../testing_datasets/H3_epi.csv NeighborSum 64
0.0 0.17242841760670125 -4.30751 1.286137987 0.580807725 -161.67520102262029 ../testing_datasets/H3_epi.csv NeighborSum 64
0.0 0.19763186146806094 -1.7258099999999998 1.206935439 0.634181451 -163.70130930125057 ../testing_datasets/H3_epi.csv NeighborSum 64
0.0 0.17583222047120994 -1.18195 0.629992918 0.619746482 -172.27879755165293 ../testing_datasets/H3_epi.csv NeighborSum 64
0.0 0.15986242585857416 -2.64982 0.537023876 0.62398496 -167.18672148403928 ../testing_datasets/H3_epi.csv NeighborSum 64
0.0 0.1837409224168683 -3.12395 1.163806547 0.628880946 -157.0056509779948 ../testing_datasets/H3_epi.csv NeighborSum 64
0.0 0.1736246426948994 -3.5175300000000003 1.138946126 0.579603666 -160.97465044729682 ../testing_datasets/H3_epi.csv NeighborSum 64
0.0 0.14404875892302746 -3.43685 0.433889401 0.5758332429999999 -165.55649697146762 ../testing_datasets/H3_epi.csv NeighborSum 64
0.0 0.17744904769654157 -1.85087 0.7531584729999999 0.620360106 -158.17870583894984 ../testing_datasets/H3_epi.csv NeighborSum 64
0.0 0.18086189846912232 -3.3003400000000003 1.307695958 0.5417961920000001 -150.68964632554474 ../testing_datasets/H3_epi.csv NeighborSum 64
0.0 0.16489395504501908 -1.8385200000000002 0.821615474 0.460142172 -158.67893593149606 ../testing_datasets/H3_epi.csv NeighborSum 64
0.0 0.16816758365966678 -2.82625 0.867244679 0.563614512 -155.89055840035687 ../testing_datasets/H3_epi.csv NeighborSum 64
0.0 0.19176750437185247 -0.9902200000000001 1.13120506 0.5018061429999999 -146.32059391255225 ../testing_datasets/H3_epi.csv NeighborSum 64
0.0 0.14432408683897346 -6.0986400000000005 0.951889434 0.5603430079999999 -139.5204672458744 ../testing_datasets/H3_epi.csv NeighborSum 64
0.0 0.22753516042610003 5.26967 0.8255073890000001 0.41371816299999997 -149.8545828382529 ../testing_datasets/H3_epi.csv NeighborSum 64
0.0 0.1948226130439978 3.39804 0.793110125 0.25123988199999997 -142.11131614173416 ../testing_datasets/H3_epi.csv NeighborSum 64
0.0 0.17485412190633176 -3.83505 1.031493409 0.607399108 -129.15884782702543 ../testing_datasets/H3_epi.csv NeighborSum 64
0.0 0.17287396281615003 -2.42327 0.864759332 0.541983715 -138.73915445415793 ../testing_datasets/H3_epi.csv NeighborSum 64
0.0 0.12176335114134287 -4.7131300000000005 0.61270284 0.33415347 -137.07347707877028 ../testing_datasets/H3_epi.csv NeighborSum 64
0.0 0.14571155940481353 -4.36946 0.884873647 0.462233314 -151.90940268672443 ../testing_datasets/H3_epi.csv NeighborSum 64
0.0 0.1545794476995064 -0.29921 0.640065215 0.254434063 -143.54115757060916 ../testing_datasets/H3_epi.csv NeighborSum 64
0.0 0.1516727308753734 -1.95715 0.851685847 0.316120234 -156.13844046151246 ../testing_datasets/H3_epi.csv NeighborSum 64
0.0 0.12674272569331882 -2.09951 0.34808929299999997 0.261316096 -143.03724768772278 ../testing_datasets/H3_epi.csv NeighborSum 64
0.0 0.1526224824930799 -2.1375599999999997 0.862810622 0.335489908 -154.59868398235312 ../testing_datasets/H3_epi.csv NeighborSum 64
0.0 0.17391277671640892 -0.64753 0.592361004 0.5023241979999999 -139.91618238101304 ../testing_datasets/H3_epi.csv NeighborSum 64
0.0 0.13560150579923597 -5.0457 0.8720874359999999 0.403206386 -139.50316901509663 ../testing_datasets/H3_epi.csv NeighborSum 64
0.0 0.14861887813492405 -2.3073599999999996 0.212941744 0.541336978 -129.8669091865052 ../testing_datasets/H3_epi.csv NeighborSum 64
0.0 0.18275444491062715 -3.20706 1.0463594459999999 0.614300241 -124.56233836247932 ../testing_datasets/H3_epi.csv NeighborSum 64
0.0 0.1519791412450706 -4.24697 0.561512033 0.590431103 -118.7125456082319 ../testing_datasets/H3_epi.csv NeighborSum 64
0.0 0.17537628344238257 -4.26129 0.924414753 0.661403561 -109.4195992315081 ../testing_datasets/H3_epi.csv NeighborSum 64
0.0 0.19412954985233588 -1.3301399999999999 0.8471421929999999 0.583158969 -95.7701448672411 ../testing_datasets/H3_epi.csv NeighborSum 64
0.0 0.22780841087776854 -0.00773 1.19843548 0.69259174 -114.56121306416803 ../testing_datasets/H3_epi.csv NeighborSum 64
0.0 0.1511431082239619 -4.685919999999999 0.445627454 0.616167129 -89.07102841801363 ../testing_datasets/H3_epi.csv NeighborSum 64
0.0 0.15483397987585032 -2.16794 0.155453728 0.548487042 -94.23012542261608 ../testing_datasets/H3_epi.csv NeighborSum 64
0.0 0.17761214199008576 0.10503 0.29890498 0.508037714 -94.9679378992675 ../testing_datasets/H3_epi.csv NeighborSum 64
0.0 0.1809049180954134 -1.88707 0.885523229 0.50698248 -108.52660527692882 ../testing_datasets/H3_epi.csv NeighborSum 64
0.0 0.1728361330190023 -2.67076 0.6936568209999999 0.591047054 -114.0710911389469 ../testing_datasets/H3_epi.csv NeighborSum 64
0.0 0.18227795270948546 -0.33149 0.530187444 0.53873164 -115.53904004062578 ../testing_datasets/H3_epi.csv NeighborSum 64
0.0 0.16423374694534387 -3.02644 0.883519866 0.45251496700000005 -113.29116366077035 ../testing_datasets/H3_epi.csv NeighborSum 64
0.0 0.15747297117614922 -4.0757 1.387089416 0.29541363800000003 -128.39517676826003 ../testing_datasets/H3_epi.csv NeighborSum 64
1.0 0.19305082727299788 -1.53205 0.778761919 0.681401239 -127.23508859468245 ../testing_datasets/H3_epi.csv NeighborSum 64
1.0 0.1660833693970976 -4.91755 0.859310583 0.702726693 -133.90634501455605 ../testing_datasets/H3_epi.csv NeighborSum 64
1.0 0.17069010589687167 -1.27514 0.29777400800000003 0.643291799 -133.71252443267315 ../testing_datasets/H3_epi.csv NeighborSum 64
0.0 0.16545249808569212 -1.29311 0.63965973 0.479991183 -152.48517071935686 ../testing_datasets/H3_epi.csv NeighborSum 64
0.0 0.1594331856282358 -3.85198 1.182778761 0.42544497200000003 -150.7959442990445 ../testing_datasets/H3_epi.csv NeighborSum 64
1.0 0.17106212374610041 -2.85527 0.8045728990000001 0.583190318 -135.07694231378807 ../testing_datasets/H3_epi.csv NeighborSum 64
1.0 0.14147224528162536 -3.44489 0.209785592 0.591967233 -137.57940900856494 ../testing_datasets/H3_epi.csv NeighborSum 64
0.0 0.16843918884581677 -1.2597200000000002 0.7107326540000001 0.48401853 -155.9357219938374 ../testing_datasets/H3_epi.csv NeighborSum 64
1.0 0.1682633092852149 -3.69254 1.229652285 0.47484611299999996 -147.12650943531108 ../testing_datasets/H3_epi.csv NeighborSum 64
1.0 0.17457067569912632 -2.40279 0.546764592 0.6813506779999999 -132.0758525484212 ../testing_datasets/H3_epi.csv NeighborSum 64
1.0 0.17863980602862217 0.43991 0.148827361 0.631045646 -136.303249840623 ../testing_datasets/H3_epi.csv NeighborSum 64
0.0 0.17747286516853328 -1.08336 0.9882842629999999 0.434100289 -151.87074056015888 ../testing_datasets/H3_epi.csv NeighborSum 64
1.0 0.1849235905839739 -1.6756 0.97372298 0.544192875 -136.2064352507516 ../testing_datasets/H3_epi.csv NeighborSum 64
1.0 0.1658179182792261 -1.69697 0.267811892 0.6328298960000001 -127.00662978965754 ../testing_datasets/H3_epi.csv NeighborSum 64
0.0 0.16736663344933012 -0.40057 0.525778473 0.43677371200000004 -138.65302854522523 ../testing_datasets/H3_epi.csv NeighborSum 64
0.0 0.1879853423237977 -1.98033 1.253416225 0.487119349 -137.26988293158323 ../testing_datasets/H3_epi.csv NeighborSum 64
1.0 0.21862513341013473 1.59349 0.812587298 0.6273222629999999 -123.67265543008028 ../testing_datasets/H3_epi.csv NeighborSum 64
0.0 0.21570089902231782 -0.21564 0.750926705 0.78332428 -116.96725855772227 ../testing_datasets/H3_epi.csv NeighborSum 64
1.0 0.22073396572005172 -0.03585 0.896655797 0.739252699 -108.34125670327832 ../testing_datasets/H3_epi.csv NeighborSum 64
1.0 0.2320538914956063 0.38713000000000003 1.164038449 0.7034061159999999 -109.18800576369955 ../testing_datasets/H3_epi.csv NeighborSum 64
1.0 0.20466472276523046 -0.38731 1.014292453 0.540255779 -100.62706520357312 ../testing_datasets/H3_epi.csv NeighborSum 64
0.0 0.208489691180879 -1.57996 0.823902963 0.748905845 -86.71739528529953 ../testing_datasets/H3_epi.csv NeighborSum 64
0.0 0.17487376254344228 -4.22743 1.050005639 0.5532380020000001 -85.73344789132558 ../testing_datasets/H3_epi.csv NeighborSum 64
0.0 0.2514660147728623 2.68302 1.118057678 0.644745921 -77.66177023002335 ../testing_datasets/H3_epi.csv NeighborSum 64
0.0 0.20631103593141545 2.00924 1.024392338 0.273106697 -74.28974246801448 ../testing_datasets/H3_epi.csv NeighborSum 64
0.0 0.2032516001375254 -0.8249700000000001 0.811640813 0.612915315 -79.15737891018753 ../testing_datasets/H3_epi.csv NeighborSum 64
0.0 0.223498615811193 -2.29809 1.672334066 0.588790597 -76.07867737126165 ../testing_datasets/H3_epi.csv NeighborSum 64
0.0 0.21433556150315206 -0.11523 0.990691291 0.562892802 -68.49236852036962 ../testing_datasets/H3_epi.csv NeighborSum 64
0.0 0.18843865363761042 -1.85847 1.0209793870000001 0.463587352 -77.02872924875358 ../testing_datasets/H3_epi.csv NeighborSum 64
0.0 0.2082229009403657 -0.5931 1.0557956370000001 0.514859204 -67.37493388774304 ../testing_datasets/H3_epi.csv NeighborSum 64
0.0 0.20719255485115154 -1.40486 1.066198821 0.565636186 -61.36236259206195 ../testing_datasets/H3_epi.csv NeighborSum 64
0.0 0.2083637848906731 -0.24761999999999998 0.778543834 0.5718149929999999 -51.5677970537181 ../testing_datasets/H3_epi.csv NeighborSum 64
0.0 0.20744107533667197 -1.41029 0.8479862979999999 0.640120458 -49.8108022767127 ../testing_datasets/H3_epi.csv NeighborSum 64
0.0 0.24692881450257315 1.12562 1.275809547 0.640861635 -58.106925465117975 ../testing_datasets/H3_epi.csv NeighborSum 64
0.0 0.19149052106170034 -2.33122 0.741038623 0.6194509739999999 -55.66943806960373 ../testing_datasets/H3_epi.csv NeighborSum 64
0.0 0.2022328465156839 -0.92338 0.764726784 0.591459914 -58.24689402938398 ../testing_datasets/H3_epi.csv NeighborSum 64
0.0 0.1859712348584449 -2.8022 0.9437829759999999 0.528581312 -60.11682995155232 ../testing_datasets/H3_epi.csv NeighborSum 64
0.0 0.18194954845593625 -0.01974 0.714746749 0.32805728100000003 -64.71613244264302 ../testing_datasets/H3_epi.csv NeighborSum 64
0.0 0.18353159551754275 -2.48348 0.930253372 0.484794605 -63.34766390798063 ../testing_datasets/H3_epi.csv NeighborSum 64
0.0 0.1932842268491932 -4.05156 1.256053567 0.603275949 -67.00305661977171 ../testing_datasets/H3_epi.csv NeighborSum 64
0.0 0.14565718634217523 -5.37611 0.835810015 0.42034660700000004 -69.8381770709621 ../testing_datasets/H3_epi.csv NeighborSum 64
0.0 0.15068196189189553 -5.67761 1.083273344 0.3953137 -69.91246746723735 ../testing_datasets/H3_epi.csv NeighborSum 64
0.0 0.18013323491971833 -3.1579900000000003 0.886397964 0.554881606 -74.80638734575236 ../testing_datasets/H3_epi.csv NeighborSum 64
0.0 0.16715297938217094 -4.5826 1.218344686 0.42424344399999997 -80.38544956228358 ../testing_datasets/H3_epi.csv NeighborSum 64
0.0 0.14188376189600221 -4.29972 0.617600794 0.398735687 -83.71441874933669 ../testing_datasets/H3_epi.csv NeighborSum 64
0.0 0.1767634522300403 -4.19526 1.0464075000000002 0.569476161 -84.75518100546391 ../testing_datasets/H3_epi.csv NeighborSum 64
0.0 0.19421541144408094 -1.7094799999999999 1.026717248 0.53272905 -90.35410854338699 ../testing_datasets/H3_epi.csv NeighborSum 64
0.0 0.15187917333862813 -2.48409 0.518199171 0.40001798 -98.27714019542881 ../testing_datasets/H3_epi.csv NeighborSum 64
0.0 0.158714188741234 -2.68823 0.539287956 0.483434805 -99.23921766604066 ../testing_datasets/H3_epi.csv NeighborSum 64
0.0 0.2061049043066801 -1.20313 1.023206693 0.632002374 -101.98438016463822 ../testing_datasets/H3_epi.csv NeighborSum 64
0.0 0.1492088777458844 -4.346509999999999 0.728241107 0.476373758 -106.72922155939523 ../testing_datasets/H3_epi.csv NeighborSum 64
0.0 0.12179371815870033 -4.60651 0.328855717 0.39691166899999997 -111.58509926254317 ../testing_datasets/H3_epi.csv NeighborSum 64
0.0 0.18941791676946856 -1.7083 0.974385705 0.554862987 -116.06389216924073 ../testing_datasets/H3_epi.csv NeighborSum 64
0.0 0.19120664589914288 -1.49109 0.8434824320000001 0.611772961 -117.53883367651845 ../testing_datasets/H3_epi.csv NeighborSum 64
0.0 0.1599112980655643 -3.0420700000000003 0.746764275 0.49320710799999995 -126.45577888719994 ../testing_datasets/H3_epi.csv NeighborSum 64
0.0 0.15866844110117403 -2.69687 0.741876229 0.45682828 -130.3073361109323 ../testing_datasets/H3_epi.csv NeighborSum 64
0.0 0.19134711206295651 -1.18715 0.8737419359999999 0.593139238 -128.89599166944967 ../testing_datasets/H3_epi.csv NeighborSum 64
0.0 0.1766087763211598 -2.17792 0.715975754 0.61215617 -134.01939896175904 ../testing_datasets/H3_epi.csv NeighborSum 64
0.0 0.14284229974585272 -3.7977199999999995 0.676692141 0.449198465 -142.62611707579188 ../testing_datasets/H3_epi.csv NeighborSum 64
0.0 0.17986791957307094 -2.1581 1.149109632 0.47678144899999997 -143.6483325765195 ../testing_datasets/H3_epi.csv NeighborSum 64
0.0 0.19711955320565372 0.9376 0.6639633770000001 0.57104252 -144.85488693362782 ../testing_datasets/H3_epi.csv NeighborSum 64
0.0 0.18867616934077297 -1.41486 1.038341646 0.559444308 -151.1520794868732 ../testing_datasets/H3_epi.csv NeighborSum 64
0.0 0.14380249011208573 -4.72697 1.00931652 0.431092985 -156.0432454978025 ../testing_datasets/H3_epi.csv NeighborSum 64
0.0 0.1615071524306073 -3.45534 1.009611947 0.48679440799999996 -152.51529551733188 ../testing_datasets/H3_epi.csv NeighborSum 64
0.0 0.17207916970891737 -2.04081 0.652709931 0.616720799 -153.48820409779736 ../testing_datasets/H3_epi.csv NeighborSum 64
0.0 0.1902261001836778 -0.57995 1.057207112 0.516754622 -166.2013949496989 ../testing_datasets/H3_epi.csv NeighborSum 64
0.0 0.17570787133425383 -0.6097100000000001 0.796349185 0.48347495 -167.69765029034107 ../testing_datasets/H3_epi.csv NeighborSum 64
0.0 0.190386313163521 -2.2187099999999997 1.425720087 0.502018272 -158.5532156729275 ../testing_datasets/H3_epi.csv NeighborSum 64
0.0 0.20919908888541708 -0.68489 1.324051971 0.607116558 -164.93156937568665 ../testing_datasets/H3_epi.csv NeighborSum 64
0.0 0.15197053366840996 -4.02353 0.931263958 0.51091208 -170.82317559862582 ../testing_datasets/H3_epi.csv NeighborSum 64
0.0 0.1970937942657258 -1.3895600000000001 1.5338730409999999 0.463566869 -167.58717828034384 ../testing_datasets/H3_epi.csv NeighborSum 64
0.0 0.17494336223714618 -2.19767 1.003082454 0.524189417 -160.28532566924025 ../testing_datasets/H3_epi.csv NeighborSum 64
0.0 0.11465839194533062 -8.06823 0.678620048 0.604079564 -163.71824309429286 ../testing_datasets/H3_epi.csv NeighborSum 64
0.0 0.1619288961284372 -2.65016 0.75855219 0.559590165 -171.94863503838883 ../testing_datasets/H3_epi.csv NeighborSum 64
0.0 0.17535279246997854 -4.22106 1.338682007 0.57830857 -160.59070038488977 ../testing_datasets/H3_epi.csv NeighborSum 64
0.0 0.19726998619919067 -1.6193600000000001 1.177513617 0.63108996 -162.77638825283458 ../testing_datasets/H3_epi.csv NeighborSum 64
0.0 0.17442992762491855 -1.26789 0.609733531 0.620732659 -171.58584127344014 ../testing_datasets/H3_epi.csv NeighborSum 64
0.0 0.16132744900445814 -2.69164 0.57155383 0.626154719 -166.02760760811796 ../testing_datasets/H3_epi.csv NeighborSum 64
0.0 0.18430827814833609 -3.23685 1.200862802 0.626778819 -155.5142757984803 ../testing_datasets/H3_epi.csv NeighborSum 64
0.0 0.16995901690679363 -3.79799 1.102180344 0.582491601 -160.16167788940714 ../testing_datasets/H3_epi.csv NeighborSum 64
0.0 0.13445561293811137 -3.5886099999999996 0.423707349 0.493538359 -164.84466840959942 ../testing_datasets/H3_epi.csv NeighborSum 64
0.0 0.17493364220187832 -1.7895599999999998 0.7980664409999999 0.566932433 -157.08321982493996 ../testing_datasets/H3_epi.csv NeighborSum 64
0.0 0.17729681346280943 -3.24208 1.225768266 0.532304167 -149.64553333409455 ../testing_datasets/H3_epi.csv NeighborSum 64
0.0 0.1666646857533134 -1.48119 0.760830503 0.47057466700000006 -158.71051934121311 ../testing_datasets/H3_epi.csv NeighborSum 64
0.0 0.1571985555243079 -2.1564400000000004 0.8695110229999999 0.384658061 -155.9632752548558 ../testing_datasets/H3_epi.csv NeighborSum 64
0.0 0.19838631512858637 -1.13286 1.161003485 0.5701065129999999 -145.60104378428395 ../testing_datasets/H3_epi.csv NeighborSum 64
0.0 0.14240263059523123 -6.61769 1.014349233 0.560870036 -138.34564220718812 ../testing_datasets/H3_epi.csv NeighborSum 64
0.0 0.24376363717316069 4.8735800000000005 0.973275298 0.5553398629999999 -149.02552384186382 ../testing_datasets/H3_epi.csv NeighborSum 64
0.0 0.23027293598672546 3.60952 0.825378865 0.589182174 -143.78156147891164 ../testing_datasets/H3_epi.csv NeighborSum 64
0.0 0.1709490023145197 -4.30213 1.012759628 0.618099716 -128.45534286489925 ../testing_datasets/H3_epi.csv NeighborSum 64
0.0 0.17548206296236682 -2.1326400000000003 0.84322232 0.551274732 -139.09485610532036 ../testing_datasets/H3_epi.csv NeighborSum 64
0.0 0.13758639872778713 -3.6939699999999998 0.779412834 0.331578695 -138.01080634547 ../testing_datasets/H3_epi.csv NeighborSum 64
0.0 0.14742261769154133 -4.22694 0.930594875 0.44629499899999997 -151.6589214130593 ../testing_datasets/H3_epi.csv NeighborSum 64
0.0 0.1492442549869931 0.17248 0.379967836 0.263618748 -142.54637585424337 ../testing_datasets/H3_epi.csv NeighborSum 64
0.0 0.14302134286301058 -2.5862 0.814016394 0.29968727300000003 -154.72596166416255 ../testing_datasets/H3_epi.csv NeighborSum 64
0.0 0.1249689736874865 -2.2570099999999997 0.316414832 0.270686036 -142.60670474848737 ../testing_datasets/H3_epi.csv NeighborSum 64
0.0 0.15474581244472163 -2.00232 0.9334386459999999 0.314576607 -154.7289108540206 ../testing_datasets/H3_epi.csv NeighborSum 64
0.0 0.1704705829904766 0.33482 0.309571582 0.494544545 -140.16533223991829 ../testing_datasets/H3_epi.csv NeighborSum 64
0.0 0.1407166677856408 -4.48065 0.879706311 0.39965766 -139.76908774876492 ../testing_datasets/H3_epi.csv NeighborSum 64
0.0 0.16194784107885188 -2.32292 0.53804943 0.542396994 -130.13537255562179 ../testing_datasets/H3_epi.csv NeighborSum 64
0.0 0.186603139124911 -2.62324 1.011120086 0.613470917 -124.45792345804074 ../testing_datasets/H3_epi.csv NeighborSum 64
0.0 0.15084596325296268 -4.3788800000000005 0.543627628 0.59858662 -118.5350967454533 ../testing_datasets/H3_epi.csv NeighborSum 64
0.0 0.1754316956907369 -4.3021 0.9234685020000001 0.665551103 -109.03897702699645 ../testing_datasets/H3_epi.csv NeighborSum 64
0.0 0.1875996738217816 -2.28167 0.8827119109999999 0.588455546 -94.507428998885 ../testing_datasets/H3_epi.csv NeighborSum 64
0.0 0.22714244764704677 -0.03752 1.186875898 0.692138169 -113.86955774637579 ../testing_datasets/H3_epi.csv NeighborSum 64
0.0 0.159879000031933 -3.83055 0.442003714 0.627239158 -89.27164515630702 ../testing_datasets/H3_epi.csv NeighborSum 64
0.0 0.1500917529228153 -2.5259400000000003 0.120918225 0.543336694 -91.71382452848104 ../testing_datasets/H3_epi.csv NeighborSum 64
0.0 0.17571227358160285 0.16462000000000002 0.22126522899999998 0.515838272 -94.92673520923837 ../testing_datasets/H3_epi.csv NeighborSum 64
0.0 0.18711877770888705 -1.59538 0.975002954 0.506680765 -109.22915067267087 ../testing_datasets/H3_epi.csv NeighborSum 64
0.0 0.18078296669016833 -1.68294 0.657951648 0.593593412 -113.52921506621136 ../testing_datasets/H3_epi.csv NeighborSum 64
0.0 0.1696572821691944 -0.04791 0.203960544 0.5201383279999999 -115.39120373668092 ../testing_datasets/H3_epi.csv NeighborSum 64
0.0 0.15450933505385545 -2.99001 0.731130699 0.414910062 -114.11940349315552 ../testing_datasets/H3_epi.csv NeighborSum 64
0.0 0.15098731606801521 -4.42836 1.3740866790000001 0.265395858 -127.4446985651439 ../testing_datasets/H3_epi.csv NeighborSum 64
1.0 0.18613654539804972 -0.8973899999999999 0.575827981 0.638151516 -128.36947593086325 ../testing_datasets/H3_epi.csv NeighborSum 64
1.0 0.1618476276298496 -4.93666 0.784631442 0.6978773779999999 -136.65931580277936 ../testing_datasets/H3_epi.csv NeighborSum 64
1.0 0.17393376335556177 -1.3856899999999999 0.404721355 0.645221375 -135.5471034667936 ../testing_datasets/H3_epi.csv NeighborSum 64
0.0 0.16352833443505066 -1.3856899999999999 0.605313959 0.485598256 -153.53425923547013 ../testing_datasets/H3_epi.csv NeighborSum 64
0.0 0.15769221044922366 -3.73593 1.121181829 0.42696645200000005 -153.00730742516444 ../testing_datasets/H3_epi.csv NeighborSum 64
1.0 0.17367435529955913 -2.7641400000000003 0.866287947 0.5802373710000001 -137.7073350149397 ../testing_datasets/H3_epi.csv NeighborSum 64
1.0 0.14018876555607865 -3.6781099999999998 0.22578184199999998 0.5963068739999999 -138.75464119544566 ../testing_datasets/H3_epi.csv NeighborSum 64
0.0 0.165712091566885 -1.3673600000000001 0.65672676 0.49139689200000003 -157.1102912316262 ../testing_datasets/H3_epi.csv NeighborSum 64
1.0 0.1666881204833074 -3.60129 1.183858458 0.473003104 -148.98944649246684 ../testing_datasets/H3_epi.csv NeighborSum 64
1.0 0.1767611329995148 -2.4070400000000003 0.617009927 0.6784302320000001 -134.17192431038177 ../testing_datasets/H3_epi.csv NeighborSum 64
1.0 0.17957066690751014 0.27874 0.207435725 0.633521178 -137.62574302879167 ../testing_datasets/H3_epi.csv NeighborSum 64
0.0 0.17533006753429362 -1.11469 0.94038325 0.43818284 -153.32497594833876 ../testing_datasets/H3_epi.csv NeighborSum 64
1.0 0.18492210776420134 -1.75142 1.022230688 0.534843153 -138.40527964876594 ../testing_datasets/H3_epi.csv NeighborSum 64
1.0 0.16850504093587426 -1.72343 0.334850427 0.6382136070000001 -128.9152472699376 ../testing_datasets/H3_epi.csv NeighborSum 64
0.0 0.16719627874966403 -0.40095 0.494418865 0.45108279799999995 -139.98751694105653 ../testing_datasets/H3_epi.csv NeighborSum 64
0.0 0.1878614151832933 -1.84978 1.23377934 0.484519631 -138.6847490982834 ../testing_datasets/H3_epi.csv NeighborSum 64
1.0 0.21927260606539067 1.5278 0.8621375929999999 0.622449217 -125.42727313362613 ../testing_datasets/H3_epi.csv NeighborSum 64
0.0 0.21496898982790347 -0.30784 0.770149767 0.779557952 -118.66998666919255 ../testing_datasets/H3_epi.csv NeighborSum 64
1.0 0.21903665031974026 -0.06145 0.858298918 0.743506324 -109.89007927563696 ../testing_datasets/H3_epi.csv NeighborSum 64
1.0 0.2315260481460592 0.37206 1.183739322 0.6943847940000001 -110.99360946635899 ../testing_datasets/H3_epi.csv NeighborSum 64
1.0 0.20468331195563097 -0.35841999999999996 1.040113198 0.52869559 -101.71129040970408 ../testing_datasets/H3_epi.csv NeighborSum 64
0.0 0.2081791192075855 -1.58404 0.8189936999999999 0.751478612 -88.42796775797919 ../testing_datasets/H3_epi.csv NeighborSum 64
0.0 0.1733000226206777 -4.24126 1.058076775 0.53634228 -86.57158812974042 ../testing_datasets/H3_epi.csv NeighborSum 64
0.0 0.251735908221791 2.8491299999999997 1.126303504 0.630731965 -79.00448843771433 ../testing_datasets/H3_epi.csv NeighborSum 64
0.0 0.2068052561537399 2.11652 1.033761289 0.26460199100000004 -74.61581374000176 ../testing_datasets/H3_epi.csv NeighborSum 64
0.0 0.20130223718309798 -1.02019 0.857445172 0.594190494 -80.48486824720048 ../testing_datasets/H3_epi.csv NeighborSum 64
0.0 0.22571962713625968 -2.07897 1.6740213959999999 0.59198064 -76.98510363896668 ../testing_datasets/H3_epi.csv NeighborSum 64
0.0 0.21324239696510455 -0.12717 0.9735018520000001 0.5612220720000001 -69.1023770064084 ../testing_datasets/H3_epi.csv NeighborSum 64
0.0 0.1913039697616433 -1.49308 1.022611663 0.46018816100000004 -78.27870001276432 ../testing_datasets/H3_epi.csv NeighborSum 64
0.0 0.20769154636926734 -0.6406 1.0664444290000001 0.510856713 -68.18122817872032 ../testing_datasets/H3_epi.csv NeighborSum 64
0.0 0.20602577565606095 -1.38762 1.044997612 0.561971226 -61.88836726603634 ../testing_datasets/H3_epi.csv NeighborSum 64
0.0 0.20948114855292832 -0.21591999999999997 0.79112984 0.576103016 -52.13625075036898 ../testing_datasets/H3_epi.csv NeighborSum 64
0.0 0.2080874742656409 -1.3971 0.8603976329999999 0.6405398139999999 -49.95835753450766 ../testing_datasets/H3_epi.csv NeighborSum 64
0.0 0.24507000862197803 1.17292 1.256955553 0.6244870339999999 -57.78953249172986 ../testing_datasets/H3_epi.csv NeighborSum 64
0.0 0.18954144287605793 -2.3749599999999997 0.706950877 0.617758974 -55.548315951918504 ../testing_datasets/H3_epi.csv NeighborSum 64
0.0 0.19701265612523197 -0.94216 0.7970421679999999 0.524278674 -57.83553623279197 ../testing_datasets/H3_epi.csv NeighborSum 64
0.0 0.16527322322071958 -2.8370599999999997 0.973929637 0.302477381 -59.50985177594036 ../testing_datasets/H3_epi.csv NeighborSum 64
0.0 0.17657254329944896 -0.054279999999999995 0.6942547309999999 0.28391378300000003 -64.55669442637391 ../testing_datasets/H3_epi.csv NeighborSum 64
0.0 0.17988154301624049 -2.36904 0.8917984790000001 0.452496357 -63.397802161594946 ../testing_datasets/H3_epi.csv NeighborSum 64
0.0 0.17030974077850375 -4.07135 1.261879668 0.362642951 -66.47340680294828 ../testing_datasets/H3_epi.csv NeighborSum 64
0.0 0.13769675925497943 -5.44984 0.8205623940000001 0.350578888 -69.55306161187384 ../testing_datasets/H3_epi.csv NeighborSum 64
0.0 0.14641407420880448 -5.64414 1.040108166 0.366364989 -69.97069969752208 ../testing_datasets/H3_epi.csv NeighborSum 64
0.0 0.17340030008352778 -3.2017 0.869979244 0.496147205 -74.84736303626826 ../testing_datasets/H3_epi.csv NeighborSum 64
0.0 0.17321628476519943 -4.05429 1.179757521 0.453936809 -80.66487046992557 ../testing_datasets/H3_epi.csv NeighborSum 64
0.0 0.14190340174241242 -4.4285 0.601591722 0.417836871 -83.56675428921791 ../testing_datasets/H3_epi.csv NeighborSum 64
0.0 0.1756083426282523 -4.51222 1.083122381 0.572445626 -84.9927320403886 ../testing_datasets/H3_epi.csv NeighborSum 64
0.0 0.19541446007837532 -1.34928 1.006637211 0.520767008 -91.06149973898759 ../testing_datasets/H3_epi.csv NeighborSum 64
0.0 0.15731380403690154 -2.1003 0.432581259 0.457231163 -98.58360077588414 ../testing_datasets/H3_epi.csv NeighborSum 64
0.0 0.1626859226957773 -2.9068099999999997 0.6119896810000001 0.514592768 -99.32692565357326 ../testing_datasets/H3_epi.csv NeighborSum 64
0.0 0.20516284444865435 -1.3563 1.058319156 0.623140719 -102.69709482694931 ../testing_datasets/H3_epi.csv NeighborSum 64
0.0 0.14865186596126112 -4.40102 0.667925035 0.502096509 -106.93998328341779 ../testing_datasets/H3_epi.csv NeighborSum 64
0.0 0.12320089476082524 -5.025519999999999 0.345201153 0.44505646200000004 -111.83320457661911 ../testing_datasets/H3_epi.csv NeighborSum 64
0.0 0.19011740966453486 -2.1089700000000002 1.059536526 0.5651011779999999 -116.70207486789504 ../testing_datasets/H3_epi.csv NeighborSum 64
0.0 0.19121225257263214 -1.4231200000000002 0.794924622 0.627676276 -118.30978916562177 ../testing_datasets/H3_epi.csv NeighborSum 64
0.0 0.1597243214510285 -3.032 0.70427318 0.509212633 -126.80089825470496 ../testing_datasets/H3_epi.csv NeighborSum 64
0.0 0.16637526936894612 -2.54882 0.7509904279999999 0.52069382 -131.21608231808818 ../testing_datasets/H3_epi.csv NeighborSum 64
0.0 0.19110905728067445 -1.28902 0.921750244 0.582708906 -130.40984546365866 ../testing_datasets/H3_epi.csv NeighborSum 64
0.0 0.17411171819246918 -2.18418 0.731156107 0.5817064510000001 -134.7681958295977 ../testing_datasets/H3_epi.csv NeighborSum 64
0.0 0.14832795388717662 -3.592 0.687332561 0.483357597 -143.3108175896641 ../testing_datasets/H3_epi.csv NeighborSum 64
0.0 0.18123308531901586 -1.8847099999999999 1.128182407 0.478788404 -146.2085750640867 ../testing_datasets/H3_epi.csv NeighborSum 64
0.0 0.1847564138773925 -0.42065 0.6511415110000001 0.577203271 -144.57309377263354 ../testing_datasets/H3_epi.csv NeighborSum 64
0.0 0.18383924307983762 -1.87732 1.092719543 0.530808179 -151.5834582856678 ../testing_datasets/H3_epi.csv NeighborSum 64
0.0 0.14907777597873137 -4.76208 1.0124646659999998 0.48924798399999997 -156.70228243188228 ../testing_datasets/H3_epi.csv NeighborSum 64
0.0 0.15986746141985161 -3.6391699999999996 1.0158724959999998 0.486675686 -153.58026854872227 ../testing_datasets/H3_epi.csv NeighborSum 64
0.0 0.17282022445319634 -2.12472 0.711453749 0.6092385379999999 -154.5306290338621 ../testing_datasets/H3_epi.csv NeighborSum 64
0.0 0.1966435878978332 -0.5032 1.115958164 0.552529795 -167.0183692032413 ../testing_datasets/H3_epi.csv NeighborSum 64
0.0 0.17910964177077662 -0.50472 0.8231434940000001 0.499347124 -168.74507490319527 ../testing_datasets/H3_epi.csv NeighborSum 64
0.0 0.1901825487469096 -2.2966599999999997 1.4515260669999999 0.498846942 -159.88826409446352 ../testing_datasets/H3_epi.csv NeighborSum 64
0.0 0.20781563054820573 -0.7033699999999999 1.3122992070000001 0.601511063 -165.95278243024293 ../testing_datasets/H3_epi.csv NeighborSum 64
0.0 0.15659772354438056 -3.93135 0.912711905 0.559678794 -171.58613328380503 ../testing_datasets/H3_epi.csv NeighborSum 64
0.0 0.19674560925704332 -1.36362 1.516847775 0.467353666 -168.92084402475504 ../testing_datasets/H3_epi.csv NeighborSum 64
0.0 0.17254934117399962 -2.29501 0.97506998 0.523631199 -161.84527330319162 ../testing_datasets/H3_epi.csv NeighborSum 64
0.0 0.11935423414673604 -7.1730100000000006 0.620981734 0.596002585 -165.7264208054199 ../testing_datasets/H3_epi.csv NeighborSum 64
0.0 0.15767100901214393 -2.66975 0.657617848 0.561989307 -172.7138070999504 ../testing_datasets/H3_epi.csv NeighborSum 64
0.0 0.17290589396359124 -4.08281 1.255474233 0.5785813710000001 -162.2518210283436 ../testing_datasets/H3_epi.csv NeighborSum 64
0.0 0.19792409467373648 -1.61904 1.196279444 0.633402618 -164.63772653142308 ../testing_datasets/H3_epi.csv NeighborSum 64
0.0 0.17521631095687076 -1.1492799999999999 0.607995014 0.62046461 -172.69357827937807 ../testing_datasets/H3_epi.csv NeighborSum 64
0.0 0.15813484685800372 -2.8942099999999997 0.550428197 0.62308481 -166.91276813125705 ../testing_datasets/H3_epi.csv NeighborSum 64
0.0 0.18480239068684767 -3.0901099999999997 1.184196075 0.628628715 -157.36537743104046 ../testing_datasets/H3_epi.csv NeighborSum 64
0.0 0.17069968808168648 -3.6308599999999998 1.096636703 0.579115295 -161.46113017861637 ../testing_datasets/H3_epi.csv NeighborSum 64
0.0 0.13481902372342863 -3.43745 0.40894099700000003 0.49040095100000003 -165.4594160180142 ../testing_datasets/H3_epi.csv NeighborSum 64
0.0 0.17070785572244027 -1.8659700000000001 0.7294752990000001 0.5610781770000001 -157.78150741752845 ../testing_datasets/H3_epi.csv NeighborSum 64
0.0 0.18082341576861313 -3.18398 1.268900122 0.547594981 -151.03147856683236 ../testing_datasets/H3_epi.csv NeighborSum 64
0.0 0.16424039757730888 -1.5293700000000001 0.702256702 0.475597705 -158.96180855136518 ../testing_datasets/H3_epi.csv NeighborSum 64
0.0 0.15329829675159518 -2.68237 0.87665334 0.38987730200000004 -155.23653677810256 ../testing_datasets/H3_epi.csv NeighborSum 64
0.0 0.2006786676399001 -0.8983700000000001 1.150906151 0.576558036 -145.95263728894577 ../testing_datasets/H3_epi.csv NeighborSum 64
0.0 0.1463082301459473 -6.13207 0.975306772 0.573996533 -139.4550231525117 ../testing_datasets/H3_epi.csv NeighborSum 64
0.0 0.2403321049777881 4.6192 0.923744322 0.564587385 -148.69659214251072 ../testing_datasets/H3_epi.csv NeighborSum 64
0.0 0.22050361057467815 2.55398 0.83649241 0.578914009 -141.32472367014753 ../testing_datasets/H3_epi.csv NeighborSum 64
0.0 0.175521211590049 -4.14995 1.09437991 0.616478169 -128.6661511959132 ../testing_datasets/H3_epi.csv NeighborSum 64
0.0 0.16846088256660274 -2.19097 0.708683209 0.542083741 -139.35454200752207 ../testing_datasets/H3_epi.csv NeighborSum 64
0.0 0.11765847236579789 -5.79459 0.593224647 0.405185866 -138.1152401018216 ../testing_datasets/H3_epi.csv NeighborSum 64
0.0 0.13555169176641801 -4.53995 0.857243788 0.386004991 -152.58428692266443 ../testing_datasets/H3_epi.csv NeighborSum 64
0.0 0.15896089434643887 0.16827999999999999 0.31878471 0.39402143 -143.9168485370563 ../testing_datasets/H3_epi.csv NeighborSum 64
0.0 0.15941472492595277 -2.32023 0.760981142 0.47028355299999997 -156.12553727059023 ../testing_datasets/H3_epi.csv NeighborSum 64
0.0 0.13655346851619143 -2.2563 0.207246088 0.43954813299999995 -143.40393126374673 ../testing_datasets/H3_epi.csv NeighborSum 64
0.0 0.15022020728732932 -2.2328099999999997 0.7796054790000001 0.356394544 -155.14860277900408 ../testing_datasets/H3_epi.csv NeighborSum 64
0.0 0.1581271305167145 -0.75188 0.25258880100000003 0.494922401 -140.40193745826963 ../testing_datasets/H3_epi.csv NeighborSum 64
0.0 0.12699074447299977 -5.11908 0.707217285 0.393116784 -140.37073064472978 ../testing_datasets/H3_epi.csv NeighborSum 64
0.0 0.15151203561292434 -2.29067 0.204689558 0.576523853 -131.49255598264008 ../testing_datasets/H3_epi.csv NeighborSum 64
0.0 0.18007232121269073 -3.45165 1.04134297 0.613146999 -125.19276953195644 ../testing_datasets/H3_epi.csv NeighborSum 64
0.0 0.15278457965581643 -4.3838099999999995 0.5950591829999999 0.599408462 -119.7091839895002 ../testing_datasets/H3_epi.csv NeighborSum 64
0.0 0.17677918126735143 -4.15693 0.9317708579999999 0.663809216 -109.90824263756528 ../testing_datasets/H3_epi.csv NeighborSum 64
0.0 0.19507740942589302 -1.35755 0.872256556 0.585972665 -96.34870284139429 ../testing_datasets/H3_epi.csv NeighborSum 64
0.0 0.22784710653124712 -0.06909 1.212739305 0.693745535 -115.0937817569391 ../testing_datasets/H3_epi.csv NeighborSum 64
0.0 0.1482344260506014 -4.8783199999999995 0.42695745700000004 0.612784647 -89.31466886465581 ../testing_datasets/H3_epi.csv NeighborSum 64
0.0 0.1531879747615235 -2.0211799999999998 0.092517369 0.545602612 -94.87144175979151 ../testing_datasets/H3_epi.csv NeighborSum 64
0.0 0.17688159722691318 0.2355 0.26160591899999996 0.50286835 -94.38993724506102 ../testing_datasets/H3_epi.csv NeighborSum 64
0.0 0.18860349843021929 -1.6179299999999999 1.0051793470000001 0.509836592 -108.45989241104814 ../testing_datasets/H3_epi.csv NeighborSum 64
0.0 0.17059053020852943 -2.75668 0.6551623329999999 0.593028137 -114.38167443071457 ../testing_datasets/H3_epi.csv NeighborSum 64
0.0 0.16972129666772884 -0.30834 0.205533792 0.543879921 -114.80199556586619 ../testing_datasets/H3_epi.csv NeighborSum 64
0.0 0.16064118030462293 -2.8317099999999997 0.7570787259999999 0.449719174 -112.71812743402602 ../testing_datasets/H3_epi.csv NeighborSum 64
0.0 0.15812467567037464 -3.9247099999999997 1.355263093 0.301185355 -128.2689383351717 ../testing_datasets/H3_epi.csv NeighborSum 64
1.0 0.18403339541188363 -1.33679 0.48403432799999996 0.693856464 -126.38862055635228 ../testing_datasets/H3_epi.csv NeighborSum 64
