0.0 0.2020760055662524 1.52884 0.70281483 0.56155535 -20.159742886876415 ../testing_datasets/H3_epi.csv NeighborSum 32
0.0 0.1813255166984544 -0.5508 0.211964021 0.626477082 -19.035545353927116 ../testing_datasets/H3_epi.csv NeighborSum 32
0.0 0.18476342205970306 -0.68593 0.612367541 0.577727537 -22.247103679442112 ../testing_datasets/H3_epi.csv NeighborSum 32
0.0 0.17585925077515002 -2.9028 1.196666614 0.482218707 -26.870377119825886 ../testing_datasets/H3_epi.csv NeighborSum 32
0.0 0.16671771495624932 -2.42402 0.715100347 0.473249904 -27.86655622336204 ../testing_datasets/H3_epi.csv NeighborSum 32
0.0 0.1546778265794628 -3.42658 0.115711929 0.608409029 -25.246296738018895 ../testing_datasets/H3_epi.csv NeighborSum 32
0.0 0.17370453839048247 -1.3467 0.690582744 0.594653653 -33.252314857573616 ../testing_datasets/H3_epi.csv NeighborSum 32
0.0 0.1574020978087581 -4.18677 1.196403002 0.469250807 -38.270786360343045 ../testing_datasets/H3_epi.csv NeighborSum 32
0.0 0.15621646855379326 -2.34491 0.483154326 0.538550908 -37.91722771302706 ../testing_datasets/H3_epi.csv NeighborSum 32
0.0 0.1661262385967647 0.09823 0.130677272 0.609272048 -38.78430814395587 ../testing_datasets/H3_epi.csv NeighborSum 32
0.0 0.16109021980338384 -1.99779 0.943695555 0.516303867 -46.031602955970335 ../testing_datasets/H3_epi.csv NeighborSum 32
0.0 0.13997359561175532 -4.73053 0.958617728 0.467438631 -48.22864746027907 ../testing_datasets/H3_epi.csv NeighborSum 32
0.0 0.1412602771331455 -3.1488 0.262675306 0.574262765 -45.36653755181534 ../testing_datasets/H3_epi.csv NeighborSum 32
0.0 0.16287437907235056 -0.18274 0.539623645 0.595199657 -50.76500175296143 ../testing_datasets/H3_epi.csv NeighborSum 32
0.0 0.14789360462718065 -3.23461 1.223431364 0.509046026 -59.39723314304851 ../testing_datasets/H3_epi.csv NeighborSum 32
0.0 0.14389142834716048 -2.77369 0.815664173 0.510678066 -56.72204769902469 ../testing_datasets/H3_epi.csv NeighborSum 32
0.0 0.16557172112064644 -0.08763 0.760532859 0.627501588 -55.87285096017186 ../testing_datasets/H3_epi.csv NeighborSum 32
0.0 0.15387331415964506 -1.15649 0.854286305 0.549632638 -60.167624563882555 ../testing_datasets/H3_epi.csv NeighborSum 32
0.0 0.1332543373018321 -3.9233 1.153800785 0.454219304 -66.80452732793769 ../testing_datasets/H3_epi.csv NeighborSum 32
0.0 0.15027451510025197 -2.31607 1.042818155 0.539641004 -60.2193941417437 ../testing_datasets/H3_epi.csv NeighborSum 32
0.0 0.15614521735981482 -1.72819 0.812858912 0.632049147 -56.243320450727154 ../testing_datasets/H3_epi.csv NeighborSum 32
0.0 0.1342698228208956 -4.04467 1.048833101 0.538544532 -66.14722339467323 ../testing_datasets/H3_epi.csv NeighborSum 32
0.0 0.12901344184507638 -4.43669 1.118867783 0.470433077 -67.81338809862766 ../testing_datasets/H3_epi.csv NeighborSum 32
0.0 0.16272565119061405 -0.93916 1.004286968 0.628100731 -59.38032843408912 ../testing_datasets/H3_epi.csv NeighborSum 32
0.0 0.15221885567729088 -1.38571 0.864627887 0.599518878 -63.194039020568766 ../testing_datasets/H3_epi.csv NeighborSum 32
0.0 0.13501282062974826 -4.76964 1.682866623 0.478859209 -73.8052585887593 ../testing_datasets/H3_epi.csv NeighborSum 32
0.0 0.13531929746391935 -3.66705 0.973980498 0.542138731 -65.93058745747346 ../testing_datasets/H3_epi.csv NeighborSum 32
0.0 0.15648915102489008 -1.60765 1.019964963 0.631878833 -62.29973639738229 ../testing_datasets/H3_epi.csv NeighborSum 32
0.0 0.13827651298298255 -2.145 1.080741775 0.554341472 -77.40960424790983 ../testing_datasets/H3_epi.csv NeighborSum 32
0.0 0.1240510779668118 -3.17593 1.026439054 0.498467907 -82.10689259817003 ../testing_datasets/H3_epi.csv NeighborSum 32
0.0 0.14622681421415745 -1.05362 0.783120339 0.616650998 -71.43815530908059 ../testing_datasets/H3_epi.csv NeighborSum 32
0.0 0.12980110335717265 -3.13934 0.87491363 0.59456164 -76.40844411498409 ../testing_datasets/H3_epi.csv NeighborSum 32
0.0 0.11980239025385543 -3.01718 1.273974642 0.491998065 -94.62919562748483 ../testing_datasets/H3_epi.csv NeighborSum 32
0.0 0.10635691534186462 -4.10324 0.698662507 0.53317147 -88.91924006594547 ../testing_datasets/H3_epi.csv NeighborSum 32
0.0 0.14122587542651233 0.52582 0.806137062 0.632076224 -90.64136543041968 ../testing_datasets/H3_epi.csv NeighborSum 32
0.0 0.11509996319347868 -1.99172 0.999791515 0.482538406 -100.06143580087672 ../testing_datasets/H3_epi.csv NeighborSum 32
0.0 0.08169395645660463 -4.67313 0.723010869 0.429239388 -109.06819473197851 ../testing_datasets/H3_epi.csv NeighborSum 32
0.0 0.11945889170854379 -1.1148 0.9134052 0.540615998 -102.16195786786159 ../testing_datasets/H3_epi.csv NeighborSum 32
0.0 0.1001956356091945 -5.404 1.177075753 0.529124751 -99.01083180682932 ../testing_datasets/H3_epi.csv NeighborSum 32
0.0 0.06663234809798763 -4.9215 0.866090372 0.346167498 -124.5741523816656 ../testing_datasets/H3_epi.csv NeighborSum 32
0.0 0.09074855715275164 -2.35313 1.040738514 0.406823853 -123.29112410704559 ../testing_datasets/H3_epi.csv NeighborSum 32
0.0 0.09985190204850784 -2.96365 0.883922457 0.46264375 -106.57859774340042 ../testing_datasets/H3_epi.csv NeighborSum 32
0.0 0.07091733604460998 -4.06317 1.192942461 0.270529635 -130.94205251089903 ../testing_datasets/H3_epi.csv NeighborSum 32
0.0 0.04104393725825897 -4.13784 0.598159525 0.323559242 -152.29375654767296 ../testing_datasets/H3_epi.csv NeighborSum 32
0.0 0.07439569111993058 -3.01452 1.063868523 0.328395925 -134.21822948022185 ../testing_datasets/H3_epi.csv NeighborSum 32
0.0 0.06044446781019647 -5.09443 1.020103694 0.287609174 -131.72921129636714 ../testing_datasets/H3_epi.csv NeighborSum 32
0.0 0.03796821835129918 -2.28589 0.436271469 0.391556774 -168.98258170225978 ../testing_datasets/H3_epi.csv NeighborSum 32
0.0 0.030987197044405917 -3.6143 0.535295504 0.405053862 -170.533098474432 ../testing_datasets/H3_epi.csv NeighborSum 32
0.0 0.07206683570908257 -2.23618 1.043296385 0.436763376 -147.77098066055046 ../testing_datasets/H3_epi.csv NeighborSum 32
0.0 0.04411577715524803 -3.25662 0.716735645 0.416629836 -163.22018448465292 ../testing_datasets/H3_epi.csv NeighborSum 32
0.0 0.005333480817539454 -3.97757 0.332333688 0.408527766 -192.74654465920747 ../testing_datasets/H3_epi.csv NeighborSum 32
0.0 0.03864195194163153 -3.66304 0.984743405 0.426183226 -174.285588947749 ../testing_datasets/H3_epi.csv NeighborSum 32
0.0 0.057257820006921034 -2.33928 0.827641358 0.386560227 -156.10761579361693 ../testing_datasets/H3_epi.csv NeighborSum 32
0.0 0.019875734773035836 -4.78178 0.752629948 0.431684229 -182.00641949617741 ../testing_datasets/H3_epi.csv NeighborSum 32
0.0 0.02441625530732444 -2.92275 0.760721617 0.380252846 -188.28704293815306 ../testing_datasets/H3_epi.csv NeighborSum 32
0.0 0.06030799689198568 -2.88438 0.993678795 0.346179275 -150.81512528993312 ../testing_datasets/H3_epi.csv NeighborSum 32
0.0 0.051891066789695406 -5.10075 0.800457834 0.497762087 -146.5110927432506 ../testing_datasets/H3_epi.csv NeighborSum 32
0.0 0.020306347610334147 -5.5473 0.704684042 0.379752709 -171.80696867507302 ../testing_datasets/H3_epi.csv NeighborSum 32
0.0 0.04794345653585362 -5.75177 1.140684827 0.403300247 -150.60195892881188 ../testing_datasets/H3_epi.csv NeighborSum 32
0.0 0.08433606736749286 -1.90614 0.70700435 0.403129698 -125.06893245000647 ../testing_datasets/H3_epi.csv NeighborSum 32
0.0 0.07387689522754969 -4.0602 1.090830856 0.472615618 -134.97592647716448 ../testing_datasets/H3_epi.csv NeighborSum 32
0.0 0.0467426387618014 -6.95578 1.013050303 0.4003109 -139.35826560809707 ../testing_datasets/H3_epi.csv NeighborSum 32
0.0 0.09459277666822202 -3.20118 0.997334168 0.353239521 -108.485344979235 ../testing_datasets/H3_epi.csv NeighborSum 32
0.0 0.10630416965762722 -2.07735 0.700903709 0.409320593 -98.04340040989341 ../testing_datasets/H3_epi.csv NeighborSum 32
0.0 0.10353696011147014 -2.42921 1.057297943 0.376497109 -106.55710307020273 ../testing_datasets/H3_epi.csv NeighborSum 32
0.0 0.13252433899908964 -0.34127 0.801095412 0.412423433 -83.08898026659132 ../testing_datasets/H3_epi.csv NeighborSum 32
0.0 0.11382961446864462 -1.1374 1.414119983 0.508437329 -120.43899976071509 ../testing_datasets/H3_epi.csv NeighborSum 32
0.0 0.09238335349398566 -3.56227 1.320760203 0.533053811 -126.16220612914873 ../testing_datasets/H3_epi.csv NeighborSum 32
0.0 0.09969040252550576 -6.05407 1.078336037 0.455954045 -88.3444951138774 ../testing_datasets/H3_epi.csv NeighborSum 32
0.0 0.10114721389925338 -5.75949 1.527139493 0.563980563 -106.37504360177417 ../testing_datasets/H3_epi.csv NeighborSum 32
0.0 0.14055154292877206 -1.72598 0.995512046 0.461749902 -70.9083585292521 ../testing_datasets/H3_epi.csv NeighborSum 32
0.0 0.13345454367794474 -0.27599 0.809259689 0.498023719 -87.04220609347391 ../testing_datasets/H3_epi.csv NeighborSum 32
0.0 0.14361482495483624 0.78786 0.661070452 0.488295188 -78.62131478682207 ../testing_datasets/H3_epi.csv NeighborSum 32
0.0 0.11549176389287132 -1.25191 1.286137987 0.465452962 -112.0021847051858 ../testing_datasets/H3_epi.csv NeighborSum 32
0.0 0.08521565911857458 -3.39295 1.206935439 0.389150128 -125.53589959405608 ../testing_datasets/H3_epi.csv NeighborSum 32
0.0 0.12021758083069972 -0.6642 0.629992918 0.546774317 -97.36795007063961 ../testing_datasets/H3_epi.csv NeighborSum 32
0.0 0.10044430635734047 -0.54879 0.537023876 0.518248533 -117.59453737447525 ../testing_datasets/H3_epi.csv NeighborSum 32
0.0 0.0513431292900748 -4.67577 1.163806547 0.338176932 -152.03149040879748 ../testing_datasets/H3_epi.csv NeighborSum 32
0.0 0.08609237929535124 -3.61244 1.138946126 0.489545243 -126.109425587825 ../testing_datasets/H3_epi.csv NeighborSum 32
0.0 0.10296249108606696 -2.14659 0.433889401 0.614015761 -104.66146647239982 ../testing_datasets/H3_epi.csv NeighborSum 32
0.0 0.055466471353932734 -3.42675 0.753158473 0.379966177 -147.68316560296824 ../testing_datasets/H3_epi.csv NeighborSum 32
0.0 0.06211796365425179 -2.43284 1.307695958 0.354909653 -160.9621777736212 ../testing_datasets/H3_epi.csv NeighborSum 32
0.0 0.10200180604199946 -2.60718 0.821615474 0.583038153 -111.16150231103795 ../testing_datasets/H3_epi.csv NeighborSum 32
0.0 0.10575129212586354 -1.84538 0.867244679 0.579307992 -113.52480595253077 ../testing_datasets/H3_epi.csv NeighborSum 32
0.0 0.07335326056339814 -1.47083 1.13120506 0.383977002 -151.71261190003315 ../testing_datasets/H3_epi.csv NeighborSum 32
0.0 0.08507714639206534 -5.06677 0.951889434 0.590394481 -116.42564350868635 ../testing_datasets/H3_epi.csv NeighborSum 32
0.0 0.13910566716028497 0.14959 0.825507389 0.500680061 -84.16400373285305 ../testing_datasets/H3_epi.csv NeighborSum 32
0.0 0.10606304325920218 -2.35388 0.793110125 0.484987789 -102.55243733403921 ../testing_datasets/H3_epi.csv NeighborSum 32
0.0 0.09504135170251862 -1.97868 1.031493409 0.412505547 -121.09657655361303 ../testing_datasets/H3_epi.csv NeighborSum 32
0.0 0.1274957354415773 -1.68432 0.864759332 0.640975992 -92.17689575316041 ../testing_datasets/H3_epi.csv NeighborSum 32
0.0 0.1385297247117056 -2.93833 0.61270284 0.346884099 -48.047862374821676 ../testing_datasets/H3_epi.csv NeighborSum 32
0.0 0.17462416252753094 0.00428 0.884873647 0.498689027 -42.71113320874637 ../testing_datasets/H3_epi.csv NeighborSum 32
0.0 0.18252131151761466 3.39402 0.640065215 0.309540596 -42.81068166272702 ../testing_datasets/H3_epi.csv NeighborSum 32
0.0 0.21370427426167218 3.72932 0.851685847 0.472378626 -22.531615396562128 ../testing_datasets/H3_epi.csv NeighborSum 32
0.0 0.19003245894578 3.02247 0.348089293 0.486863257 -32.30405126456309 ../testing_datasets/H3_epi.csv NeighborSum 32
0.0 0.1356874250674466 -1.44359 0.862810622 0.259698915 -64.96707026520069 ../testing_datasets/H3_epi.csv NeighborSum 32
0.0 0.1542157172935175 0.04102 0.592361004 0.467037937 -57.576280237685154 ../testing_datasets/H3_epi.csv NeighborSum 32
0.0 0.1001352048360916 -5.15766 0.872087436 0.349740606 -83.6599894602421 ../testing_datasets/H3_epi.csv NeighborSum 32
0.0 0.13898227099526422 -2.09295 0.212941744 0.601158313 -56.04058981591883 ../testing_datasets/H3_epi.csv NeighborSum 32
0.0 0.10984687830995922 -2.09427 1.046359446 0.489431993 -107.07738995834119 ../testing_datasets/H3_epi.csv NeighborSum 32
0.0 0.13889744726240152 -0.9528 0.561512033 0.596570427 -73.86617347347804 ../testing_datasets/H3_epi.csv NeighborSum 32
0.0 0.1195891561581596 -0.93621 0.924414753 0.499467611 -101.56574362949512 ../testing_datasets/H3_epi.csv NeighborSum 32
0.0 0.10118864180822987 -4.12068 0.847142193 0.393469877 -91.78506611237577 ../testing_datasets/H3_epi.csv NeighborSum 32
0.0 0.11910454169889916 -1.51253 1.19843548 0.562528423 -108.34416602510282 ../testing_datasets/H3_epi.csv NeighborSum 32
0.0 0.12564878039138244 -3.8361 0.445627454 0.570197539 -63.28457215275873 ../testing_datasets/H3_epi.csv NeighborSum 32
0.0 0.14232605429430875 -0.29297 0.155453728 0.475606338 -57.76900857518837 ../testing_datasets/H3_epi.csv NeighborSum 32
0.0 0.14894885406188063 0.84165 0.29890498 0.353029544 -56.1626151398933 ../testing_datasets/H3_epi.csv NeighborSum 32
0.0 0.1289087909590169 -0.78019 0.885523229 0.403688576 -85.86346968368294 ../testing_datasets/H3_epi.csv NeighborSum 32
0.0 0.12513946332891618 -0.54588 0.693656821 0.559945629 -94.8379124857723 ../testing_datasets/H3_epi.csv NeighborSum 32
0.0 0.14317601631619917 -0.0536 0.530187444 0.574809442 -73.66217310779585 ../testing_datasets/H3_epi.csv NeighborSum 32
0.0 0.12876897574258983 -1.19656 0.883519866 0.428623689 -84.09800408215669 ../testing_datasets/H3_epi.csv NeighborSum 32
0.0 0.1178551576368573 -2.19318 1.387089416 0.575558465 -110.40934486818577 ../testing_datasets/H3_epi.csv NeighborSum 32
0.0 0.15424076914337548 1.59275 0.778761919 0.606189786 -81.30554596456459 ../testing_datasets/H3_epi.csv NeighborSum 32
0.0 0.19187482492088034 0.1107 0.859310583 0.467540693 -20.922953466121655 ../testing_datasets/H3_epi.csv NeighborSum 32
0.0 0.18518746977184541 0.41361 0.297774008 0.563904458 -20.891426514907845 ../testing_datasets/H3_epi.csv NeighborSum 32
0.0 0.1901968239561986 0.28113 0.63965973 0.544507881 -22.187488392260384 ../testing_datasets/H3_epi.csv NeighborSum 32
0.0 0.17820348405055034 -2.27529 1.182778761 0.440773273 -26.367361106320118 ../testing_datasets/H3_epi.csv NeighborSum 32
0.0 0.15882498032914458 -3.70025 0.804572899 0.427404248 -27.621193717845998 ../testing_datasets/H3_epi.csv NeighborSum 32
0.0 0.15907574212037529 -2.84012 0.209785592 0.611011815 -27.145042465371013 ../testing_datasets/H3_epi.csv NeighborSum 32
0.0 0.1745819295739388 -1.13788 0.710732654 0.562273126 -32.69350364388127 ../testing_datasets/H3_epi.csv NeighborSum 32
0.0 0.15553853974379606 -4.20663 1.229652285 0.410203822 -38.21744156585055 ../testing_datasets/H3_epi.csv NeighborSum 32
0.0 0.1599677252975307 -2.08391 0.546764592 0.576019322 -39.07229146130577 ../testing_datasets/H3_epi.csv NeighborSum 32
0.0 0.16546481251673203 0.0015 0.148827361 0.620165623 -39.87356708946636 ../testing_datasets/H3_epi.csv NeighborSum 32
0.0 0.1589593057625719 -2.16323 0.988284263 0.485308723 -46.921404410727035 ../testing_datasets/H3_epi.csv NeighborSum 32
0.0 0.1365891956471827 -4.83761 0.97372298 0.403990021 -48.59924967354356 ../testing_datasets/H3_epi.csv NeighborSum 32
0.0 0.14362673648349691 -2.8658 0.267811892 0.599316612 -46.11992305053537 ../testing_datasets/H3_epi.csv NeighborSum 32
0.0 0.15928270627718283 -0.51165 0.525778473 0.583949304 -51.574659157034255 ../testing_datasets/H3_epi.csv NeighborSum 32
0.0 0.14011292741948594 -3.94918 1.253416225 0.426396575 -59.79311127662586 ../testing_datasets/H3_epi.csv NeighborSum 32
0.0 0.14453913747770797 -2.78632 0.812587298 0.544642374 -57.50212094563098 ../testing_datasets/H3_epi.csv NeighborSum 32
0.0 0.166225054384321 0.05174 0.750926705 0.639230418 -56.490486096245874 ../testing_datasets/H3_epi.csv NeighborSum 32
0.0 0.1491599571880511 -1.73511 0.896655797 0.536271912 -61.81833116296147 ../testing_datasets/H3_epi.csv NeighborSum 32
0.0 0.13003477281189288 -3.95331 1.164038449 0.392366016 -67.51225474137942 ../testing_datasets/H3_epi.csv NeighborSum 32
0.0 0.15388636252580193 -1.74702 1.014292453 0.576458363 -61.354772972068275 ../testing_datasets/H3_epi.csv NeighborSum 32
0.0 0.15422948223391583 -1.75657 0.823902963 0.621906065 -58.069109645066 ../testing_datasets/H3_epi.csv NeighborSum 32
0.0 0.13430726485631217 -3.38826 1.050005639 0.495719354 -68.91465482307797 ../testing_datasets/H3_epi.csv NeighborSum 32
0.0 0.13400319393667148 -3.48545 1.118057678 0.467466891 -68.93566881372513 ../testing_datasets/H3_epi.csv NeighborSum 32
0.0 0.16774712188881696 0.03917 1.024392338 0.631669233 -61.562298137946065 ../testing_datasets/H3_epi.csv NeighborSum 32
0.0 0.1433858064988915 -2.27652 0.811640813 0.607153363 -65.84789716014718 ../testing_datasets/H3_epi.csv NeighborSum 32
0.0 0.12849555056224193 -5.13785 1.672334066 0.408430113 -74.85579017738131 ../testing_datasets/H3_epi.csv NeighborSum 32
0.0 0.13929146278176602 -3.23876 0.990691291 0.567722225 -66.22533369483345 ../testing_datasets/H3_epi.csv NeighborSum 32
0.0 0.14663608894799338 -2.91654 1.020979387 0.643275644 -64.6432823397718 ../testing_datasets/H3_epi.csv NeighborSum 32
0.0 0.11965635202605265 -4.50715 1.055795637 0.514645867 -78.85399610974439 ../testing_datasets/H3_epi.csv NeighborSum 32
0.0 0.11824240746852957 -4.03849 1.066198821 0.446254287 -80.86797166933736 ../testing_datasets/H3_epi.csv NeighborSum 32
0.0 0.1430965210478689 -1.36978 0.778543834 0.607264091 -72.14364937864221 ../testing_datasets/H3_epi.csv NeighborSum 32
0.0 0.11907491280792903 -4.30798 0.847986298 0.59031896 -79.29562008565532 ../testing_datasets/H3_epi.csv NeighborSum 32
0.0 0.11133756696101554 -3.53463 1.275809547 0.40190763 -96.1847692270349 ../testing_datasets/H3_epi.csv NeighborSum 32
0.0 0.11746057602153917 -2.56919 0.741038623 0.542195954 -89.0001249476746 ../testing_datasets/H3_epi.csv NeighborSum 32
0.0 0.14042387815349955 0.28557 0.764726784 0.625742436 -88.34161215228201 ../testing_datasets/H3_epi.csv NeighborSum 32
0.0 0.1219762931596009 0.03139 0.943782976 0.499055425 -106.54923064065022 ../testing_datasets/H3_epi.csv NeighborSum 32
0.0 0.08480529850483848 -4.03036 0.714746749 0.387679481 -107.92160940519948 ../testing_datasets/H3_epi.csv NeighborSum 32
0.0 0.11773555335551658 -2.02353 0.930253372 0.548842022 -98.20874790475249 ../testing_datasets/H3_epi.csv NeighborSum 32
0.0 0.10120227653647952 -5.07726 1.256053567 0.552774454 -103.60795203314753 ../testing_datasets/H3_epi.csv NeighborSum 32
0.0 0.06325725033625369 -5.28832 0.835810015 0.384117365 -126.89459712429549 ../testing_datasets/H3_epi.csv NeighborSum 32
0.0 0.09808543757450727 -2.36821 1.083273344 0.479061963 -119.33536459704666 ../testing_datasets/H3_epi.csv NeighborSum 32
0.0 0.10117781233053826 -2.95877 0.886397964 0.533813016 -108.7260441427786 ../testing_datasets/H3_epi.csv NeighborSum 32
0.0 0.07095889208052865 -3.71619 1.218344686 0.311900771 -136.28833185776062 ../testing_datasets/H3_epi.csv NeighborSum 32
0.0 0.04329721196891698 -4.48718 0.617600794 0.405366022 -151.67185149651 ../testing_datasets/H3_epi.csv NeighborSum 32
0.0 0.08112396076812445 -3.13134 1.0464075 0.5403663 -135.68212444413746 ../testing_datasets/H3_epi.csv NeighborSum 32
0.0 0.052572162873496336 -5.72685 1.026717248 0.287898969 -136.42788121485302 ../testing_datasets/H3_epi.csv NeighborSum 32
0.0 0.03328673029800455 -2.59026 0.518199171 0.368240239 -173.22166803979775 ../testing_datasets/H3_epi.csv NeighborSum 32
0.0 0.03857914727855358 -2.8663 0.539287956 0.486555808 -171.46591538810696 ../testing_datasets/H3_epi.csv NeighborSum 32
0.0 0.06765220304642242 -2.44934 1.023206693 0.464467007 -152.229495714183 ../testing_datasets/H3_epi.csv NeighborSum 32
0.0 0.03604207655232192 -3.83694 0.728241107 0.422476545 -168.96200590217654 ../testing_datasets/H3_epi.csv NeighborSum 32
0.0 0.0017925168184539098 -3.89887 0.328855717 0.382383951 -196.0940376276632 ../testing_datasets/H3_epi.csv NeighborSum 32
0.0 0.03610679704786335 -4.07024 0.974385705 0.506631538 -178.00038259358905 ../testing_datasets/H3_epi.csv NeighborSum 32
0.0 0.052996116534653304 -2.38199 0.843482432 0.384565318 -161.13122782567405 ../testing_datasets/H3_epi.csv NeighborSum 32
0.0 0.021581371908873048 -3.82156 0.746764275 0.439312904 -187.46711805678902 ../testing_datasets/H3_epi.csv NeighborSum 32
0.0 0.020090889141298807 -3.38786 0.741876229 0.415290525 -191.14540302521036 ../testing_datasets/H3_epi.csv NeighborSum 32
0.0 0.05213134541409259 -3.11426 0.873741936 0.373295355 -156.86931752164494 ../testing_datasets/H3_epi.csv NeighborSum 32
0.0 0.04285141333522574 -5.24012 0.715975754 0.482192467 -153.0536713727434 ../testing_datasets/H3_epi.csv NeighborSum 32
0.0 0.018590313469064895 -5.12656 0.676692141 0.403193686 -177.43805672950606 ../testing_datasets/H3_epi.csv NeighborSum 32
0.0 0.047027207866716866 -5.4106 1.149109632 0.416671749 -155.1582309724936 ../testing_datasets/H3_epi.csv NeighborSum 32
0.0 0.07380248448348849 -2.74384 0.663963377 0.411535695 -130.4331632727476 ../testing_datasets/H3_epi.csv NeighborSum 32
0.0 0.07784641137033718 -2.92053 1.038341646 0.494932181 -138.61481181809657 ../testing_datasets/H3_epi.csv NeighborSum 32
0.0 0.043111957252038285 -6.71791 1.00931652 0.349881488 -142.77429804990467 ../testing_datasets/H3_epi.csv NeighborSum 32
0.0 0.0965792790083534 -1.92027 1.009611947 0.349563584 -115.94787416114421 ../testing_datasets/H3_epi.csv NeighborSum 32
0.0 0.10514405909040189 -1.81679 0.652709931 0.420269957 -100.63602540894664 ../testing_datasets/H3_epi.csv NeighborSum 32
0.0 0.11392615013676834 -0.51203 1.057207112 0.373279735 -108.60845031994229 ../testing_datasets/H3_epi.csv NeighborSum 32
0.0 0.12936264941700715 -0.09657 0.796349185 0.334679664 -84.59260179652308 ../testing_datasets/H3_epi.csv NeighborSum 32
0.0 0.09670653414655393 -1.49485 1.425720087 0.240282756 -124.64187498989493 ../testing_datasets/H3_epi.csv NeighborSum 32
0.0 0.08045892627745749 -3.73869 1.324051971 0.365272282 -130.4681150498539 ../testing_datasets/H3_epi.csv NeighborSum 32
0.0 0.1179991483802208 -2.59388 0.931263958 0.562063996 -94.2941223589927 ../testing_datasets/H3_epi.csv NeighborSum 32
0.0 0.09779349233201831 -5.61514 1.533873041 0.56157671 -111.47420902621852 ../testing_datasets/H3_epi.csv NeighborSum 32
0.0 0.1342650803682307 -2.13966 1.003082454 0.46457996 -75.54249022585957 ../testing_datasets/H3_epi.csv NeighborSum 32
0.0 0.10942192540523997 -2.37709 0.678620048 0.452984855 -93.72370461028166 ../testing_datasets/H3_epi.csv NeighborSum 32
0.0 0.13555422898253974 0.17981 0.75855219 0.380298829 -80.67832034441471 ../testing_datasets/H3_epi.csv NeighborSum 32
0.0 0.10410962147475132 -2.60548 1.338682007 0.414699532 -114.04471862633324 ../testing_datasets/H3_epi.csv NeighborSum 32
0.0 0.08131429623108903 -3.98847 1.177513617 0.379725251 -124.37410065346539 ../testing_datasets/H3_epi.csv NeighborSum 32
0.0 0.12078978932938021 -0.18059 0.609733531 0.568492374 -100.89732802359076 ../testing_datasets/H3_epi.csv NeighborSum 32
0.0 0.09937894829059467 -0.96669 0.57155383 0.511658692 -116.2915685936987 ../testing_datasets/H3_epi.csv NeighborSum 32
0.0 0.053907183107468906 -4.8795 1.200862802 0.394994434 -151.34818518819068 ../testing_datasets/H3_epi.csv NeighborSum 32
0.0 0.08322066042743659 -3.67725 1.102180344 0.534471882 -130.2937032016616 ../testing_datasets/H3_epi.csv NeighborSum 32
0.0 0.09304382793242019 -3.05186 0.423707349 0.616079463 -109.35253574334568 ../testing_datasets/H3_epi.csv NeighborSum 32
0.0 0.05890564101107418 -3.64711 0.798066441 0.45229618 -146.840248502456 ../testing_datasets/H3_epi.csv NeighborSum 32
0.0 0.06280399759096827 -2.49425 1.225768266 0.457767935 -162.70305680774186 ../testing_datasets/H3_epi.csv NeighborSum 32
0.0 0.09889451607159773 -1.96038 0.760830503 0.599357063 -118.89517835311437 ../testing_datasets/H3_epi.csv NeighborSum 32
0.0 0.10421448792280118 -1.69825 0.869511023 0.583571932 -116.72205363889607 ../testing_datasets/H3_epi.csv NeighborSum 32
0.0 0.07515839105905583 -1.71581 1.161003485 0.477452749 -153.27518096180404 ../testing_datasets/H3_epi.csv NeighborSum 32
0.0 0.08269510462812735 -4.23326 1.014349233 0.58835187 -127.0917653196157 ../testing_datasets/H3_epi.csv NeighborSum 32
0.0 0.1299592308394047 -1.06952 0.973275298 0.510262173 -90.2007170106397 ../testing_datasets/H3_epi.csv NeighborSum 32
0.0 0.10349589419850053 -2.15604 0.825378865 0.436412063 -105.47414842190935 ../testing_datasets/H3_epi.csv NeighborSum 32
0.0 0.09158503597855132 -2.29049 1.012759628 0.455058025 -124.47085080771991 ../testing_datasets/H3_epi.csv NeighborSum 32
0.0 0.1262957344596255 -1.02117 0.84322232 0.605456103 -96.21358130152176 ../testing_datasets/H3_epi.csv NeighborSum 32
0.0 0.1508911981426123 -0.29344 0.779412834 0.327122072 -56.903813808100374 ../testing_datasets/H3_epi.csv NeighborSum 32
0.0 0.14411919384819533 -2.65906 0.930594875 0.504854588 -60.10918705112144 ../testing_datasets/H3_epi.csv NeighborSum 32
0.0 0.15912547506877991 0.47193 0.379967836 0.436321724 -47.78115122702243 ../testing_datasets/H3_epi.csv NeighborSum 32
0.0 0.1764450684097715 0.8982 0.814016394 0.477707583 -44.34105966045939 ../testing_datasets/H3_epi.csv NeighborSum 32
0.0 0.14920609348084746 -0.2394 0.316414832 0.381706553 -49.63034191363276 ../testing_datasets/H3_epi.csv NeighborSum 32
0.0 0.1119235261630056 -3.05671 0.933438646 0.267033665 -83.07043825491361 ../testing_datasets/H3_epi.csv NeighborSum 32
0.0 0.14215208700661608 -0.22077 0.309571582 0.477258311 -62.7405938874462 ../testing_datasets/H3_epi.csv NeighborSum 32
0.0 0.08739116617227605 -6.60376 0.879706311 0.437279676 -92.4109279739579 ../testing_datasets/H3_epi.csv NeighborSum 32
0.0 0.1436654099133826 -1.60209 0.53804943 0.617598402 -63.787292548392394 ../testing_datasets/H3_epi.csv NeighborSum 32
0.0 0.09902311863005141 -3.18765 1.011120086 0.4937018 -110.85525508061761 ../testing_datasets/H3_epi.csv NeighborSum 32
0.0 0.14228361271295545 1.14064 0.543627628 0.594920348 -85.09980890804287 ../testing_datasets/H3_epi.csv NeighborSum 32
0.0 0.11284538352076406 -1.32924 0.923468502 0.512895651 -107.20279003567668 ../testing_datasets/H3_epi.csv NeighborSum 32
0.0 0.09653915226396999 -4.64228 0.882711911 0.41149199 -95.19823785277563 ../testing_datasets/H3_epi.csv NeighborSum 32
0.0 0.1149999231986779 -1.37019 1.186875898 0.566663894 -114.15309402466595 ../testing_datasets/H3_epi.csv NeighborSum 32
0.0 0.11814794963301434 -4.19771 0.442003714 0.573623731 -69.47185065124178 ../testing_datasets/H3_epi.csv NeighborSum 32
0.0 0.13461288035069408 -0.04808 0.120918225 0.498945978 -68.95934134386773 ../testing_datasets/H3_epi.csv NeighborSum 32
0.0 0.13947045331863275 -0.23083 0.221265229 0.420739764 -60.58915069670116 ../testing_datasets/H3_epi.csv NeighborSum 32
0.0 0.12111548597614175 -1.1378 0.975002954 0.383610335 -93.73449376607874 ../testing_datasets/H3_epi.csv NeighborSum 32
0.0 0.10268970434339453 -2.88341 0.657951648 0.566483721 -103.03421279849907 ../testing_datasets/H3_epi.csv NeighborSum 32
0.0 0.12275602674289243 0.04784 0.203960544 0.465709462 -84.19887919412605 ../testing_datasets/H3_epi.csv NeighborSum 32
0.0 0.12608289543291779 -0.60415 0.731130699 0.394561194 -85.9123934565013 ../testing_datasets/H3_epi.csv NeighborSum 32
0.0 0.1110974839435219 -2.186 1.374086679 0.543240415 -116.43898921809334 ../testing_datasets/H3_epi.csv NeighborSum 32
0.0 0.10835292252856964 -2.75189 0.575827981 0.618551087 -97.78653397460464 ../testing_datasets/H3_epi.csv NeighborSum 32
0.0 0.19601146118538426 -0.06371 0.784631442 0.593738037 -19.123262336631843 ../testing_datasets/H3_epi.csv NeighborSum 32
0.0 0.1909433903598098 0.79046 0.404721355 0.564438746 -19.850212213524497 ../testing_datasets/H3_epi.csv NeighborSum 32
0.0 0.1859762008179304 -0.45849 0.605313959 0.547516672 -20.81300694946906 ../testing_datasets/H3_epi.csv NeighborSum 32
0.0 0.1773349855203497 -2.05804 1.121181829 0.42045763 -26.345539900072573 ../testing_datasets/H3_epi.csv NeighborSum 32
0.0 0.17004075356861953 -2.46537 0.866287947 0.475436489 -27.809826115846235 ../testing_datasets/H3_epi.csv NeighborSum 32
0.0 0.15908883143128574 -3.09908 0.225781842 0.598960413 -24.99555993040778 ../testing_datasets/H3_epi.csv NeighborSum 32
0.0 0.1733865904908183 -1.20107 0.65672676 0.55870095 -31.994199606192833 ../testing_datasets/H3_epi.csv NeighborSum 32
0.0 0.16087152820575648 -3.42813 1.183858458 0.437388659 -37.95257733268832 ../testing_datasets/H3_epi.csv NeighborSum 32
0.0 0.16475174134544018 -1.69757 0.617009927 0.583953198 -38.637244280310334 ../testing_datasets/H3_epi.csv NeighborSum 32
0.0 0.16643629605436724 0.14145 0.207435725 0.606864247 -40.684036518287115 ../testing_datasets/H3_epi.csv NeighborSum 32
0.0 0.1580034390919988 -2.03707 0.94038325 0.444806271 -45.66040268683197 ../testing_datasets/H3_epi.csv NeighborSum 32
0.0 0.1402848188176525 -4.7304 1.022230688 0.450382689 -48.70677765771707 ../testing_datasets/H3_epi.csv NeighborSum 32
0.0 0.14717933604936215 -2.53619 0.334850427 0.604359704 -46.47539611228855 ../testing_datasets/H3_epi.csv NeighborSum 32
0.0 0.16060961143897737 -0.12594 0.494418865 0.571118742 -51.42771755143916 ../testing_datasets/H3_epi.csv NeighborSum 32
0.0 0.14127694617204603 -3.83323 1.23377934 0.434192912 -59.16378131908186 ../testing_datasets/H3_epi.csv NeighborSum 32
0.0 0.14936444932616366 -2.3094 0.862137593 0.577173467 -58.39224567288978 ../testing_datasets/H3_epi.csv NeighborSum 32
0.0 0.16588811203947673 0.0807 0.770149767 0.638266368 -57.57322043779417 ../testing_datasets/H3_epi.csv NeighborSum 32
0.0 0.14942353618264384 -1.36635 0.858298918 0.500572512 -61.44969294567405 ../testing_datasets/H3_epi.csv NeighborSum 32
0.0 0.13167697188323785 -4.04703 1.183739322 0.439313535 -67.77857594002636 ../testing_datasets/H3_epi.csv NeighborSum 32
0.0 0.14917898975139515 -2.53589 1.040113198 0.593647392 -62.51658112997077 ../testing_datasets/H3_epi.csv NeighborSum 32
0.0 0.15038859521146064 -2.32882 0.8189937 0.622521708 -58.17855325497687 ../testing_datasets/H3_epi.csv NeighborSum 32
0.0 0.13957197001127933 -2.36208 1.058076775 0.482879744 -70.01626680644668 ../testing_datasets/H3_epi.csv NeighborSum 32
0.0 0.1299633920598821 -4.37304 1.126303504 0.514298648 -69.59661804106864 ../testing_datasets/H3_epi.csv NeighborSum 32
0.0 0.15839500833315426 -1.28578 1.033761289 0.637086279 -63.11579728056044 ../testing_datasets/H3_epi.csv NeighborSum 32
0.0 0.14548278936372622 -1.76027 0.857445172 0.581951777 -67.22317541501484 ../testing_datasets/H3_epi.csv NeighborSum 32
0.0 0.13198862804014785 -4.75711 1.674021396 0.460665884 -76.30361012835145 ../testing_datasets/H3_epi.csv NeighborSum 32
0.0 0.13006648963431894 -4.41633 0.973501852 0.591731843 -68.96947882847931 ../testing_datasets/H3_epi.csv NeighborSum 32
0.0 0.14327443190285535 -2.95255 1.022611663 0.633192194 -67.8655076613489 ../testing_datasets/H3_epi.csv NeighborSum 32
0.0 0.11929963799057335 -4.01106 1.066444429 0.456087844 -80.33403342800192 ../testing_datasets/H3_epi.csv NeighborSum 32
0.0 0.1222939451123247 -3.00875 1.044997612 0.490030666 -85.50880949685961 ../testing_datasets/H3_epi.csv NeighborSum 32
0.0 0.13801628796795418 -1.36355 0.79112984 0.614803357 -78.8965108781216 ../testing_datasets/H3_epi.csv NeighborSum 32
0.0 0.1121407138846423 -4.80221 0.860397633 0.544333849 -81.7418234650182 ../testing_datasets/H3_epi.csv NeighborSum 32
0.0 0.11133600062326378 -3.31862 1.256955553 0.412356109 -97.83881133290454 ../testing_datasets/H3_epi.csv NeighborSum 32
0.0 0.10646392035804 -3.5095 0.706950877 0.566876072 -95.20125733734224 ../testing_datasets/H3_epi.csv NeighborSum 32
0.0 0.13041846663175 -0.0153 0.797042168 0.635124982 -99.20489438464904 ../testing_datasets/H3_epi.csv NeighborSum 32
0.0 0.1218576313850555 0.55593 0.973929637 0.491812211 -111.08722941883737 ../testing_datasets/H3_epi.csv NeighborSum 32
0.0 0.08200699735383349 -3.80654 0.694254731 0.425811019 -114.28868220512989 ../testing_datasets/H3_epi.csv NeighborSum 32
0.0 0.1118218300272996 -1.54641 0.891798479 0.586719497 -109.66161699086072 ../testing_datasets/H3_epi.csv NeighborSum 32
0.0 0.09564345845650638 -5.08613 1.261879668 0.551305233 -110.17282370257995 ../testing_datasets/H3_epi.csv NeighborSum 32
0.0 0.06519296280887395 -4.64777 0.820562394 0.449131647 -132.32951801251065 ../testing_datasets/H3_epi.csv NeighborSum 32
0.0 0.09373848511279065 -1.68062 1.040108166 0.498811407 -129.48427476731655 ../testing_datasets/H3_epi.csv NeighborSum 32
0.0 0.0923487179375683 -2.78645 0.869979244 0.521583404 -119.36798725823735 ../testing_datasets/H3_epi.csv NeighborSum 32
0.0 0.07168809652044718 -3.22231 1.179757521 0.378793401 -141.5072209327624 ../testing_datasets/H3_epi.csv NeighborSum 32
0.0 0.04114308343511722 -4.34332 0.601591722 0.464461998 -157.85964732622918 ../testing_datasets/H3_epi.csv NeighborSum 32
0.0 0.07324610502367719 -3.20198 1.083122381 0.536047447 -145.19864417838556 ../testing_datasets/H3_epi.csv NeighborSum 32
0.0 0.04441449563722333 -6.21378 1.006637211 0.307794794 -142.83670804745879 ../testing_datasets/H3_epi.csv NeighborSum 32
0.0 0.029515024604203993 -2.78339 0.432581259 0.422469544 -176.6582847306526 ../testing_datasets/H3_epi.csv NeighborSum 32
0.0 0.03818997940057628 -2.68834 0.611989681 0.553563832 -178.6142962718587 ../testing_datasets/H3_epi.csv NeighborSum 32
0.0 0.06252649058118274 -2.1739 1.058319156 0.455904878 -160.85510204926362 ../testing_datasets/H3_epi.csv NeighborSum 32
0.0 0.037164981481917186 -2.87977 0.667925035 0.407145028 -172.4607120782394 ../testing_datasets/H3_epi.csv NeighborSum 32
0.0 0.0023655293929582266 -4.21333 0.345201153 0.470765546 -197.9650144953646 ../testing_datasets/H3_epi.csv NeighborSum 32
0.0 0.03553414384383466 -3.98978 1.059536526 0.491412183 -180.79715652566156 ../testing_datasets/H3_epi.csv NeighborSum 32
0.0 0.046590332611617116 -2.81077 0.794924622 0.385400415 -164.18381644051388 ../testing_datasets/H3_epi.csv NeighborSum 32
0.0 0.012925643483642002 -5.25553 0.70427318 0.437332735 -185.61052863352054 ../testing_datasets/H3_epi.csv NeighborSum 32
0.0 0.02220300442199552 -3.32452 0.750990428 0.49708766 -193.52417842150703 ../testing_datasets/H3_epi.csv NeighborSum 32
0.0 0.05080781041967018 -2.71549 0.921750244 0.361690652 -162.1371171551124 ../testing_datasets/H3_epi.csv NeighborSum 32
0.0 0.042678668196586195 -4.78668 0.731156107 0.413983088 -153.62791458253307 ../testing_datasets/H3_epi.csv NeighborSum 32
0.0 0.022586511862807246 -5.0761 0.687332561 0.456874455 -176.11595451393782 ../testing_datasets/H3_epi.csv NeighborSum 32
0.0 0.04453695097799355 -5.39295 1.128182407 0.4428872 -158.99202725700502 ../testing_datasets/H3_epi.csv NeighborSum 32
0.0 0.07683169490287427 -1.88965 0.651141511 0.46636381 -135.73973953714668 ../testing_datasets/H3_epi.csv NeighborSum 32
0.0 0.07037415661547049 -3.8445 1.092719543 0.450734477 -139.67165470481882 ../testing_datasets/H3_epi.csv NeighborSum 32
0.0 0.0393001953166742 -7.82524 1.012464666 0.427269469 -142.92095545210657 ../testing_datasets/H3_epi.csv NeighborSum 32
0.0 0.0857936774308425 -3.80103 1.015872496 0.393047444 -116.84440430500683 ../testing_datasets/H3_epi.csv NeighborSum 32
0.0 0.10385839476171423 -2.00459 0.711453749 0.463939507 -104.52494584656542 ../testing_datasets/H3_epi.csv NeighborSum 32
0.0 0.10075078324851666 -3.6809 1.115958164 0.485260775 -107.48724550736704 ../testing_datasets/H3_epi.csv NeighborSum 32
0.0 0.13102039766505857 -0.25187 0.823143494 0.414461947 -86.2305587490285 ../testing_datasets/H3_epi.csv NeighborSum 32
0.0 0.09655567941737013 -2.19764 1.451526067 0.296096304 -123.04091706610932 ../testing_datasets/H3_epi.csv NeighborSum 32
0.0 0.09038456804505617 -2.86952 1.312299207 0.48675974 -131.16844283393172 ../testing_datasets/H3_epi.csv NeighborSum 32
0.0 0.11772866479579613 -2.86086 0.912711905 0.56537855 -92.2692416440974 ../testing_datasets/H3_epi.csv NeighborSum 32
0.0 0.09088637687609968 -6.19442 1.516847775 0.560533917 -114.73409060254363 ../testing_datasets/H3_epi.csv NeighborSum 32
0.0 0.13531371630367456 -1.96319 0.97506998 0.460823665 -74.69518841507822 ../testing_datasets/H3_epi.csv NeighborSum 32
0.0 0.1072527343601725 -2.92345 0.620981734 0.470468653 -91.49757659630484 ../testing_datasets/H3_epi.csv NeighborSum 32
0.0 0.1419069550092688 0.75182 0.657617848 0.419822546 -76.79934345650634 ../testing_datasets/H3_epi.csv NeighborSum 32
0.0 0.11184703020880067 -1.66416 1.255474233 0.361532806 -107.09828082843138 ../testing_datasets/H3_epi.csv NeighborSum 32
0.0 0.07779010390405369 -4.2178 1.196279444 0.388813265 -127.76152198384942 ../testing_datasets/H3_epi.csv NeighborSum 32
0.0 0.11543493092642709 -0.67915 0.607995014 0.582008488 -104.08521664471961 ../testing_datasets/H3_epi.csv NeighborSum 32
0.0 0.09490281684347665 -1.10036 0.550428197 0.513791627 -120.09841217318355 ../testing_datasets/H3_epi.csv NeighborSum 32
0.0 0.04716558215510429 -5.2012 1.184196075 0.392317454 -156.28235535720754 ../testing_datasets/H3_epi.csv NeighborSum 32
0.0 0.08329075865011498 -2.74257 1.096636703 0.534449489 -137.10983304652865 ../testing_datasets/H3_epi.csv NeighborSum 32
0.0 0.09660720413806534 -1.89528 0.408940997 0.621989157 -113.77902377190941 ../testing_datasets/H3_epi.csv NeighborSum 32
0.0 0.05736738570297881 -3.32553 0.729475299 0.462519736 -149.75410535594304 ../testing_datasets/H3_epi.csv NeighborSum 32
0.0 0.05320237787057944 -3.22984 1.268900122 0.431765031 -168.3095192103227 ../testing_datasets/H3_epi.csv NeighborSum 32
0.0 0.08671228111714262 -3.00248 0.702256702 0.594060732 -123.54906980414096 ../testing_datasets/H3_epi.csv NeighborSum 32
0.0 0.0980330177950004 -1.97056 0.87665334 0.578834163 -121.90360319160841 ../testing_datasets/H3_epi.csv NeighborSum 32
0.0 0.06385044108757927 -1.88963 1.150906151 0.44943011 -163.5969697520783 ../testing_datasets/H3_epi.csv NeighborSum 32
0.0 0.06877420306328491 -4.84453 0.975306772 0.579266 -137.37572384948604 ../testing_datasets/H3_epi.csv NeighborSum 32
0.0 0.12962378112563638 1.07773 0.923744322 0.520739632 -105.98997870400454 ../testing_datasets/H3_epi.csv NeighborSum 32
0.0 0.09413132723561023 -1.05014 0.83649241 0.365010035 -121.52823009389867 ../testing_datasets/H3_epi.csv NeighborSum 32
0.0 0.0764962402467449 -2.52051 1.09437991 0.407446563 -140.29383772929762 ../testing_datasets/H3_epi.csv NeighborSum 32
0.0 0.10942713958775924 -0.65501 0.708683209 0.612620955 -115.6010122947683 ../testing_datasets/H3_epi.csv NeighborSum 32
0.0 0.12834059581580412 -1.97508 0.593224647 0.392259914 -69.09390000767569 ../testing_datasets/H3_epi.csv NeighborSum 32
0.0 0.1307314096038772 -3.57439 0.857243788 0.556167087 -69.6113557706007 ../testing_datasets/H3_epi.csv NeighborSum 32
0.0 0.145921033477292 -0.00559 0.31878471 0.380062688 -55.24458940310078 ../testing_datasets/H3_epi.csv NeighborSum 32
0.0 0.14962916425909645 -2.62371 0.760981142 0.439272669 -46.005734870893505 ../testing_datasets/H3_epi.csv NeighborSum 32
0.0 0.15307579707944483 -0.21843 0.207246088 0.414991602 -43.98420877827688 ../testing_datasets/H3_epi.csv NeighborSum 32
0.0 0.1264684148514399 -0.96302 0.779605479 0.314603852 -80.00167582202484 ../testing_datasets/H3_epi.csv NeighborSum 32
0.0 0.13127692355481488 -0.73868 0.252588801 0.493516488 -70.94246992933446 ../testing_datasets/H3_epi.csv NeighborSum 32
0.0 0.08096284107451814 -5.45621 0.707217285 0.364622847 -100.32570241941484 ../testing_datasets/H3_epi.csv NeighborSum 32
0.0 0.11979977851962556 -3.10496 0.204689558 0.601322518 -70.79752733930782 ../testing_datasets/H3_epi.csv NeighborSum 32
0.0 0.08729896591298845 -4.12046 1.04134297 0.487016267 -118.1075872731952 ../testing_datasets/H3_epi.csv NeighborSum 32
0.0 0.1143718728839268 -2.06128 0.595059183 0.57918101 -94.4240658367082 ../testing_datasets/H3_epi.csv NeighborSum 32
0.0 0.1114399350169563 -0.31143 0.931770858 0.502247853 -116.21777913161928 ../testing_datasets/H3_epi.csv NeighborSum 32
0.0 0.0901348331001687 -4.28469 0.872256556 0.432441566 -106.22178818074855 ../testing_datasets/H3_epi.csv NeighborSum 32
0.0 0.11091433935372917 -1.25944 1.212739305 0.584495518 -121.40029711114026 ../testing_datasets/H3_epi.csv NeighborSum 32
0.0 0.10903669605214668 -4.81659 0.426957457 0.57182225 -75.04485379812014 ../testing_datasets/H3_epi.csv NeighborSum 32
0.0 0.1317313468236338 -0.53857 0.092517369 0.496861171 -67.78734347017772 ../testing_datasets/H3_epi.csv NeighborSum 32
0.0 0.13502691313009074 -0.1696 0.261605919 0.389021693 -65.76253056958434 ../testing_datasets/H3_epi.csv NeighborSum 32
0.0 0.11608613956915673 -1.14458 1.005179347 0.391918259 -100.84057713150732 ../testing_datasets/H3_epi.csv NeighborSum 32
0.0 0.1020578358771365 -2.80542 0.655162333 0.520932103 -101.98367710589864 ../testing_datasets/H3_epi.csv NeighborSum 32
0.0 0.12260599260188819 -0.35188 0.205533792 0.468353003 -81.5374488538788 ../testing_datasets/H3_epi.csv NeighborSum 32
0.0 0.11727826586405281 -1.76164 0.757078726 0.392518945 -88.15087063388567 ../testing_datasets/H3_epi.csv NeighborSum 32
0.0 0.10598459574047661 -1.87786 1.355263093 0.3525717 -114.61967084678797 ../testing_datasets/H3_epi.csv NeighborSum 32
0.0 0.12814791128224415 -0.61363 0.484034328 0.641637324 -89.29306395548016 ../testing_datasets/H3_epi.csv NeighborSum 32
1.0 0.15084400677663976 -4.75777 0.70281483 0.69905717 -40.08318766037323 ../testing_datasets/H3_epi.csv NeighborSum 32
1.0 0.16280991365910752 -1.29402 0.211964021 0.647833971 -36.32925247797692 ../testing_datasets/H3_epi.csv NeighborSum 32
0.0 0.14823894755491188 -1.45537 0.612367541 0.483448964 -54.70259493451317 ../testing_datasets/H3_epi.csv NeighborSum 32
0.0 0.14645930918122216 -3.89779 1.196666614 0.428008725 -51.260768664170975 ../testing_datasets/H3_epi.csv NeighborSum 32
1.0 0.16474913677594807 -2.7384 0.715100347 0.579302426 -33.189357534059006 ../testing_datasets/H3_epi.csv NeighborSum 32
1.0 0.1461440946791558 -3.62681 0.115711929 0.595265533 -33.1252754399522 ../testing_datasets/H3_epi.csv NeighborSum 32
0.0 0.15357711403257895 -1.29095 0.690582744 0.501678063 -52.67675296346448 ../testing_datasets/H3_epi.csv NeighborSum 32
1.0 0.15785546316643814 -3.75295 1.196403002 0.476626621 -41.3819388655091 ../testing_datasets/H3_epi.csv NeighborSum 32
1.0 0.1708876286909962 -2.54344 0.483154326 0.679766952 -26.289523477793036 ../testing_datasets/H3_epi.csv NeighborSum 32
1.0 0.17631994951695576 0.51657 0.130677272 0.627926417 -30.873527150569767 ../testing_datasets/H3_epi.csv NeighborSum 32
0.0 0.16381327074692564 -0.9336 0.943695555 0.451696998 -47.574613003544094 ../testing_datasets/H3_epi.csv NeighborSum 32
1.0 0.17692886089430912 -1.79045 0.958617728 0.546161722 -30.846791981250966 ../testing_datasets/H3_epi.csv NeighborSum 32
1.0 0.17317742924543295 -1.32404 0.262675306 0.630650387 -24.378109223437345 ../testing_datasets/H3_epi.csv NeighborSum 32
0.0 0.1722206974997803 0.18962 0.539623645 0.504267199 -37.952697075513974 ../testing_datasets/H3_epi.csv NeighborSum 32
0.0 0.17220368619702475 -2.26927 1.223431364 0.481973491 -36.66152556248669 ../testing_datasets/H3_epi.csv NeighborSum 32
1.0 0.2038723569668132 1.60892 0.815664173 0.630753393 -25.183885878490607 ../testing_datasets/H3_epi.csv NeighborSum 32
0.0 0.20125741498782135 -0.31093 0.760532859 0.78011504 -19.875175287388096 ../testing_datasets/H3_epi.csv NeighborSum 32
1.0 0.2022321828173344 0.0206 0.854286305 0.730994594 -21.25516080348121 ../testing_datasets/H3_epi.csv NeighborSum 32
1.0 0.20446842188712694 0.38414 1.153800785 0.749115592 -30.322747785797606 ../testing_datasets/H3_epi.csv NeighborSum 32
1.0 0.18345266486308923 -0.37162 1.042818155 0.578004096 -37.73441511999007 ../testing_datasets/H3_epi.csv NeighborSum 32
0.0 0.19468489063209415 -1.01975 0.812858912 0.74782007 -22.042475353838608 ../testing_datasets/H3_epi.csv NeighborSum 32
0.0 0.16277055020312486 -3.49857 1.048833101 0.623264499 -40.977194411320205 ../testing_datasets/H3_epi.csv NeighborSum 32
0.0 0.21511004285860855 2.34185 1.118867783 0.657316866 -26.957931148248246 ../testing_datasets/H3_epi.csv NeighborSum 32
0.0 0.20010375483526227 1.81148 1.004286968 0.666177814 -38.01192417095394 ../testing_datasets/H3_epi.csv NeighborSum 32
0.0 0.17159985806640712 -0.82393 0.864627887 0.666824629 -48.00527525756641 ../testing_datasets/H3_epi.csv NeighborSum 32
0.0 0.16105720820554098 -2.21698 1.682866623 0.363254491 -56.51025865301446 ../testing_datasets/H3_epi.csv NeighborSum 32
0.0 0.17254916073036514 -0.0665 0.973980498 0.403111979 -42.17168968809618 ../testing_datasets/H3_epi.csv NeighborSum 32
0.0 0.16275724549963894 -1.59397 1.019964963 0.435621943 -45.07224650048672 ../testing_datasets/H3_epi.csv NeighborSum 32
0.0 0.18710844791854256 -0.5896 1.080741775 0.511120366 -29.412123449804753 ../testing_datasets/H3_epi.csv NeighborSum 32
0.0 0.1814188126715477 -1.46618 1.026439054 0.565670623 -30.811606863624572 ../testing_datasets/H3_epi.csv NeighborSum 32
0.0 0.1980332203325898 -0.25813 0.783120339 0.570654191 -14.064575061495768 ../testing_datasets/H3_epi.csv NeighborSum 32
0.0 0.19341392819826742 -1.41549 0.87491363 0.640544341 -16.785800446829505 ../testing_datasets/H3_epi.csv NeighborSum 32
0.0 0.21163612499707565 1.21723 1.273974642 0.639236861 -25.818793862026713 ../testing_datasets/H3_epi.csv NeighborSum 32
0.0 0.17082434933179266 -2.39566 0.698662507 0.6397586 -31.238024509080812 ../testing_datasets/H3_epi.csv NeighborSum 32
0.0 0.1796866678846586 -0.94351 0.806137062 0.596440879 -32.43781253501872 ../testing_datasets/H3_epi.csv NeighborSum 32
0.0 0.16248986746879426 -2.80478 0.999791515 0.541202652 -41.06470623334769 ../testing_datasets/H3_epi.csv NeighborSum 32
0.0 0.16265331024098545 0.05205 0.723010869 0.429522132 -49.32488224049028 ../testing_datasets/H3_epi.csv NeighborSum 32
0.0 0.159732477600238 -2.47256 0.9134052 0.493951519 -42.10494244579506 ../testing_datasets/H3_epi.csv NeighborSum 32
0.0 0.15660469153425952 -4.09892 1.177075753 0.602264421 -46.09423130476156 ../testing_datasets/H3_epi.csv NeighborSum 32
0.0 0.12565411921190014 -5.40796 0.866090372 0.447345866 -56.4893446699026 ../testing_datasets/H3_epi.csv NeighborSum 32
0.0 0.12742471577551384 -5.7612 1.040738514 0.382127 -53.12399278611923 ../testing_datasets/H3_epi.csv NeighborSum 32
0.0 0.14870672649121344 -3.20132 0.883922457 0.544771566 -51.38399815183127 ../testing_datasets/H3_epi.csv NeighborSum 32
0.0 0.13767124272068648 -3.80354 1.192942461 0.423177569 -61.98140797251165 ../testing_datasets/H3_epi.csv NeighborSum 32
0.0 0.11439586122478693 -4.44307 0.598159525 0.403076121 -67.5932386886121 ../testing_datasets/H3_epi.csv NeighborSum 32
0.0 0.1375646490448571 -4.42333 1.063868523 0.531204229 -59.44121442378605 ../testing_datasets/H3_epi.csv NeighborSum 32
0.0 0.15480181573098714 -1.52687 1.020103694 0.530667803 -59.77198912141471 ../testing_datasets/H3_epi.csv NeighborSum 32
0.0 0.12300112425032268 -2.32609 0.436271469 0.437249809 -70.80342825986124 ../testing_datasets/H3_epi.csv NeighborSum 32
0.0 0.13464841797876642 -1.10892 0.535295504 0.46735749 -70.44357426890058 ../testing_datasets/H3_epi.csv NeighborSum 32
0.0 0.1620768260783169 -1.28695 1.043296385 0.624816382 -58.40308132281992 ../testing_datasets/H3_epi.csv NeighborSum 32
0.0 0.13284824189675126 -3.82857 0.716735645 0.489040682 -58.02577284457795 ../testing_datasets/H3_epi.csv NeighborSum 32
0.0 0.1074546346281684 -5.14881 0.332333688 0.449105671 -65.64413912722924 ../testing_datasets/H3_epi.csv NeighborSum 32
0.0 0.14973133638396918 -1.62541 0.984743405 0.469638647 -60.961136649276504 ../testing_datasets/H3_epi.csv NeighborSum 32
0.0 0.16263566117920347 -1.30478 0.827641358 0.603729944 -50.75080278938994 ../testing_datasets/H3_epi.csv NeighborSum 32
0.0 0.1411465850704759 -2.93369 0.752629948 0.500263238 -56.529221078583504 ../testing_datasets/H3_epi.csv NeighborSum 32
0.0 0.13784804325202366 -2.75751 0.760721617 0.439325834 -58.873735956805305 ../testing_datasets/H3_epi.csv NeighborSum 32
0.0 0.16805537878231538 -1.34156 0.993678795 0.579146798 -47.30030503585418 ../testing_datasets/H3_epi.csv NeighborSum 32
0.0 0.16220698539965706 -2.12549 0.800457834 0.606546749 -44.47946382201599 ../testing_datasets/H3_epi.csv NeighborSum 32
0.0 0.13718200951890291 -3.61401 0.704684042 0.481717532 -53.84279564519968 ../testing_datasets/H3_epi.csv NeighborSum 32
0.0 0.15522271182560501 -2.19707 1.140684827 0.421130542 -51.9090276157029 ../testing_datasets/H3_epi.csv NeighborSum 32
0.0 0.17711773530202826 0.85552 0.70700435 0.571915455 -45.12701353243358 ../testing_datasets/H3_epi.csv NeighborSum 32
0.0 0.16551814966093428 -1.46995 1.090830856 0.551696943 -50.53935852869046 ../testing_datasets/H3_epi.csv NeighborSum 32
0.0 0.1319687608654345 -4.86162 1.013050303 0.439234554 -56.70430412605644 ../testing_datasets/H3_epi.csv NeighborSum 32
0.0 0.1432639165726795 -4.15352 0.997334168 0.460810882 -49.40695387497081 ../testing_datasets/H3_epi.csv NeighborSum 32
0.0 0.15805377038156587 -1.95822 0.700903709 0.614625217 -48.370614125417454 ../testing_datasets/H3_epi.csv NeighborSum 32
0.0 0.1574007356483844 -0.48431 1.057297943 0.509948747 -64.52087017344293 ../testing_datasets/H3_epi.csv NeighborSum 32
0.0 0.1462297533863261 -0.54065 0.801095412 0.454936861 -67.59109274350804 ../testing_datasets/H3_epi.csv NeighborSum 32
0.0 0.16286593025241441 -2.17009 1.414119983 0.499189536 -54.40466819898567 ../testing_datasets/H3_epi.csv NeighborSum 32
0.0 0.16688993907413568 -0.71104 1.320760203 0.602191007 -63.37907184281243 ../testing_datasets/H3_epi.csv NeighborSum 32
0.0 0.1256281655149898 -3.95962 1.078336037 0.518546851 -76.74964334422738 ../testing_datasets/H3_epi.csv NeighborSum 32
0.0 0.15563352646573947 -1.45186 1.527139493 0.457961345 -69.28839001892766 ../testing_datasets/H3_epi.csv NeighborSum 32
0.0 0.1471249269380629 -2.32088 0.995512046 0.525460049 -61.90529155715117 ../testing_datasets/H3_epi.csv NeighborSum 32
0.0 0.10314638472760297 -7.53053 0.809259689 0.603318369 -73.38024393314171 ../testing_datasets/H3_epi.csv NeighborSum 32
0.0 0.11969040370453446 -2.73052 0.661070452 0.549756481 -83.39195153495616 ../testing_datasets/H3_epi.csv NeighborSum 32
0.0 0.13829754644420622 -4.30751 1.286137987 0.580807725 -67.93315355983361 ../testing_datasets/H3_epi.csv NeighborSum 32
0.0 0.1502213467995975 -1.72581 1.206935439 0.634181451 -73.9310599827251 ../testing_datasets/H3_epi.csv NeighborSum 32
0.0 0.126415172374463 -1.18195 0.629992918 0.619746482 -89.85882515833181 ../testing_datasets/H3_epi.csv NeighborSum 32
0.0 0.12158729435878543 -2.64982 0.537023876 0.62398496 -82.19603507182427 ../testing_datasets/H3_epi.csv NeighborSum 32
0.0 0.14331846863400632 -3.12395 1.163806547 0.628880946 -70.09396888053143 ../testing_datasets/H3_epi.csv NeighborSum 32
0.0 0.1304177173690821 -3.51753 1.138946126 0.579603666 -79.16173815591634 ../testing_datasets/H3_epi.csv NeighborSum 32
0.0 0.10781899847792686 -3.43685 0.433889401 0.575833243 -87.27407542540232 ../testing_datasets/H3_epi.csv NeighborSum 32
0.0 0.13775729263332465 -1.85087 0.753158473 0.620360106 -74.7886095447555 ../testing_datasets/H3_epi.csv NeighborSum 32
0.0 0.14350394846106837 -3.30034 1.307695958 0.541796192 -67.99601139378623 ../testing_datasets/H3_epi.csv NeighborSum 32
0.0 0.1278323959890989 -1.83852 0.821615474 0.460142172 -80.29522430689426 ../testing_datasets/H3_epi.csv NeighborSum 32
0.0 0.13063206793553092 -2.82625 0.867244679 0.563614512 -76.01630656902957 ../testing_datasets/H3_epi.csv NeighborSum 32
0.0 0.15680806453931523 -0.99022 1.13120506 0.501806143 -62.975918748238094 ../testing_datasets/H3_epi.csv NeighborSum 32
0.0 0.12751868545383088 -6.09864 0.951889434 0.560343008 -57.11369192753505 ../testing_datasets/H3_epi.csv NeighborSum 32
0.0 0.18155388025137525 5.26967 0.825507389 0.413718163 -68.35410147283551 ../testing_datasets/H3_epi.csv NeighborSum 32
0.0 0.16880131647243368 3.39804 0.793110125 0.251239882 -60.16206771531534 ../testing_datasets/H3_epi.csv NeighborSum 32
0.0 0.15572552960887429 -3.83505 1.031493409 0.607399108 -45.47102998382746 ../testing_datasets/H3_epi.csv NeighborSum 32
0.0 0.14989307485204137 -2.42327 0.864759332 0.541983715 -55.19783986691369 ../testing_datasets/H3_epi.csv NeighborSum 32
0.0 0.12178771028737109 -4.71313 0.61270284 0.33415347 -53.74497823867353 ../testing_datasets/H3_epi.csv NeighborSum 32
0.0 0.1200496500086462 -4.36946 0.884873647 0.462233314 -72.18334557222884 ../testing_datasets/H3_epi.csv NeighborSum 32
0.0 0.14364841167808193 -0.29921 0.640065215 0.254434063 -57.9690303675459 ../testing_datasets/H3_epi.csv NeighborSum 32
0.0 0.12654664109668107 -1.95715 0.851685847 0.316120234 -74.42481590648313 ../testing_datasets/H3_epi.csv NeighborSum 32
0.0 0.12837366820884144 -2.09951 0.348089293 0.261316096 -54.898654513674146 ../testing_datasets/H3_epi.csv NeighborSum 32
0.0 0.1301606138341464 -2.13756 0.862810622 0.335489908 -70.08633124099036 ../testing_datasets/H3_epi.csv NeighborSum 32
0.0 0.15504232596036252 -0.64753 0.592361004 0.502324198 -53.1978450416475 ../testing_datasets/H3_epi.csv NeighborSum 32
0.0 0.1269708944368299 -5.0457 0.872087436 0.403206386 -55.59404993563262 ../testing_datasets/H3_epi.csv NeighborSum 32
0.0 0.14496621685081096 -2.30736 0.212941744 0.541336978 -44.34157089460631 ../testing_datasets/H3_epi.csv NeighborSum 32
0.0 0.1647045473186156 -3.20706 1.046359446 0.614300241 -40.37611901682413 ../testing_datasets/H3_epi.csv NeighborSum 32
0.0 0.15065231698787918 -4.24697 0.561512033 0.590431103 -34.86231463288169 ../testing_datasets/H3_epi.csv NeighborSum 32
0.0 0.16769772289410753 -4.26129 0.924414753 0.661403561 -28.0115131235264 ../testing_datasets/H3_epi.csv NeighborSum 32
0.0 0.18643880610750682 -1.33014 0.847142193 0.583158969 -21.99432176590821 ../testing_datasets/H3_epi.csv NeighborSum 32
0.0 0.19761117233789757 -0.00773 1.19843548 0.69259174 -33.78144031834556 ../testing_datasets/H3_epi.csv NeighborSum 32
0.0 0.16013313099891846 -4.68592 0.445627454 0.616167129 -18.573517553281786 ../testing_datasets/H3_epi.csv NeighborSum 32
0.0 0.16346294381220086 -2.16794 0.155453728 0.548487042 -22.41754348094358 ../testing_datasets/H3_epi.csv NeighborSum 32
0.0 0.17867184248765755 0.10503 0.29890498 0.508037714 -23.440839116924636 ../testing_datasets/H3_epi.csv NeighborSum 32
0.0 0.174018690577789 -1.88707 0.885523229 0.50698248 -29.598977877168014 ../testing_datasets/H3_epi.csv NeighborSum 32
0.0 0.165058369322778 -2.67076 0.693656821 0.591047054 -33.354437035976545 ../testing_datasets/H3_epi.csv NeighborSum 32
0.0 0.17233493165840086 -0.33149 0.530187444 0.53873164 -35.38131900208293 ../testing_datasets/H3_epi.csv NeighborSum 32
0.0 0.1625041785841338 -3.02644 0.883519866 0.452514967 -31.75990076068174 ../testing_datasets/H3_epi.csv NeighborSum 32
0.0 0.14977657563714447 -4.0757 1.387089416 0.295413638 -44.40459274354459 ../testing_datasets/H3_epi.csv NeighborSum 32
1.0 0.16925516435169605 -1.53205 0.778761919 0.681401239 -43.860757464540164 ../testing_datasets/H3_epi.csv NeighborSum 32
1.0 0.1551942702360564 -4.91755 0.859310583 0.702726693 -38.14067697308983 ../testing_datasets/H3_epi.csv NeighborSum 32
1.0 0.16522150608466113 -1.27514 0.297774008 0.643291799 -35.704152629480184 ../testing_datasets/H3_epi.csv NeighborSum 32
0.0 0.15029560363246636 -1.29311 0.63965973 0.479991183 -54.06059546659685 ../testing_datasets/H3_epi.csv NeighborSum 32
0.0 0.1476005131169378 -3.85198 1.182778761 0.425444972 -49.75875745682056 ../testing_datasets/H3_epi.csv NeighborSum 32
1.0 0.16710741345387642 -2.85527 0.804572899 0.583190318 -32.12887918377647 ../testing_datasets/H3_epi.csv NeighborSum 32
1.0 0.14966802504460147 -3.44489 0.209785592 0.591967233 -32.70401151146285 ../testing_datasets/H3_epi.csv NeighborSum 32
0.0 0.15439258142097073 -1.25972 0.710732654 0.48401853 -51.59761709144661 ../testing_datasets/H3_epi.csv NeighborSum 32
1.0 0.15959186435959716 -3.69254 1.229652285 0.474846113 -40.59415781562361 ../testing_datasets/H3_epi.csv NeighborSum 32
1.0 0.17387854687720106 -2.40279 0.546764592 0.681350678 -25.61444238484529 ../testing_datasets/H3_epi.csv NeighborSum 32
1.0 0.17791236227025753 0.43991 0.148827361 0.631045646 -29.0645577845752 ../testing_datasets/H3_epi.csv NeighborSum 32
0.0 0.16429421707736092 -1.08336 0.988284263 0.434100289 -46.1841492990923 ../testing_datasets/H3_epi.csv NeighborSum 32
1.0 0.17853890747707032 -1.6756 0.97372298 0.544192875 -30.121687834136484 ../testing_datasets/H3_epi.csv NeighborSum 32
1.0 0.17270244471278323 -1.69697 0.267811892 0.632829896 -22.37375817998678 ../testing_datasets/H3_epi.csv NeighborSum 32
0.0 0.1675073308227311 -0.40057 0.525778473 0.436773712 -35.26353618819172 ../testing_datasets/H3_epi.csv NeighborSum 32
0.0 0.17514863506802186 -1.98033 1.253416225 0.487119349 -36.43650129139094 ../testing_datasets/H3_epi.csv NeighborSum 32
1.0 0.2039829851868411 1.59349 0.812587298 0.627322263 -24.680682923459415 ../testing_datasets/H3_epi.csv NeighborSum 32
0.0 0.20246635343912153 -0.21564 0.750926705 0.78332428 -19.07401432181063 ../testing_datasets/H3_epi.csv NeighborSum 32
1.0 0.20493248443319206 -0.03585 0.896655797 0.739252699 -19.203966626399687 ../testing_datasets/H3_epi.csv NeighborSum 32
1.0 0.20225908380380986 0.38713 1.164038449 0.703406116 -30.907097689336926 ../testing_datasets/H3_epi.csv NeighborSum 32
1.0 0.18308526465215622 -0.38731 1.014292453 0.540255779 -35.37014128378929 ../testing_datasets/H3_epi.csv NeighborSum 32
0.0 0.19099946421714886 -1.57996 0.823902963 0.748905845 -22.511748167216176 ../testing_datasets/H3_epi.csv NeighborSum 32
0.0 0.15473530345529296 -4.22743 1.050005639 0.553238002 -41.43124101567139 ../testing_datasets/H3_epi.csv NeighborSum 32
0.0 0.215032468277486 2.68302 1.118057678 0.644745921 -28.963429701643307 ../testing_datasets/H3_epi.csv NeighborSum 32
0.0 0.1834546482500236 2.00924 1.024392338 0.273106697 -39.74168191386249 ../testing_datasets/H3_epi.csv NeighborSum 32
0.0 0.16830653164049264 -0.82497 0.811640813 0.612915315 -47.72321470525972 ../testing_datasets/H3_epi.csv NeighborSum 32
0.0 0.16945841689313432 -2.29809 1.672334066 0.588790597 -57.145763334077444 ../testing_datasets/H3_epi.csv NeighborSum 32
0.0 0.17843506899831763 -0.11523 0.990691291 0.562892802 -43.41452375044157 ../testing_datasets/H3_epi.csv NeighborSum 32
0.0 0.16134314476825376 -1.85847 1.020979387 0.463587352 -46.18812133284245 ../testing_datasets/H3_epi.csv NeighborSum 32
0.0 0.1854735138743773 -0.5931 1.055795637 0.514859204 -30.83172040318484 ../testing_datasets/H3_epi.csv NeighborSum 32
0.0 0.18167754231986238 -1.40486 1.066198821 0.565636186 -32.035081669492634 ../testing_datasets/H3_epi.csv NeighborSum 32
0.0 0.19746068760441393 -0.24762 0.778543834 0.571814993 -14.754363954955405 ../testing_datasets/H3_epi.csv NeighborSum 32
0.0 0.19259141442723032 -1.41029 0.847986298 0.640120458 -17.04961680955637 ../testing_datasets/H3_epi.csv NeighborSum 32
0.0 0.21035007214937457 1.12562 1.275809547 0.640861635 -26.7748527032956 ../testing_datasets/H3_epi.csv NeighborSum 32
0.0 0.17079350731423631 -2.33122 0.741038623 0.619450974 -31.869147447044984 ../testing_datasets/H3_epi.csv NeighborSum 32
0.0 0.17833997754606615 -0.92338 0.764726784 0.591459914 -32.81201441865589 ../testing_datasets/H3_epi.csv NeighborSum 32
0.0 0.16044674033602166 -2.8022 0.943782976 0.528581312 -41.347980197594765 ../testing_datasets/H3_epi.csv NeighborSum 32
0.0 0.1575161227412568 -0.01974 0.714746749 0.328057281 -49.47290505871557 ../testing_datasets/H3_epi.csv NeighborSum 32
0.0 0.15905485743052858 -2.48348 0.930253372 0.484794605 -42.809400224927785 ../testing_datasets/H3_epi.csv NeighborSum 32
0.0 0.1582499644956605 -4.05156 1.256053567 0.603275949 -46.68480729222477 ../testing_datasets/H3_epi.csv NeighborSum 32
0.0 0.12384070032098887 -5.37611 0.835810015 0.420346607 -56.68496473047559 ../testing_datasets/H3_epi.csv NeighborSum 32
0.0 0.12868581857210862 -5.67761 1.083273344 0.3953137 -54.07883733331511 ../testing_datasets/H3_epi.csv NeighborSum 32
0.0 0.1489100350560666 -3.15799 0.886397964 0.554881606 -52.05000311476347 ../testing_datasets/H3_epi.csv NeighborSum 32
0.0 0.13375189283325492 -4.5826 1.218344686 0.424243444 -61.46042856554817 ../testing_datasets/H3_epi.csv NeighborSum 32
0.0 0.11516685614130143 -4.29972 0.617600794 0.398735687 -68.06794224364802 ../testing_datasets/H3_epi.csv NeighborSum 32
0.0 0.13924385956666863 -4.19526 1.0464075 0.569476161 -60.65313773037728 ../testing_datasets/H3_epi.csv NeighborSum 32
0.0 0.1538043340866944 -1.70948 1.026717248 0.53272905 -59.8522096111885 ../testing_datasets/H3_epi.csv NeighborSum 32
0.0 0.1226189035118084 -2.48409 0.518199171 0.40001798 -70.37550627540452 ../testing_datasets/H3_epi.csv NeighborSum 32
0.0 0.12569731648493257 -2.68823 0.539287956 0.483434805 -70.0021947084942 ../testing_datasets/H3_epi.csv NeighborSum 32
0.0 0.16125307978373296 -1.20313 1.023206693 0.632002374 -59.830478811288536 ../testing_datasets/H3_epi.csv NeighborSum 32
0.0 0.12866643221295684 -4.34651 0.728241107 0.476373758 -58.71417151443248 ../testing_datasets/H3_epi.csv NeighborSum 32
0.0 0.10714438172035552 -4.60651 0.328855717 0.396911669 -67.36107372623982 ../testing_datasets/H3_epi.csv NeighborSum 32
0.0 0.15158147637793065 -1.7083 0.974385705 0.554862987 -62.196628891684 ../testing_datasets/H3_epi.csv NeighborSum 32
0.0 0.160485427670925 -1.49109 0.843482432 0.611772961 -52.712270887908275 ../testing_datasets/H3_epi.csv NeighborSum 32
0.0 0.13844923448750365 -3.04207 0.746764275 0.493207108 -58.375021401279795 ../testing_datasets/H3_epi.csv NeighborSum 32
0.0 0.13785352840437975 -2.69687 0.741876229 0.45682828 -59.70546055721655 ../testing_datasets/H3_epi.csv NeighborSum 32
0.0 0.16553642614957328 -1.18715 0.873741936 0.593139238 -48.92124074462606 ../testing_datasets/H3_epi.csv NeighborSum 32
0.0 0.158467846428389 -2.17792 0.715975754 0.61215617 -46.5054958411664 ../testing_datasets/H3_epi.csv NeighborSum 32
0.0 0.13308764650231747 -3.79772 0.676692141 0.449198465 -54.882108338319256 ../testing_datasets/H3_epi.csv NeighborSum 32
0.0 0.1577880801122624 -2.1581 1.149109632 0.476781449 -52.22651631608367 ../testing_datasets/H3_epi.csv NeighborSum 32
0.0 0.1757927664873379 0.9376 0.663963377 0.57104252 -46.10718970682942 ../testing_datasets/H3_epi.csv NeighborSum 32
0.0 0.163983426275706 -1.41486 1.038341646 0.559444308 -51.74626215375039 ../testing_datasets/H3_epi.csv NeighborSum 32
0.0 0.1319824442765774 -4.72697 1.00931652 0.431092985 -57.19079154622 ../testing_datasets/H3_epi.csv NeighborSum 32
0.0 0.14841508921175964 -3.45534 1.009611947 0.486794408 -50.249075901512505 ../testing_datasets/H3_epi.csv NeighborSum 32
0.0 0.1560918780701378 -2.04081 0.652709931 0.616720799 -48.871490408138726 ../testing_datasets/H3_epi.csv NeighborSum 32
0.0 0.15673216108731566 -0.57995 1.057207112 0.516754622 -64.9298213171293 ../testing_datasets/H3_epi.csv NeighborSum 32
0.0 0.14709345415688882 -0.60971 0.796349185 0.48347495 -67.3713183583643 ../testing_datasets/H3_epi.csv NeighborSum 32
0.0 0.16306999421030113 -2.21871 1.425720087 0.502018272 -54.25240039770786 ../testing_datasets/H3_epi.csv NeighborSum 32
0.0 0.16734011218924616 -0.68489 1.324051971 0.607116558 -63.3838431046022 ../testing_datasets/H3_epi.csv NeighborSum 32
0.0 0.12182945403091157 -4.02353 0.931263958 0.51091208 -76.40747230512646 ../testing_datasets/H3_epi.csv NeighborSum 32
0.0 0.1569962591582513 -1.38956 1.533873041 0.463566869 -68.61741783451188 ../testing_datasets/H3_epi.csv NeighborSum 32
0.0 0.14895451786754027 -2.19767 1.003082454 0.524189417 -60.81760505688829 ../testing_datasets/H3_epi.csv NeighborSum 32
0.0 0.09829416333071395 -8.06823 0.678620048 0.604079564 -71.57309501681915 ../testing_datasets/H3_epi.csv NeighborSum 32
0.0 0.12369599897883589 -2.65016 0.75855219 0.559590165 -82.39422933632717 ../testing_datasets/H3_epi.csv NeighborSum 32
0.0 0.14142498594050337 -4.22106 1.338682007 0.57830857 -66.18442417846575 ../testing_datasets/H3_epi.csv NeighborSum 32
0.0 0.15186637997267693 -1.61936 1.177513617 0.63108996 -71.8488443545276 ../testing_datasets/H3_epi.csv NeighborSum 32
0.0 0.12692019953036 -1.26789 0.609733531 0.620732659 -88.12163143580295 ../testing_datasets/H3_epi.csv NeighborSum 32
0.0 0.12421333128622732 -2.69164 0.57155383 0.626154719 -79.82364254874858 ../testing_datasets/H3_epi.csv NeighborSum 32
0.0 0.14573706427425193 -3.23685 1.200862802 0.626778819 -67.28132302975224 ../testing_datasets/H3_epi.csv NeighborSum 32
0.0 0.12973449857254038 -3.79799 1.102180344 0.582491601 -77.01081465021902 ../testing_datasets/H3_epi.csv NeighborSum 32
0.0 0.10475810860396609 -3.58861 0.423707349 0.493538359 -85.29250910958251 ../testing_datasets/H3_epi.csv NeighborSum 32
0.0 0.1390166848072015 -1.78956 0.798066441 0.566932433 -72.26554094539192 ../testing_datasets/H3_epi.csv NeighborSum 32
0.0 0.14388858608406102 -3.24208 1.225768266 0.532304167 -65.3012194951369 ../testing_datasets/H3_epi.csv NeighborSum 32
0.0 0.13019550338600921 -1.48119 0.760830503 0.470574667 -79.1020380134647 ../testing_datasets/H3_epi.csv NeighborSum 32
0.0 0.12823122998572434 -2.15644 0.869511023 0.384658061 -74.88875937714376 ../testing_datasets/H3_epi.csv NeighborSum 32
0.0 0.16143005776163777 -1.13286 1.161003485 0.570106513 -60.71550737813106 ../testing_datasets/H3_epi.csv NeighborSum 32
0.0 0.12800673398925022 -6.61769 1.014349233 0.560870036 -54.32821229348966 ../testing_datasets/H3_epi.csv NeighborSum 32
0.0 0.1904369935601133 4.87358 0.973275298 0.555339863 -66.04485412636514 ../testing_datasets/H3_epi.csv NeighborSum 32
0.0 0.18465517751143312 3.60952 0.825378865 0.589182174 -61.068281342541 ../testing_datasets/H3_epi.csv NeighborSum 32
0.0 0.1546548558394732 -4.30213 1.012759628 0.618099716 -43.249372097517565 ../testing_datasets/H3_epi.csv NeighborSum 32
0.0 0.15244897863024798 -2.13264 0.84322232 0.551274732 -54.27053431012955 ../testing_datasets/H3_epi.csv NeighborSum 32
0.0 0.1318311888812561 -3.69397 0.779412834 0.331578695 -53.94295157949725 ../testing_datasets/H3_epi.csv NeighborSum 32
0.0 0.12219229693296954 -4.22694 0.930594875 0.446294999 -71.15357986904534 ../testing_datasets/H3_epi.csv NeighborSum 32
0.0 0.14296658360342615 0.17248 0.379967836 0.263618748 -55.81079875646301 ../testing_datasets/H3_epi.csv NeighborSum 32
0.0 0.12269617643058092 -2.5862 0.814016394 0.299687273 -72.37358825852905 ../testing_datasets/H3_epi.csv NeighborSum 32
0.0 0.12828697937706468 -2.25701 0.316414832 0.270686036 -53.437323894583926 ../testing_datasets/H3_epi.csv NeighborSum 32
0.0 0.1323916331612328 -2.00232 0.933438646 0.314576607 -69.31423818825124 ../testing_datasets/H3_epi.csv NeighborSum 32
0.0 0.15548266444594872 0.33482 0.309571582 0.494544545 -52.099463711669934 ../testing_datasets/H3_epi.csv NeighborSum 32
0.0 0.1315314286952653 -4.48065 0.879706311 0.39965766 -54.50649980542673 ../testing_datasets/H3_epi.csv NeighborSum 32
0.0 0.15312182855344886 -2.32292 0.53804943 0.542396994 -43.3983269814704 ../testing_datasets/H3_epi.csv NeighborSum 32
0.0 0.16909058878451455 -2.62324 1.011120086 0.613470917 -38.62268239805869 ../testing_datasets/H3_epi.csv NeighborSum 32
0.0 0.15115689915257544 -4.37888 0.543627628 0.59858662 -33.20604528074381 ../testing_datasets/H3_epi.csv NeighborSum 32
0.0 0.169203588061207 -4.3021 0.923468502 0.665551103 -26.114205556179453 ../testing_datasets/H3_epi.csv NeighborSum 32
0.0 0.18350397355479797 -2.28167 0.882711911 0.588455546 -19.50007485761534 ../testing_datasets/H3_epi.csv NeighborSum 32
0.0 0.19890098013375845 -0.03752 1.186875898 0.692138169 -31.703661695775658 ../testing_datasets/H3_epi.csv NeighborSum 32
0.0 0.16663838238968312 -3.83055 0.442003714 0.627239158 -17.822973027786 ../testing_datasets/H3_epi.csv NeighborSum 32
0.0 0.1623885174234077 -2.52594 0.120918225 0.543336694 -19.795367347365584 ../testing_datasets/H3_epi.csv NeighborSum 32
0.0 0.17876354840042075 0.16462 0.221265229 0.515838272 -22.092658091798572 ../testing_datasets/H3_epi.csv NeighborSum 32
0.0 0.17872073217504922 -1.59538 0.975002954 0.506680765 -28.645887050351675 ../testing_datasets/H3_epi.csv NeighborSum 32
0.0 0.1718331053666456 -1.68294 0.657951648 0.593593412 -31.99172489082647 ../testing_datasets/H3_epi.csv NeighborSum 32
0.0 0.16697046658836934 -0.04791 0.203960544 0.520138328 -34.138531494725804 ../testing_datasets/H3_epi.csv NeighborSum 32
0.0 0.15838899445219587 -2.99001 0.731130699 0.414910062 -30.88582541170097 ../testing_datasets/H3_epi.csv NeighborSum 32
0.0 0.14800377182619262 -4.42836 1.374086679 0.265395858 -41.96362718904596 ../testing_datasets/H3_epi.csv NeighborSum 32
1.0 0.16713428815505255 -0.89739 0.575827981 0.638151516 -43.5050100860006 ../testing_datasets/H3_epi.csv NeighborSum 32
1.0 0.15067318660810422 -4.93666 0.784631442 0.697877378 -41.07256758732483 ../testing_datasets/H3_epi.csv NeighborSum 32
1.0 0.1660577171262588 -1.38569 0.404721355 0.645221375 -36.85473610552938 ../testing_datasets/H3_epi.csv NeighborSum 32
0.0 0.14827423766137904 -1.38569 0.605313959 0.485598256 -55.10600197686371 ../testing_datasets/H3_epi.csv NeighborSum 32
0.0 0.14487389039011936 -3.73593 1.121181829 0.426966452 -52.269700520218635 ../testing_datasets/H3_epi.csv NeighborSum 32
1.0 0.16754802766320784 -2.76414 0.866287947 0.580237371 -33.804507363930234 ../testing_datasets/H3_epi.csv NeighborSum 32
1.0 0.14845396481343376 -3.67811 0.225781842 0.596306874 -33.025155600110324 ../testing_datasets/H3_epi.csv NeighborSum 32
0.0 0.15208785029276395 -1.36736 0.65672676 0.491396892 -52.42517146656936 ../testing_datasets/H3_epi.csv NeighborSum 32
1.0 0.15798225495443488 -3.60129 1.183858458 0.473003104 -41.855792374782396 ../testing_datasets/H3_epi.csv NeighborSum 32
1.0 0.17442185645875755 -2.40704 0.617009927 0.678430232 -26.68048148966429 ../testing_datasets/H3_epi.csv NeighborSum 32
1.0 0.17762659385627078 0.27874 0.207435725 0.633521178 -29.885046806596584 ../testing_datasets/H3_epi.csv NeighborSum 32
0.0 0.16207407206159155 -1.11469 0.94038325 0.43818284 -47.48443361236299 ../testing_datasets/H3_epi.csv NeighborSum 32
1.0 0.17737583040522767 -1.75142 1.022230688 0.534843153 -31.74907101837141 ../testing_datasets/H3_epi.csv NeighborSum 32
1.0 0.17303675075351888 -1.72343 0.334850427 0.638213607 -23.853263588690176 ../testing_datasets/H3_epi.csv NeighborSum 32
0.0 0.1659652446913755 -0.40095 0.494418865 0.451082798 -36.96068559678575 ../testing_datasets/H3_epi.csv NeighborSum 32
0.0 0.1739017242923624 -1.84978 1.23377934 0.484519631 -38.231180729312605 ../testing_datasets/H3_epi.csv NeighborSum 32
1.0 0.2028450183472936 1.5278 0.862137593 0.622449217 -26.609721015643498 ../testing_datasets/H3_epi.csv NeighborSum 32
0.0 0.2006522249274033 -0.30784 0.770149767 0.779557952 -20.84155885914131 ../testing_datasets/H3_epi.csv NeighborSum 32
1.0 0.20265566326525494 -0.06145 0.858298918 0.743506324 -20.879192753303112 ../testing_datasets/H3_epi.csv NeighborSum 32
1.0 0.19971812010460588 0.37206 1.183739322 0.694384794 -33.859247303399265 ../testing_datasets/H3_epi.csv NeighborSum 32
1.0 0.1818406348325759 -0.35842 1.040113198 0.52869559 -37.162057135415495 ../testing_datasets/H3_epi.csv NeighborSum 32
0.0 0.18875968040128965 -1.58404 0.8189937 0.751478612 -25.118590834662626 ../testing_datasets/H3_epi.csv NeighborSum 32
0.0 0.15229930430193966 -4.24126 1.058076775 0.53634228 -43.55775193201842 ../testing_datasets/H3_epi.csv NeighborSum 32
0.0 0.21426859852188332 2.84913 1.126303504 0.630731965 -30.627432706572908 ../testing_datasets/H3_epi.csv NeighborSum 32
0.0 0.18365668092814758 2.11652 1.033761289 0.264601991 -40.13327388675854 ../testing_datasets/H3_epi.csv NeighborSum 32
0.0 0.16565452049161425 -1.02019 0.857445172 0.594190494 -49.65685933326789 ../testing_datasets/H3_epi.csv NeighborSum 32
0.0 0.17013110748129595 -2.07897 1.674021396 0.59198064 -58.212569291177104 ../testing_datasets/H3_epi.csv NeighborSum 32
0.0 0.1775477814831914 -0.12717 0.973501852 0.561222072 -43.823703935080395 ../testing_datasets/H3_epi.csv NeighborSum 32
0.0 0.16290532556287568 -1.49308 1.022611663 0.460188161 -46.97455622819973 ../testing_datasets/H3_epi.csv NeighborSum 32
0.0 0.18486649158463742 -0.6406 1.066444429 0.510856713 -31.271862846706064 ../testing_datasets/H3_epi.csv NeighborSum 32
0.0 0.1807534417991456 -1.38762 1.044997612 0.561971226 -32.4989119346307 ../testing_datasets/H3_epi.csv NeighborSum 32
0.0 0.19766974019026054 -0.21592 0.79112984 0.576103016 -15.302358729933344 ../testing_datasets/H3_epi.csv NeighborSum 32
0.0 0.19265775197430168 -1.3971 0.860397633 0.640539814 -17.42544616171878 ../testing_datasets/H3_epi.csv NeighborSum 32
0.0 0.2098111188653591 1.17292 1.256955553 0.624487034 -26.430545423711706 ../testing_datasets/H3_epi.csv NeighborSum 32
0.0 0.16976348886149986 -2.37496 0.706950877 0.617758974 -31.751853613196886 ../testing_datasets/H3_epi.csv NeighborSum 32
0.0 0.17653862006366322 -0.94216 0.797042168 0.524278674 -32.25625094998867 ../testing_datasets/H3_epi.csv NeighborSum 32
0.0 0.15195978940027471 -2.83706 0.973929637 0.302477381 -40.436844794525655 ../testing_datasets/H3_epi.csv NeighborSum 32
0.0 0.1551872087363853 -0.05428 0.694254731 0.283913783 -49.16931555936212 ../testing_datasets/H3_epi.csv NeighborSum 32
0.0 0.15765726277351105 -2.36904 0.891798479 0.452496357 -42.649878939162996 ../testing_datasets/H3_epi.csv NeighborSum 32
0.0 0.1488616515275279 -4.07135 1.261879668 0.362642951 -45.560053634890664 ../testing_datasets/H3_epi.csv NeighborSum 32
0.0 0.12056621935686294 -5.44984 0.820562394 0.350578888 -56.04229726990742 ../testing_datasets/H3_epi.csv NeighborSum 32
0.0 0.12683221592284102 -5.64414 1.040108166 0.366364989 -53.88924820367621 ../testing_datasets/H3_epi.csv NeighborSum 32
0.0 0.14618496984948268 -3.2017 0.869979244 0.496147205 -51.51402592324615 ../testing_datasets/H3_epi.csv NeighborSum 32
0.0 0.13765321595227345 -4.05429 1.179757521 0.453936809 -61.31631876671375 ../testing_datasets/H3_epi.csv NeighborSum 32
0.0 0.1150602904722558 -4.4285 0.601591722 0.417836871 -67.760392604389 ../testing_datasets/H3_epi.csv NeighborSum 32
0.0 0.13839961792109937 -4.51222 1.083122381 0.572445626 -60.393936032328256 ../testing_datasets/H3_epi.csv NeighborSum 32
0.0 0.155006743961763 -1.34928 1.006637211 0.520767008 -60.006471026737984 ../testing_datasets/H3_epi.csv NeighborSum 32
0.0 0.12546436094728936 -2.1003 0.432581259 0.457231163 -70.5172815234561 ../testing_datasets/H3_epi.csv NeighborSum 32
0.0 0.12723304412415654 -2.90681 0.611989681 0.514592768 -70.07542687442862 ../testing_datasets/H3_epi.csv NeighborSum 32
0.0 0.16063120245273244 -1.3563 1.058319156 0.623140719 -59.90190348774525 ../testing_datasets/H3_epi.csv NeighborSum 32
0.0 0.12846656036137538 -4.40102 0.667925035 0.502096509 -58.22245562184285 ../testing_datasets/H3_epi.csv NeighborSum 32
0.0 0.10748789966631883 -5.02552 0.345201153 0.445056462 -66.67504273298067 ../testing_datasets/H3_epi.csv NeighborSum 32
0.0 0.15102751830238342 -2.10897 1.059536526 0.565101178 -62.633062730455165 ../testing_datasets/H3_epi.csv NeighborSum 32
0.0 0.16047820590150608 -1.42312 0.794924622 0.627676276 -52.73536561091306 ../testing_datasets/H3_epi.csv NeighborSum 32
0.0 0.13906719126918438 -3.032 0.70427318 0.509212633 -57.39293103407229 ../testing_datasets/H3_epi.csv NeighborSum 32
0.0 0.14100647001106292 -2.54882 0.750990428 0.52069382 -60.58801996802643 ../testing_datasets/H3_epi.csv NeighborSum 32
0.0 0.16469116561987537 -1.28902 0.921750244 0.582708906 -49.90953084039289 ../testing_datasets/H3_epi.csv NeighborSum 32
0.0 0.15772813716535192 -2.18418 0.731156107 0.581706451 -46.19447243878646 ../testing_datasets/H3_epi.csv NeighborSum 32
0.0 0.13603397494875272 -3.592 0.687332561 0.483357597 -54.97865395290246 ../testing_datasets/H3_epi.csv NeighborSum 32
0.0 0.1574533444460965 -1.88471 1.128182407 0.478788404 -54.22240290621873 ../testing_datasets/H3_epi.csv NeighborSum 32
0.0 0.16733501229782208 -0.42065 0.651141511 0.577203271 -45.79758251995107 ../testing_datasets/H3_epi.csv NeighborSum 32
0.0 0.16151644454454342 -1.87732 1.092719543 0.530808179 -51.17452198279212 ../testing_datasets/H3_epi.csv NeighborSum 32
0.0 0.13401497134713436 -4.76208 1.012464666 0.489247984 -57.56265142728626 ../testing_datasets/H3_epi.csv NeighborSum 32
0.0 0.14672156093471236 -3.63917 1.015872496 0.486675686 -51.0202774077352 ../testing_datasets/H3_epi.csv NeighborSum 32
0.0 0.1562706430025713 -2.12472 0.711453749 0.609238538 -49.226311074589695 ../testing_datasets/H3_epi.csv NeighborSum 32
0.0 0.15966050420825556 -0.5032 1.115958164 0.552529795 -65.44872474779798 ../testing_datasets/H3_epi.csv NeighborSum 32
0.0 0.1481738822266893 -0.50472 0.823143494 0.499347124 -68.41384618578745 ../testing_datasets/H3_epi.csv NeighborSum 32
0.0 0.16220515161967064 -2.29666 1.451526067 0.498846942 -55.21581376781449 ../testing_datasets/H3_epi.csv NeighborSum 32
0.0 0.16592523193807074 -0.70337 1.312299207 0.601511063 -64.31194380720925 ../testing_datasets/H3_epi.csv NeighborSum 32
0.0 0.12321942474966573 -3.93135 0.912711905 0.559678794 -77.43792613164412 ../testing_datasets/H3_epi.csv NeighborSum 32
0.0 0.1555179336710439 -1.36362 1.516847775 0.467353666 -70.28962794931677 ../testing_datasets/H3_epi.csv NeighborSum 32
0.0 0.14581498308839677 -2.29501 0.97506998 0.523631199 -63.00225793908798 ../testing_datasets/H3_epi.csv NeighborSum 32
0.0 0.09968500540783506 -7.17301 0.620981734 0.596002585 -74.7284371046548 ../testing_datasets/H3_epi.csv NeighborSum 32
0.0 0.12003935698531457 -2.66975 0.657617848 0.561989307 -83.96625621209114 ../testing_datasets/H3_epi.csv NeighborSum 32
0.0 0.13801301357015314 -4.08281 1.255474233 0.578581371 -69.02673382324068 ../testing_datasets/H3_epi.csv NeighborSum 32
0.0 0.14919238023368508 -1.61904 1.196279444 0.633402618 -75.62303945004 ../testing_datasets/H3_epi.csv NeighborSum 32
0.0 0.1253597698327813 -1.14928 0.607995014 0.62046461 -90.79444333551331 ../testing_datasets/H3_epi.csv NeighborSum 32
0.0 0.1204738421405788 -2.89421 0.550428197 0.62308481 -81.97927807207137 ../testing_datasets/H3_epi.csv NeighborSum 32
0.0 0.14308417765569967 -3.09011 1.184196075 0.628628715 -71.15994725826786 ../testing_datasets/H3_epi.csv NeighborSum 32
0.0 0.12775167135837237 -3.63086 1.096636703 0.579115295 -80.28754358359961 ../testing_datasets/H3_epi.csv NeighborSum 32
0.0 0.10371782542395323 -3.43745 0.408940997 0.490400951 -87.10269035170073 ../testing_datasets/H3_epi.csv NeighborSum 32
0.0 0.1349044793402137 -1.86597 0.729475299 0.561078177 -74.39609832894044 ../testing_datasets/H3_epi.csv NeighborSum 32
0.0 0.14279947079090527 -3.18398 1.268900122 0.547594981 -68.95567572577635 ../testing_datasets/H3_epi.csv NeighborSum 32
0.0 0.12737529277045037 -1.52937 0.702256702 0.475597705 -80.74335869717338 ../testing_datasets/H3_epi.csv NeighborSum 32
0.0 0.1255419615552335 -2.68237 0.87665334 0.389877302 -74.54749854702149 ../testing_datasets/H3_epi.csv NeighborSum 32
0.0 0.16136451049889233 -0.89837 1.150906151 0.576558036 -62.61689289612639 ../testing_datasets/H3_epi.csv NeighborSum 32
0.0 0.1281964763720823 -6.13207 0.975306772 0.573996533 -57.38365707329169 ../testing_datasets/H3_epi.csv NeighborSum 32
0.0 0.18777801497113267 4.6192 0.923744322 0.564587385 -66.39807350177682 ../testing_datasets/H3_epi.csv NeighborSum 32
0.0 0.17957998142589165 2.55398 0.83649241 0.578914009 -58.86614696337747 ../testing_datasets/H3_epi.csv NeighborSum 32
0.0 0.15573883889240464 -4.14995 1.09437991 0.616478169 -45.22930534681319 ../testing_datasets/H3_epi.csv NeighborSum 32
0.0 0.146671724278002 -2.19097 0.708683209 0.542083741 -56.55937327406633 ../testing_datasets/H3_epi.csv NeighborSum 32
0.0 0.11544676141419422 -5.79459 0.593224647 0.405185866 -56.137154254198585 ../testing_datasets/H3_epi.csv NeighborSum 32
0.0 0.1137859429546745 -4.53995 0.857243788 0.386004991 -73.67320920904919 ../testing_datasets/H3_epi.csv NeighborSum 32
0.0 0.1440863941320615 0.16828 0.31878471 0.39402143 -59.424841410681225 ../testing_datasets/H3_epi.csv NeighborSum 32
0.0 0.12817968778838285 -2.32023 0.760981142 0.470283553 -75.13903304041497 ../testing_datasets/H3_epi.csv NeighborSum 32
0.0 0.13084270728480737 -2.2563 0.207246088 0.439548133 -56.05688054058089 ../testing_datasets/H3_epi.csv NeighborSum 32
0.0 0.1273700575944298 -2.23281 0.779605479 0.356394544 -71.48112241016433 ../testing_datasets/H3_epi.csv NeighborSum 32
0.0 0.1448832876278377 -0.75188 0.252588801 0.494922401 -54.88224072100126 ../testing_datasets/H3_epi.csv NeighborSum 32
0.0 0.1206149857630214 -5.11908 0.707217285 0.393116784 -57.59120842623616 ../testing_datasets/H3_epi.csv NeighborSum 32
0.0 0.14403472601932615 -2.29067 0.204689558 0.576523853 -47.12645842306571 ../testing_datasets/H3_epi.csv NeighborSum 32
0.0 0.16159039734928132 -3.45165 1.04134297 0.613146999 -42.007744601818246 ../testing_datasets/H3_epi.csv NeighborSum 32
0.0 0.14953025588312255 -4.38381 0.595059183 0.599408462 -36.50818514909975 ../testing_datasets/H3_epi.csv NeighborSum 32
0.0 0.16767130365555397 -4.15693 0.931770858 0.663809216 -29.149086511482054 ../testing_datasets/H3_epi.csv NeighborSum 32
0.0 0.18590439113140356 -1.35755 0.872256556 0.585972665 -23.234256536399922 ../testing_datasets/H3_epi.csv NeighborSum 32
0.0 0.19618481147144967 -0.06909 1.212739305 0.693745535 -35.44189623795067 ../testing_datasets/H3_epi.csv NeighborSum 32
0.0 0.15735677271385412 -4.87832 0.426957457 0.612784647 -19.721123064782816 ../testing_datasets/H3_epi.csv NeighborSum 32
0.0 0.16155836913702554 -2.02118 0.092517369 0.545602612 -23.9322557158922 ../testing_datasets/H3_epi.csv NeighborSum 32
0.0 0.17772432648106318 0.2355 0.261605919 0.50286835 -24.277664465990128 ../testing_datasets/H3_epi.csv NeighborSum 32
0.0 0.1774465004047129 -1.61793 1.005179347 0.509836592 -30.9474382855767 ../testing_datasets/H3_epi.csv NeighborSum 32
0.0 0.162323893456359 -2.75668 0.655162333 0.593028137 -34.99515583586854 ../testing_datasets/H3_epi.csv NeighborSum 32
0.0 0.16484631442847544 -0.30834 0.205533792 0.543879921 -35.9226965707423 ../testing_datasets/H3_epi.csv NeighborSum 32
0.0 0.16032790731213475 -2.83171 0.757078726 0.449719174 -32.25574693889505 ../testing_datasets/H3_epi.csv NeighborSum 32
0.0 0.14946193236498598 -3.92471 1.355263093 0.301185355 -45.35185914098245 ../testing_datasets/H3_epi.csv NeighborSum 32
1.0 0.16394656390547913 -1.33679 0.484034328 0.693856464 -44.30528525938977 ../testing_datasets/H3_epi.csv NeighborSum 32
