0.0 0.21756918256165653 1.52884 0.70281483 0.56155535 -45.22746247755521 ../testing_datasets/H3_epi.csv NeighborSum 56
0.0 0.185030483059914 -0.5508 0.211964021 0.6264770820000001 -45.22086203190423 ../testing_datasets/H3_epi.csv NeighborSum 56
0.0 0.19452179719362606 -0.68593 0.612367541 0.577727537 -49.015130816898605 ../testing_datasets/H3_epi.csv NeighborSum 56
0.0 0.18831121054103217 -2.9028 1.196666614 0.482218707 -53.48696514362189 ../testing_datasets/H3_epi.csv NeighborSum 56
0.0 0.17237795699445166 -2.42402 0.715100347 0.473249904 -54.96485101486953 ../testing_datasets/H3_epi.csv NeighborSum 56
0.0 0.15163497479621577 -3.4265800000000004 0.115711929 0.6084090289999999 -53.84735958935299 ../testing_datasets/H3_epi.csv NeighborSum 56
0.0 0.18998708096452555 -1.3467 0.6905827440000001 0.594653653 -62.0339715939451 ../testing_datasets/H3_epi.csv NeighborSum 56
0.0 0.17237617654509696 -4.18677 1.196403002 0.46925080700000005 -66.77114425665394 ../testing_datasets/H3_epi.csv NeighborSum 56
0.0 0.1664473217544363 -2.34491 0.483154326 0.5385509079999999 -67.89210694257571 ../testing_datasets/H3_epi.csv NeighborSum 56
0.0 0.17966872519437466 0.09823 0.13067727199999998 0.609272048 -71.90411241500138 ../testing_datasets/H3_epi.csv NeighborSum 56
0.0 0.1834288438313633 -1.9977900000000002 0.943695555 0.5163038670000001 -78.07691324870588 ../testing_datasets/H3_epi.csv NeighborSum 56
0.0 0.1546458908088451 -4.73053 0.958617728 0.467438631 -80.11184967090249 ../testing_datasets/H3_epi.csv NeighborSum 56
0.0 0.1504062118978343 -3.1488 0.262675306 0.574262765 -80.9397035021446 ../testing_datasets/H3_epi.csv NeighborSum 56
0.0 0.18796023473817783 -0.18274 0.539623645 0.595199657 -89.08205437123864 ../testing_datasets/H3_epi.csv NeighborSum 56
0.0 0.1782512346524412 -3.23461 1.223431364 0.509046026 -96.60367409031684 ../testing_datasets/H3_epi.csv NeighborSum 56
0.0 0.1665371055847255 -2.77369 0.8156641729999999 0.510678066 -95.91136342136532 ../testing_datasets/H3_epi.csv NeighborSum 56
0.0 0.1971436600348961 -0.08763 0.760532859 0.627501588 -102.48545164197078 ../testing_datasets/H3_epi.csv NeighborSum 56
0.0 0.1829793569198015 -1.15649 0.854286305 0.549632638 -108.49558284499953 ../testing_datasets/H3_epi.csv NeighborSum 56
0.0 0.1603973780587826 -3.9233 1.153800785 0.454219304 -113.49494629491022 ../testing_datasets/H3_epi.csv NeighborSum 56
0.0 0.1780192694876349 -2.31607 1.042818155 0.539641004 -113.11460166729465 ../testing_datasets/H3_epi.csv NeighborSum 56
0.0 0.18138670168677332 -1.7281900000000001 0.812858912 0.632049147 -116.69433621556574 ../testing_datasets/H3_epi.csv NeighborSum 56
0.0 0.15871550963251974 -4.04467 1.048833101 0.5385445320000001 -129.0688288664277 ../testing_datasets/H3_epi.csv NeighborSum 56
0.0 0.1511161908652441 -4.4366900000000005 1.118867783 0.47043307700000003 -132.7839156098593 ../testing_datasets/H3_epi.csv NeighborSum 56
0.0 0.19169005225389701 -0.93916 1.004286968 0.628100731 -133.3818910423318 ../testing_datasets/H3_epi.csv NeighborSum 56
0.0 0.17735381647305404 -1.38571 0.864627887 0.5995188779999999 -142.7636065156792 ../testing_datasets/H3_epi.csv NeighborSum 56
0.0 0.1658860957190934 -4.76964 1.6828666230000002 0.478859209 -154.76956781071675 ../testing_datasets/H3_epi.csv NeighborSum 56
0.0 0.1537459827297809 -3.66705 0.973980498 0.542138731 -152.59587633024944 ../testing_datasets/H3_epi.csv NeighborSum 56
0.0 0.18093061915209174 -1.60765 1.019964963 0.6318788329999999 -156.8025988464087 ../testing_datasets/H3_epi.csv NeighborSum 56
0.0 0.16756946713350124 -2.145 1.080741775 0.5543414720000001 -173.9494066383728 ../testing_datasets/H3_epi.csv NeighborSum 56
0.0 0.1494581003969148 -3.17593 1.0264390540000001 0.49846790700000004 -181.3370985820151 ../testing_datasets/H3_epi.csv NeighborSum 56
0.0 0.169913395071108 -1.05362 0.7831203390000001 0.616650998 -178.55044365107634 ../testing_datasets/H3_epi.csv NeighborSum 56
0.0 0.15031811260941716 -3.1393400000000002 0.87491363 0.59456164 -188.92905796368012 ../testing_datasets/H3_epi.csv NeighborSum 56
0.0 0.1543228724915611 -3.0171799999999998 1.273974642 0.491998065 -205.29816523642913 ../testing_datasets/H3_epi.csv NeighborSum 56
0.0 0.12578320709092272 -4.10324 0.698662507 0.53317147 -203.3480719750274 ../testing_datasets/H3_epi.csv NeighborSum 56
0.0 0.177892640715413 0.52582 0.806137062 0.632076224 -213.57157189969766 ../testing_datasets/H3_epi.csv NeighborSum 56
0.0 0.14746274805743792 -1.9917200000000002 0.999791515 0.48253840600000003 -223.38888784201262 ../testing_datasets/H3_epi.csv NeighborSum 56
0.0 0.1060587836732638 -4.6731300000000005 0.7230108690000001 0.42923938799999994 -230.05177293569974 ../testing_datasets/H3_epi.csv NeighborSum 56
0.0 0.15584778304671265 -1.1148 0.9134051999999999 0.5406159979999999 -228.14519374864608 ../testing_datasets/H3_epi.csv NeighborSum 56
0.0 0.12659239293179128 -5.404 1.177075753 0.529124751 -228.45824360433627 ../testing_datasets/H3_epi.csv NeighborSum 56
0.0 0.09773115663751455 -4.9215 0.866090372 0.34616749799999996 -248.64614667256376 ../testing_datasets/H3_epi.csv NeighborSum 56
0.0 0.1332293910018884 -2.3531299999999997 1.040738514 0.40682385299999996 -248.06671160949207 ../testing_datasets/H3_epi.csv NeighborSum 56
0.0 0.12910961258043832 -2.96365 0.883922457 0.46264375 -236.83042801136054 ../testing_datasets/H3_epi.csv NeighborSum 56
0.0 0.11050924847768749 -4.0631699999999995 1.192942461 0.270529635 -254.0781697820264 ../testing_datasets/H3_epi.csv NeighborSum 56
0.0 0.08793192275411907 -4.13784 0.598159525 0.32355924199999997 -266.16708883873173 ../testing_datasets/H3_epi.csv NeighborSum 56
0.0 0.11947453513659115 -3.01452 1.063868523 0.328395925 -255.76667236557407 ../testing_datasets/H3_epi.csv NeighborSum 56
0.0 0.09643605837612106 -5.09443 1.0201036940000001 0.28760917399999997 -251.68011586522778 ../testing_datasets/H3_epi.csv NeighborSum 56
0.0 0.10278112581402768 -2.28589 0.43627146899999997 0.391556774 -271.7024187328637 ../testing_datasets/H3_epi.csv NeighborSum 56
0.0 0.09613952463036847 -3.6143 0.535295504 0.40505386200000004 -270.80373521322434 ../testing_datasets/H3_epi.csv NeighborSum 56
0.0 0.1347589308006367 -2.23618 1.043296385 0.43676337600000004 -257.2801944064993 ../testing_datasets/H3_epi.csv NeighborSum 56
0.0 0.10983277739375778 -3.2566200000000003 0.716735645 0.41662983600000003 -261.4874546910187 ../testing_datasets/H3_epi.csv NeighborSum 56
0.0 0.08440561316583436 -3.9775699999999996 0.332333688 0.408527766 -273.7388852360891 ../testing_datasets/H3_epi.csv NeighborSum 56
0.0 0.11702134985330735 -3.66304 0.984743405 0.426183226 -264.02470204814426 ../testing_datasets/H3_epi.csv NeighborSum 56
0.0 0.12208852417099925 -2.33928 0.8276413579999999 0.38656022700000003 -252.36201718462954 ../testing_datasets/H3_epi.csv NeighborSum 56
0.0 0.09933843272263862 -4.78178 0.7526299479999999 0.431684229 -259.40281091102133 ../testing_datasets/H3_epi.csv NeighborSum 56
0.0 0.11116208601257678 -2.92275 0.7607216170000001 0.38025284600000003 -262.5108365746239 ../testing_datasets/H3_epi.csv NeighborSum 56
0.0 0.12245193472749046 -2.8843799999999997 0.993678795 0.346179275 -243.2617890121007 ../testing_datasets/H3_epi.csv NeighborSum 56
0.0 0.11002139931519386 -5.10075 0.800457834 0.497762087 -235.14667884036643 ../testing_datasets/H3_epi.csv NeighborSum 56
0.0 0.08951115012535228 -5.5473 0.704684042 0.37975270899999997 -244.98477147066762 ../testing_datasets/H3_epi.csv NeighborSum 56
0.0 0.1098840298514131 -5.75177 1.140684827 0.40330024700000006 -233.1988289844508 ../testing_datasets/H3_epi.csv NeighborSum 56
0.0 0.1308133308549827 -1.9061400000000002 0.70700435 0.403129698 -218.75881484355833 ../testing_datasets/H3_epi.csv NeighborSum 56
0.0 0.1324665303647048 -4.0602 1.090830856 0.47261561799999996 -219.72215443775562 ../testing_datasets/H3_epi.csv NeighborSum 56
0.0 0.09726976698613857 -6.95578 1.013050303 0.4003109 -218.56190249668475 ../testing_datasets/H3_epi.csv NeighborSum 56
0.0 0.1308632469893976 -3.20118 0.997334168 0.353239521 -200.02218525914256 ../testing_datasets/H3_epi.csv NeighborSum 56
0.0 0.13608842958721426 -2.07735 0.7009037090000001 0.40932059299999995 -191.92269228207624 ../testing_datasets/H3_epi.csv NeighborSum 56
0.0 0.14375126011944145 -2.42921 1.057297943 0.376497109 -193.74154536251928 ../testing_datasets/H3_epi.csv NeighborSum 56
0.0 0.16035428159285253 -0.34126999999999996 0.801095412 0.41242343299999995 -173.88439762497083 ../testing_datasets/H3_epi.csv NeighborSum 56
0.0 0.17866858468565142 -1.1374 1.4141199830000002 0.5084373289999999 -203.57547608745583 ../testing_datasets/H3_epi.csv NeighborSum 56
0.0 0.153587319269195 -3.56227 1.320760203 0.533053811 -210.50279874696537 ../testing_datasets/H3_epi.csv NeighborSum 56
0.0 0.12139955145448261 -6.054069999999999 1.0783360370000001 0.455954045 -183.31833812614911 ../testing_datasets/H3_epi.csv NeighborSum 56
0.0 0.146439056884539 -5.75949 1.5271394930000002 0.563980563 -203.26660750346613 ../testing_datasets/H3_epi.csv NeighborSum 56
0.0 0.15939373406407611 -1.7259799999999998 0.995512046 0.46174990200000005 -175.96155085094782 ../testing_datasets/H3_epi.csv NeighborSum 56
0.0 0.1658669614359603 -0.27599 0.809259689 0.498023719 -185.69633347885994 ../testing_datasets/H3_epi.csv NeighborSum 56
0.0 0.16850794415670256 0.78786 0.661070452 0.488295188 -186.57820036638321 ../testing_datasets/H3_epi.csv NeighborSum 56
0.0 0.1670814876859652 -1.25191 1.286137987 0.465452962 -210.6857449389288 ../testing_datasets/H3_epi.csv NeighborSum 56
0.0 0.13662185569331045 -3.39295 1.206935439 0.389150128 -216.33577354606388 ../testing_datasets/H3_epi.csv NeighborSum 56
0.0 0.15526933716375535 -0.6642 0.629992918 0.546774317 -203.1639507692458 ../testing_datasets/H3_epi.csv NeighborSum 56
0.0 0.14552645894514607 -0.54879 0.537023876 0.518248533 -222.12019833627653 ../testing_datasets/H3_epi.csv NeighborSum 56
0.0 0.11349527859429934 -4.67577 1.163806547 0.33817693200000004 -238.61354729883777 ../testing_datasets/H3_epi.csv NeighborSum 56
0.0 0.13889065711355686 -3.6124400000000003 1.138946126 0.48954524299999996 -223.8199840489252 ../testing_datasets/H3_epi.csv NeighborSum 56
0.0 0.13646757515450075 -2.14659 0.433889401 0.614015761 -217.72361550244884 ../testing_datasets/H3_epi.csv NeighborSum 56
0.0 0.11044741529079796 -3.42675 0.7531584729999999 0.379966177 -245.4256832223239 ../testing_datasets/H3_epi.csv NeighborSum 56
0.0 0.13792449463762815 -2.43284 1.307695958 0.354909653 -250.73007441577704 ../testing_datasets/H3_epi.csv NeighborSum 56
0.0 0.14335364959385236 -2.60718 0.821615474 0.583038153 -224.48802745086476 ../testing_datasets/H3_epi.csv NeighborSum 56
0.0 0.14969777673826948 -1.84538 0.867244679 0.579307992 -232.73237641588094 ../testing_datasets/H3_epi.csv NeighborSum 56
0.0 0.14086480215578726 -1.4708299999999999 1.13120506 0.383977002 -255.918562393033 ../testing_datasets/H3_epi.csv NeighborSum 56
0.0 0.12510800522858118 -5.06677 0.951889434 0.590394481 -232.30950546469165 ../testing_datasets/H3_epi.csv NeighborSum 56
0.0 0.16308582664137322 0.14959 0.8255073890000001 0.5006800610000001 -216.53373494788423 ../testing_datasets/H3_epi.csv NeighborSum 56
0.0 0.133934725464027 -2.3538799999999998 0.793110125 0.484987789 -232.77524105566872 ../testing_datasets/H3_epi.csv NeighborSum 56
0.0 0.1374775743066621 -1.97868 1.031493409 0.41250554700000003 -244.9953099432679 ../testing_datasets/H3_epi.csv NeighborSum 56
0.0 0.15903643054157013 -1.68432 0.864759332 0.640975992 -222.00955716515426 ../testing_datasets/H3_epi.csv NeighborSum 56
0.0 0.12025986793498122 -2.93833 0.61270284 0.346884099 -188.32157688903726 ../testing_datasets/H3_epi.csv NeighborSum 56
0.0 0.17251285481119166 0.00428 0.884873647 0.498689027 -181.31845019772842 ../testing_datasets/H3_epi.csv NeighborSum 56
0.0 0.17809232759744256 3.39402 0.640065215 0.309540596 -176.11738701105594 ../testing_datasets/H3_epi.csv NeighborSum 56
0.0 0.21085870717706395 3.7293199999999995 0.851685847 0.472378626 -146.72419928359594 ../testing_datasets/H3_epi.csv NeighborSum 56
0.0 0.1832069881868206 3.02247 0.34808929299999997 0.48686325700000005 -157.30452823857317 ../testing_datasets/H3_epi.csv NeighborSum 56
0.0 0.13558318100476405 -1.44359 0.862810622 0.259698915 -190.19378699953396 ../testing_datasets/H3_epi.csv NeighborSum 56
0.0 0.15722804147633473 0.04102 0.592361004 0.467037937 -186.46120437870073 ../testing_datasets/H3_epi.csv NeighborSum 56
0.0 0.10521818345659077 -5.15766 0.8720874359999999 0.349740606 -211.33133857662708 ../testing_datasets/H3_epi.csv NeighborSum 56
0.0 0.13313137239722245 -2.09295 0.212941744 0.601158313 -192.74472441812227 ../testing_datasets/H3_epi.csv NeighborSum 56
0.0 0.14696472783416012 -2.09427 1.0463594459999999 0.48943199299999995 -231.7177102394036 ../testing_datasets/H3_epi.csv NeighborSum 56
0.0 0.15189811540557602 -0.9528 0.561512033 0.5965704270000001 -213.0453324762626 ../testing_datasets/H3_epi.csv NeighborSum 56
0.0 0.1530913253197405 -0.93621 0.924414753 0.49946761100000003 -233.13039039527604 ../testing_datasets/H3_epi.csv NeighborSum 56
0.0 0.11364924050421243 -4.12068 0.8471421929999999 0.393469877 -226.71278073319286 ../testing_datasets/H3_epi.csv NeighborSum 56
0.0 0.16278675881465487 -1.51253 1.19843548 0.5625284229999999 -239.25194776099633 ../testing_datasets/H3_epi.csv NeighborSum 56
0.0 0.12171639703828953 -3.8361 0.445627454 0.570197539 -201.97369299920783 ../testing_datasets/H3_epi.csv NeighborSum 56
0.0 0.13506304807254094 -0.29297 0.155453728 0.47560633799999996 -197.0469414003308 ../testing_datasets/H3_epi.csv NeighborSum 56
0.0 0.14150037578222127 0.84165 0.29890498 0.353029544 -192.01288713222598 ../testing_datasets/H3_epi.csv NeighborSum 56
0.0 0.14775740521617414 -0.7801899999999999 0.885523229 0.403688576 -220.1140476511919 ../testing_datasets/H3_epi.csv NeighborSum 56
0.0 0.15346775959260087 -0.54588 0.6936568209999999 0.559945629 -230.09621767150486 ../testing_datasets/H3_epi.csv NeighborSum 56
0.0 0.15705544110367886 -0.0536 0.530187444 0.5748094420000001 -212.22555962696418 ../testing_datasets/H3_epi.csv NeighborSum 56
0.0 0.14712918529865293 -1.19656 0.883519866 0.428623689 -215.89111623844605 ../testing_datasets/H3_epi.csv NeighborSum 56
0.0 0.16481129630650704 -2.19318 1.387089416 0.575558465 -241.16813023882952 ../testing_datasets/H3_epi.csv NeighborSum 56
0.0 0.18298765588197707 1.59275 0.778761919 0.6061897860000001 -218.3909086459631 ../testing_datasets/H3_epi.csv NeighborSum 56
0.0 0.20241476006062165 0.1107 0.859310583 0.46754069299999995 -46.807825922652796 ../testing_datasets/H3_epi.csv NeighborSum 56
0.0 0.1910264181550175 0.41361000000000003 0.29777400800000003 0.563904458 -47.83485023042797 ../testing_datasets/H3_epi.csv NeighborSum 56
0.0 0.20104849959506815 0.28113 0.63965973 0.544507881 -50.530797960500166 ../testing_datasets/H3_epi.csv NeighborSum 56
0.0 0.18963759985656933 -2.27529 1.182778761 0.44077327299999997 -54.138861154502116 ../testing_datasets/H3_epi.csv NeighborSum 56
0.0 0.1603912340124028 -3.70025 0.8045728990000001 0.427404248 -55.126295521196326 ../testing_datasets/H3_epi.csv NeighborSum 56
0.0 0.16009648337732568 -2.84012 0.209785592 0.611011815 -57.0600187480486 ../testing_datasets/H3_epi.csv NeighborSum 56
0.0 0.1895060313643971 -1.13788 0.7107326540000001 0.562273126 -63.41580206014736 ../testing_datasets/H3_epi.csv NeighborSum 56
0.0 0.1681821048297343 -4.2066300000000005 1.229652285 0.41020382200000005 -67.51756247076314 ../testing_datasets/H3_epi.csv NeighborSum 56
0.0 0.17412913461579232 -2.08391 0.546764592 0.5760193220000001 -69.79614286842232 ../testing_datasets/H3_epi.csv NeighborSum 56
0.0 0.17981578979951185 0.0015 0.148827361 0.620165623 -74.58931598180047 ../testing_datasets/H3_epi.csv NeighborSum 56
0.0 0.18025178515930682 -2.16323 0.9882842629999999 0.485308723 -81.1676460962286 ../testing_datasets/H3_epi.csv NeighborSum 56
0.0 0.14849080284060434 -4.83761 0.97372298 0.40399002100000003 -81.15231392076997 ../testing_datasets/H3_epi.csv NeighborSum 56
0.0 0.15492718193306107 -2.8658 0.267811892 0.5993166120000001 -82.66219679950568 ../testing_datasets/H3_epi.csv NeighborSum 56
0.0 0.18275943301090117 -0.51165 0.525778473 0.583949304 -91.99230524789652 ../testing_datasets/H3_epi.csv NeighborSum 56
0.0 0.16542954886627148 -3.94918 1.253416225 0.426396575 -98.09312591024026 ../testing_datasets/H3_epi.csv NeighborSum 56
0.0 0.1689789919330437 -2.78632 0.812587298 0.544642374 -97.08979583491828 ../testing_datasets/H3_epi.csv NeighborSum 56
0.0 0.19863057646230975 0.051739999999999994 0.750926705 0.639230418 -104.17724285875293 ../testing_datasets/H3_epi.csv NeighborSum 56
0.0 0.177268428360636 -1.73511 0.896655797 0.536271912 -112.66839889308092 ../testing_datasets/H3_epi.csv NeighborSum 56
0.0 0.15474546380023838 -3.9533099999999997 1.164038449 0.39236601600000004 -115.10012434883576 ../testing_datasets/H3_epi.csv NeighborSum 56
0.0 0.184896908460487 -1.74702 1.014292453 0.576458363 -114.47150013857359 ../testing_datasets/H3_epi.csv NeighborSum 56
0.0 0.17988911227171328 -1.75657 0.823902963 0.621906065 -119.96662967065075 ../testing_datasets/H3_epi.csv NeighborSum 56
0.0 0.15983938801712766 -3.38826 1.050005639 0.495719354 -133.58985007242737 ../testing_datasets/H3_epi.csv NeighborSum 56
0.0 0.15909534821989002 -3.48545 1.118057678 0.467466891 -134.01281129706754 ../testing_datasets/H3_epi.csv NeighborSum 56
0.0 0.20103826774815214 0.039169999999999996 1.024392338 0.631669233 -135.74274089169162 ../testing_datasets/H3_epi.csv NeighborSum 56
0.0 0.16683530297813542 -2.27652 0.811640813 0.607153363 -147.12040961527742 ../testing_datasets/H3_epi.csv NeighborSum 56
0.0 0.1555301919351164 -5.13785 1.672334066 0.408430113 -156.72525036954008 ../testing_datasets/H3_epi.csv NeighborSum 56
0.0 0.16034998273827944 -3.2387599999999996 0.990691291 0.567722225 -153.21148348167287 ../testing_datasets/H3_epi.csv NeighborSum 56
0.0 0.1692940515466954 -2.9165400000000004 1.0209793870000001 0.643275644 -160.42941816331594 ../testing_datasets/H3_epi.csv NeighborSum 56
0.0 0.14095189081304985 -4.50715 1.0557956370000001 0.514645867 -177.59574555080812 ../testing_datasets/H3_epi.csv NeighborSum 56
0.0 0.13875130944331643 -4.03849 1.066198821 0.446254287 -181.1629520823636 ../testing_datasets/H3_epi.csv NeighborSum 56
0.0 0.16552990544162494 -1.36978 0.778543834 0.607264091 -180.7520621297532 ../testing_datasets/H3_epi.csv NeighborSum 56
0.0 0.13738949142312956 -4.307980000000001 0.8479862979999999 0.59031896 -192.89385854855402 ../testing_datasets/H3_epi.csv NeighborSum 56
0.0 0.1412371128818011 -3.5346300000000004 1.275809547 0.40190763 -207.91393568800447 ../testing_datasets/H3_epi.csv NeighborSum 56
0.0 0.14148576608179222 -2.5691900000000003 0.741038623 0.542195954 -205.75488922048203 ../testing_datasets/H3_epi.csv NeighborSum 56
0.0 0.1733707813200976 0.28557 0.764726784 0.625742436 -214.23918076768635 ../testing_datasets/H3_epi.csv NeighborSum 56
0.0 0.16313623348358375 0.031389999999999994 0.9437829759999999 0.499055425 -230.67498466225612 ../testing_datasets/H3_epi.csv NeighborSum 56
0.0 0.10771554273618411 -4.03036 0.714746749 0.387679481 -230.78683030477177 ../testing_datasets/H3_epi.csv NeighborSum 56
0.0 0.14905095107014538 -2.02353 0.930253372 0.548842022 -228.13423949627756 ../testing_datasets/H3_epi.csv NeighborSum 56
0.0 0.13320722771841745 -5.07726 1.256053567 0.552774454 -234.73767039595293 ../testing_datasets/H3_epi.csv NeighborSum 56
0.0 0.09592337807724002 -5.28832 0.835810015 0.384117365 -251.17385930748253 ../testing_datasets/H3_epi.csv NeighborSum 56
0.0 0.14121552219672392 -2.36821 1.083273344 0.479061963 -247.52948619477033 ../testing_datasets/H3_epi.csv NeighborSum 56
0.0 0.13429886356154927 -2.95877 0.886397964 0.533813016 -241.62081731087306 ../testing_datasets/H3_epi.csv NeighborSum 56
0.0 0.11683752389981235 -3.71619 1.218344686 0.311900771 -259.90467499609105 ../testing_datasets/H3_epi.csv NeighborSum 56
0.0 0.09256696784138302 -4.48718 0.617600794 0.40536602200000005 -266.6960072770797 ../testing_datasets/H3_epi.csv NeighborSum 56
0.0 0.1356212593086725 -3.1313400000000002 1.0464075000000002 0.5403663000000001 -258.2631111880193 ../testing_datasets/H3_epi.csv NeighborSum 56
0.0 0.08966732682351167 -5.72685 1.026717248 0.287898969 -257.2770219409026 ../testing_datasets/H3_epi.csv NeighborSum 56
0.0 0.10036116534153482 -2.59026 0.518199171 0.36824023899999997 -275.38105619921055 ../testing_datasets/H3_epi.csv NeighborSum 56
0.0 0.10980952338210083 -2.8663 0.539287956 0.486555808 -272.19835186816294 ../testing_datasets/H3_epi.csv NeighborSum 56
0.0 0.1334081297846485 -2.4493400000000003 1.023206693 0.46446700700000004 -261.6080187938333 ../testing_datasets/H3_epi.csv NeighborSum 56
0.0 0.1042224165872084 -3.8369400000000002 0.728241107 0.422476545 -267.04298243297006 ../testing_datasets/H3_epi.csv NeighborSum 56
0.0 0.08211282950214127 -3.8988699999999996 0.328855717 0.382383951 -276.13561253715227 ../testing_datasets/H3_epi.csv NeighborSum 56
0.0 0.11966180171816124 -4.07024 0.974385705 0.5066315379999999 -265.264473468731 ../testing_datasets/H3_epi.csv NeighborSum 56
0.0 0.1209008516063646 -2.38199 0.8434824320000001 0.384565318 -257.5377020230254 ../testing_datasets/H3_epi.csv NeighborSum 56
0.0 0.10705805419043829 -3.82156 0.746764275 0.439312904 -265.0135791995634 ../testing_datasets/H3_epi.csv NeighborSum 56
0.0 0.10900102507738192 -3.38786 0.741876229 0.415290525 -263.6693714959789 ../testing_datasets/H3_epi.csv NeighborSum 56
0.0 0.11722048741548982 -3.11426 0.8737419359999999 0.373295355 -246.42748807948493 ../testing_datasets/H3_epi.csv NeighborSum 56
0.0 0.10243578657790164 -5.24012 0.715975754 0.482192467 -241.815240946218 ../testing_datasets/H3_epi.csv NeighborSum 56
0.0 0.09312753480863348 -5.12656 0.676692141 0.403193686 -249.54904407711095 ../testing_datasets/H3_epi.csv NeighborSum 56
0.0 0.11396318096617028 -5.4106 1.149109632 0.416671749 -235.23732771072395 ../testing_datasets/H3_epi.csv NeighborSum 56
0.0 0.12115565995219252 -2.74384 0.6639633770000001 0.411535695 -223.44275819481288 ../testing_datasets/H3_epi.csv NeighborSum 56
0.0 0.14096890071083212 -2.92053 1.038341646 0.494932181 -226.42743225548458 ../testing_datasets/H3_epi.csv NeighborSum 56
0.0 0.09411554796090921 -6.717910000000001 1.00931652 0.34988148799999996 -221.64084677382567 ../testing_datasets/H3_epi.csv NeighborSum 56
0.0 0.14105803693919736 -1.9202700000000001 1.009611947 0.349563584 -206.23734920185922 ../testing_datasets/H3_epi.csv NeighborSum 56
0.0 0.13604795953547802 -1.8167900000000001 0.652709931 0.420269957 -197.81422149325465 ../testing_datasets/H3_epi.csv NeighborSum 56
0.0 0.1592792369964852 -0.51203 1.057207112 0.373279735 -199.74103536291824 ../testing_datasets/H3_epi.csv NeighborSum 56
0.0 0.15458148266961552 -0.09657 0.796349185 0.334679664 -178.01831851875934 ../testing_datasets/H3_epi.csv NeighborSum 56
0.0 0.15151401600341496 -1.49485 1.425720087 0.24028275600000001 -207.6658792254701 ../testing_datasets/H3_epi.csv NeighborSum 56
0.0 0.13708809965899155 -3.73869 1.324051971 0.365272282 -212.1441657729303 ../testing_datasets/H3_epi.csv NeighborSum 56
0.0 0.15529314652379747 -2.59388 0.931263958 0.562063996 -186.20353825931934 ../testing_datasets/H3_epi.csv NeighborSum 56
0.0 0.14745940619083878 -5.61514 1.5338730409999999 0.56157671 -204.65507840426903 ../testing_datasets/H3_epi.csv NeighborSum 56
0.0 0.1561843112682509 -2.1396599999999997 1.003082454 0.46457996 -176.0864289559513 ../testing_datasets/H3_epi.csv NeighborSum 56
0.0 0.1373120190550389 -2.37709 0.678620048 0.452984855 -187.81784863119103 ../testing_datasets/H3_epi.csv NeighborSum 56
0.0 0.15844840756523768 0.17981 0.75855219 0.380298829 -182.56422480277988 ../testing_datasets/H3_epi.csv NeighborSum 56
0.0 0.15317366551154704 -2.60548 1.338682007 0.41469953200000004 -208.0937814855777 ../testing_datasets/H3_epi.csv NeighborSum 56
0.0 0.1303923384329661 -3.9884699999999995 1.177513617 0.37972525100000004 -211.7064936259075 ../testing_datasets/H3_epi.csv NeighborSum 56
0.0 0.1612449946276155 -0.18059 0.609733531 0.568492374 -200.99132966629938 ../testing_datasets/H3_epi.csv NeighborSum 56
0.0 0.14395932161727604 -0.9666899999999999 0.57155383 0.511658692 -216.34676674652718 ../testing_datasets/H3_epi.csv NeighborSum 56
0.0 0.11901315378546365 -4.8795 1.200862802 0.394994434 -234.80718183347324 ../testing_datasets/H3_epi.csv NeighborSum 56
0.0 0.14089334105669518 -3.67725 1.102180344 0.5344718820000001 -223.30793954156576 ../testing_datasets/H3_epi.csv NeighborSum 56
0.0 0.12871319674064982 -3.05186 0.423707349 0.6160794629999999 -215.154717491407 ../testing_datasets/H3_epi.csv NeighborSum 56
0.0 0.11750160358683137 -3.64711 0.7980664409999999 0.45229618 -241.53333802278448 ../testing_datasets/H3_epi.csv NeighborSum 56
0.0 0.1434149219383818 -2.49425 1.225768266 0.457767935 -249.42277170380166 ../testing_datasets/H3_epi.csv NeighborSum 56
0.0 0.14776421771025397 -1.96038 0.760830503 0.599357063 -226.25170330721988 ../testing_datasets/H3_epi.csv NeighborSum 56
0.0 0.1521030455210165 -1.69825 0.8695110229999999 0.583571932 -230.1886693152695 ../testing_datasets/H3_epi.csv NeighborSum 56
0.0 0.14817809209274493 -1.7158099999999998 1.161003485 0.477452749 -255.1755740315292 ../testing_datasets/H3_epi.csv NeighborSum 56
0.0 0.13345695087811207 -4.23326 1.014349233 0.58835187 -238.31485989930172 ../testing_datasets/H3_epi.csv NeighborSum 56
0.0 0.15885038664272505 -1.06952 0.973275298 0.510262173 -216.33685460529225 ../testing_datasets/H3_epi.csv NeighborSum 56
0.0 0.13302584197546646 -2.15604 0.825378865 0.43641206299999996 -231.67224085799918 ../testing_datasets/H3_epi.csv NeighborSum 56
0.0 0.13729913392123455 -2.29049 1.012759628 0.455058025 -246.39473355359956 ../testing_datasets/H3_epi.csv NeighborSum 56
0.0 0.16048196799003644 -1.0211700000000001 0.84322232 0.605456103 -224.37208192154978 ../testing_datasets/H3_epi.csv NeighborSum 56
0.0 0.14755971639341284 -0.29344000000000003 0.779412834 0.327122072 -194.14264439400318 ../testing_datasets/H3_epi.csv NeighborSum 56
0.0 0.14802799582724005 -2.6590599999999998 0.930594875 0.5048545879999999 -193.03262510628548 ../testing_datasets/H3_epi.csv NeighborSum 56
0.0 0.15211303764266854 0.47193 0.379967836 0.43632172399999997 -177.77593092009823 ../testing_datasets/H3_epi.csv NeighborSum 56
0.0 0.1790861013385341 0.8982 0.814016394 0.477707583 -168.29821623814496 ../testing_datasets/H3_epi.csv NeighborSum 56
0.0 0.1405970422106394 -0.2394 0.316414832 0.38170655299999995 -168.80613687525636 ../testing_datasets/H3_epi.csv NeighborSum 56
0.0 0.12134756532652743 -3.05671 0.9334386459999999 0.267033665 -203.14765667577802 ../testing_datasets/H3_epi.csv NeighborSum 56
0.0 0.14390062624315628 -0.22077 0.309571582 0.477258311 -189.10617920006337 ../testing_datasets/H3_epi.csv NeighborSum 56
0.0 0.09873365333986678 -6.60376 0.879706311 0.437279676 -217.09363959892977 ../testing_datasets/H3_epi.csv NeighborSum 56
0.0 0.14994464143643174 -1.60209 0.53804943 0.617598402 -200.732787606207 ../testing_datasets/H3_epi.csv NeighborSum 56
0.0 0.13516087315766598 -3.18765 1.011120086 0.4937018 -235.54371884767096 ../testing_datasets/H3_epi.csv NeighborSum 56
0.0 0.1671324216020168 1.1406399999999999 0.543627628 0.5949203479999999 -224.44688881671462 ../testing_datasets/H3_epi.csv NeighborSum 56
0.0 0.14875319803799059 -1.32924 0.9234685020000001 0.512895651 -241.08374408104768 ../testing_datasets/H3_epi.csv NeighborSum 56
0.0 0.11048395829038594 -4.64228 0.8827119109999999 0.41149199 -232.68426445877893 ../testing_datasets/H3_epi.csv NeighborSum 56
0.0 0.1620728120129562 -1.37019 1.186875898 0.566663894 -247.066955322261 ../testing_datasets/H3_epi.csv NeighborSum 56
0.0 0.11604646203428023 -4.19771 0.442003714 0.573623731 -212.54425280624608 ../testing_datasets/H3_epi.csv NeighborSum 56
0.0 0.13419803489294602 -0.04808 0.120918225 0.49894597799999996 -212.43327836358563 ../testing_datasets/H3_epi.csv NeighborSum 56
0.0 0.13249986232147762 -0.23083 0.22126522899999998 0.42073976399999996 -200.9398865066377 ../testing_datasets/H3_epi.csv NeighborSum 56
0.0 0.14370833113287032 -1.1378 0.975002954 0.383610335 -230.921421913537 ../testing_datasets/H3_epi.csv NeighborSum 56
0.0 0.12940689425962348 -2.88341 0.657951648 0.566483721 -238.98269644142783 ../testing_datasets/H3_epi.csv NeighborSum 56
0.0 0.13279203330716927 0.04784 0.203960544 0.465709462 -223.3995806637419 ../testing_datasets/H3_epi.csv NeighborSum 56
0.0 0.14246788504840802 -0.60415 0.731130699 0.394561194 -219.9238369379143 ../testing_datasets/H3_epi.csv NeighborSum 56
0.0 0.1602406211306178 -2.186 1.3740866790000001 0.543240415 -246.51631582790893 ../testing_datasets/H3_epi.csv NeighborSum 56
0.0 0.13314076659115717 -2.75189 0.575827981 0.618551087 -233.7822473058086 ../testing_datasets/H3_epi.csv NeighborSum 56
0.0 0.2093362039755927 -0.06371 0.784631442 0.593738037 -44.9875886917591 ../testing_datasets/H3_epi.csv NeighborSum 56
0.0 0.19879592890808478 0.79046 0.404721355 0.564438746 -47.48281075818103 ../testing_datasets/H3_epi.csv NeighborSum 56
0.0 0.1935145190831596 -0.45848999999999995 0.605313959 0.547516672 -49.590528145958494 ../testing_datasets/H3_epi.csv NeighborSum 56
0.0 0.18748222651454272 -2.05804 1.121181829 0.42045763 -53.709957833498656 ../testing_datasets/H3_epi.csv NeighborSum 56
0.0 0.17799100544835814 -2.46537 0.866287947 0.47543648899999996 -55.800924060243936 ../testing_datasets/H3_epi.csv NeighborSum 56
0.0 0.15765367095024568 -3.09908 0.22578184199999998 0.598960413 -55.79632555002107 ../testing_datasets/H3_epi.csv NeighborSum 56
0.0 0.1867019532345819 -1.20107 0.65672676 0.55870095 -62.512837610182075 ../testing_datasets/H3_epi.csv NeighborSum 56
0.0 0.17588897360642092 -3.4281300000000003 1.183858458 0.43738865899999996 -66.94716938117632 ../testing_datasets/H3_epi.csv NeighborSum 56
0.0 0.1809955987699427 -1.69757 0.617009927 0.583953198 -70.17791935715769 ../testing_datasets/H3_epi.csv NeighborSum 56
0.0 0.18189545816223052 0.14145 0.207435725 0.6068642470000001 -76.01065900887252 ../testing_datasets/H3_epi.csv NeighborSum 56
0.0 0.1765780857488132 -2.03707 0.94038325 0.44480627100000003 -78.59597967586534 ../testing_datasets/H3_epi.csv NeighborSum 56
0.0 0.15534895299844564 -4.7304 1.022230688 0.450382689 -81.48382777519595 ../testing_datasets/H3_epi.csv NeighborSum 56
0.0 0.16073334285134033 -2.53619 0.334850427 0.6043597039999999 -83.7429417432645 ../testing_datasets/H3_epi.csv NeighborSum 56
0.0 0.1839801101022242 -0.12594 0.494418865 0.571118742 -91.53944317983897 ../testing_datasets/H3_epi.csv NeighborSum 56
0.0 0.16664347330098034 -3.8332300000000004 1.23377934 0.43419291200000004 -96.98943739825701 ../testing_datasets/H3_epi.csv NeighborSum 56
0.0 0.17766421184984588 -2.3094 0.8621375929999999 0.577173467 -98.80007674266633 ../testing_datasets/H3_epi.csv NeighborSum 56
0.0 0.19900142018023625 0.0807 0.770149767 0.6382663679999999 -106.51748922389619 ../testing_datasets/H3_epi.csv NeighborSum 56
0.0 0.1761920368122535 -1.36635 0.858298918 0.5005725120000001 -111.68484407197056 ../testing_datasets/H3_epi.csv NeighborSum 56
0.0 0.15878283898174922 -4.04703 1.183739322 0.439313535 -115.08763533624015 ../testing_datasets/H3_epi.csv NeighborSum 56
0.0 0.17979148081614066 -2.53589 1.040113198 0.593647392 -116.62756249498476 ../testing_datasets/H3_epi.csv NeighborSum 56
0.0 0.17417856944472554 -2.32882 0.8189936999999999 0.622521708 -121.6739300119461 ../testing_datasets/H3_epi.csv NeighborSum 56
0.0 0.16814747266024332 -2.3620799999999997 1.058076775 0.482879744 -134.14702467446068 ../testing_datasets/H3_epi.csv NeighborSum 56
0.0 0.15526586061316672 -4.3730400000000005 1.126303504 0.514298648 -135.03449262040488 ../testing_datasets/H3_epi.csv NeighborSum 56
0.0 0.1891697561394955 -1.28578 1.033761289 0.637086279 -138.94502815597303 ../testing_datasets/H3_epi.csv NeighborSum 56
0.0 0.1708776162290741 -1.76027 0.857445172 0.581951777 -148.05012240541328 ../testing_datasets/H3_epi.csv NeighborSum 56
0.0 0.16329328909676177 -4.75711 1.6740213959999999 0.46066588399999997 -157.92730078186025 ../testing_datasets/H3_epi.csv NeighborSum 56
0.0 0.15021080925284008 -4.41633 0.9735018520000001 0.5917318429999999 -157.10193908767778 ../testing_datasets/H3_epi.csv NeighborSum 56
0.0 0.16734630061133973 -2.95255 1.022611663 0.6331921939999999 -163.7562883271656 ../testing_datasets/H3_epi.csv NeighborSum 56
0.0 0.14072061366125688 -4.01106 1.0664444290000001 0.45608784399999996 -177.64610128434893 ../testing_datasets/H3_epi.csv NeighborSum 56
0.0 0.149975515467404 -3.00875 1.044997612 0.490030666 -185.40617023883314 ../testing_datasets/H3_epi.csv NeighborSum 56
0.0 0.16520868394095925 -1.36355 0.79112984 0.614803357 -187.06921576195205 ../testing_datasets/H3_epi.csv NeighborSum 56
0.0 0.12920739525309152 -4.80221 0.8603976329999999 0.544333849 -193.75619391605656 ../testing_datasets/H3_epi.csv NeighborSum 56
0.0 0.14325267757642254 -3.3186199999999997 1.256955553 0.41235610899999997 -208.3012365782504 ../testing_datasets/H3_epi.csv NeighborSum 56
0.0 0.13261683851287515 -3.5095 0.706950877 0.566876072 -210.6954886797387 ../testing_datasets/H3_epi.csv NeighborSum 56
0.0 0.17086889396648822 -0.0153 0.7970421679999999 0.635124982 -222.02959826028828 ../testing_datasets/H3_epi.csv NeighborSum 56
0.0 0.1680553810739425 0.55593 0.973929637 0.491812211 -232.1969276950492 ../testing_datasets/H3_epi.csv NeighborSum 56
0.0 0.11109922776440329 -3.80654 0.6942547309999999 0.425811019 -235.50920221080216 ../testing_datasets/H3_epi.csv NeighborSum 56
0.0 0.15326187263722135 -1.54641 0.8917984790000001 0.586719497 -235.8192125944447 ../testing_datasets/H3_epi.csv NeighborSum 56
0.0 0.13272449423322447 -5.086130000000001 1.261879668 0.551305233 -236.81959763784593 ../testing_datasets/H3_epi.csv NeighborSum 56
0.0 0.10608156585584577 -4.6477699999999995 0.8205623940000001 0.449131647 -253.97548041318498 ../testing_datasets/H3_epi.csv NeighborSum 56
0.0 0.14577570538930162 -1.68062 1.040108166 0.49881140700000004 -254.29966531425526 ../testing_datasets/H3_epi.csv NeighborSum 56
0.0 0.13278539479162532 -2.78645 0.869979244 0.521583404 -247.1662410131374 ../testing_datasets/H3_epi.csv NeighborSum 56
0.0 0.1252591802855659 -3.22231 1.179757521 0.37879340100000003 -261.27930588973356 ../testing_datasets/H3_epi.csv NeighborSum 56
0.0 0.09761592448015782 -4.343319999999999 0.601591722 0.464461998 -269.86158413248313 ../testing_datasets/H3_epi.csv NeighborSum 56
0.0 0.13473648431252352 -3.20198 1.083122381 0.5360474470000001 -263.73023667550973 ../testing_datasets/H3_epi.csv NeighborSum 56
0.0 0.08580699634732947 -6.21378 1.006637211 0.307794794 -258.9803485831273 ../testing_datasets/H3_epi.csv NeighborSum 56
0.0 0.09995495147277023 -2.7833900000000003 0.432581259 0.422469544 -275.39098640091544 ../testing_datasets/H3_epi.csv NeighborSum 56
0.0 0.1191092068387607 -2.68834 0.6119896810000001 0.553563832 -276.4596733453816 ../testing_datasets/H3_epi.csv NeighborSum 56
0.0 0.13537705555312213 -2.1739 1.058319156 0.45590487799999996 -266.3748464671185 ../testing_datasets/H3_epi.csv NeighborSum 56
0.0 0.10882716752408592 -2.87977 0.667925035 0.40714502799999996 -268.2226872302742 ../testing_datasets/H3_epi.csv NeighborSum 56
0.0 0.08768185396196217 -4.21333 0.345201153 0.47076554600000003 -275.96953339437744 ../testing_datasets/H3_epi.csv NeighborSum 56
0.0 0.12164843615774312 -3.98978 1.059536526 0.49141218299999995 -268.50841467779856 ../testing_datasets/H3_epi.csv NeighborSum 56
0.0 0.11489945132429999 -2.81077 0.794924622 0.385400415 -258.7130533044065 ../testing_datasets/H3_epi.csv NeighborSum 56
0.0 0.09276332871131363 -5.25553 0.70427318 0.437332735 -263.0342930636013 ../testing_datasets/H3_epi.csv NeighborSum 56
0.0 0.11649751136089634 -3.3245199999999997 0.7509904279999999 0.49708766 -266.03183258651677 ../testing_datasets/H3_epi.csv NeighborSum 56
0.0 0.12052138445633434 -2.71549 0.921750244 0.36169065200000006 -251.29743222081552 ../testing_datasets/H3_epi.csv NeighborSum 56
0.0 0.10111641087983257 -4.7866800000000005 0.731156107 0.41398308799999994 -242.03615647546545 ../testing_datasets/H3_epi.csv NeighborSum 56
0.0 0.09879402318835448 -5.0761 0.687332561 0.456874455 -249.11584916799467 ../testing_datasets/H3_epi.csv NeighborSum 56
0.0 0.11438584520805269 -5.39295 1.128182407 0.44288720000000004 -240.15197247818048 ../testing_datasets/H3_epi.csv NeighborSum 56
0.0 0.1320275620708156 -1.88965 0.6511415110000001 0.46636381 -227.96526841849757 ../testing_datasets/H3_epi.csv NeighborSum 56
0.0 0.1311188833384443 -3.8445 1.092719543 0.450734477 -225.71608591756748 ../testing_datasets/H3_epi.csv NeighborSum 56
0.0 0.09089948618726976 -7.825239999999999 1.0124646659999998 0.427269469 -222.13362916265643 ../testing_datasets/H3_epi.csv NeighborSum 56
0.0 0.127508040565691 -3.8010300000000004 1.0158724959999998 0.39304744399999997 -208.91886852554214 ../testing_datasets/H3_epi.csv NeighborSum 56
0.0 0.13986529565204647 -2.0045900000000003 0.711453749 0.46393950700000003 -200.41737900826118 ../testing_datasets/H3_epi.csv NeighborSum 56
0.0 0.1434531702703141 -3.6809 1.115958164 0.485260775 -197.20633735902496 ../testing_datasets/H3_epi.csv NeighborSum 56
0.0 0.16069118132663046 -0.25187 0.8231434940000001 0.41446194700000005 -180.1455683330735 ../testing_datasets/H3_epi.csv NeighborSum 56
0.0 0.15132880041774752 -2.1976400000000003 1.4515260669999999 0.296096304 -206.63275684701404 ../testing_datasets/H3_epi.csv NeighborSum 56
0.0 0.1541315142205117 -2.86952 1.3122992070000001 0.48675974 -215.93824095393342 ../testing_datasets/H3_epi.csv NeighborSum 56
0.0 0.15152494650276585 -2.8608599999999997 0.912711905 0.56537855 -189.9765151653472 ../testing_datasets/H3_epi.csv NeighborSum 56
0.0 0.1398201910459086 -6.19442 1.516847775 0.560533917 -211.46672970633344 ../testing_datasets/H3_epi.csv NeighborSum 56
0.0 0.15485568469310956 -1.9631900000000002 0.97506998 0.460823665 -182.17543497030664 ../testing_datasets/H3_epi.csv NeighborSum 56
0.0 0.13043499471667383 -2.92345 0.620981734 0.47046865299999996 -192.73568655718086 ../testing_datasets/H3_epi.csv NeighborSum 56
0.0 0.1615932702098529 0.7518199999999999 0.657617848 0.419822546 -188.544298334235 ../testing_datasets/H3_epi.csv NeighborSum 56
0.0 0.1536650134107583 -1.6641599999999999 1.255474233 0.36153280600000004 -208.2883666364884 ../testing_datasets/H3_epi.csv NeighborSum 56
0.0 0.12807380810882094 -4.2178 1.196279444 0.388813265 -219.0763508470056 ../testing_datasets/H3_epi.csv NeighborSum 56
0.0 0.15553846545048028 -0.67915 0.607995014 0.5820084879999999 -210.56682299813534 ../testing_datasets/H3_epi.csv NeighborSum 56
0.0 0.13991262792986572 -1.10036 0.550428197 0.513791627 -225.36471930132726 ../testing_datasets/H3_epi.csv NeighborSum 56
0.0 0.11353889899166231 -5.2012 1.184196075 0.392317454 -241.7295936991889 ../testing_datasets/H3_epi.csv NeighborSum 56
0.0 0.14666023410122256 -2.74257 1.096636703 0.534449489 -233.31414757627587 ../testing_datasets/H3_epi.csv NeighborSum 56
0.0 0.13655943087365088 -1.8952799999999999 0.40894099700000003 0.621989157 -225.4544944412563 ../testing_datasets/H3_epi.csv NeighborSum 56
0.0 0.11685092091762746 -3.32553 0.7294752990000001 0.462519736 -248.60773530698225 ../testing_datasets/H3_epi.csv NeighborSum 56
0.0 0.13454255867556209 -3.2298400000000003 1.268900122 0.431765031 -256.37200827913983 ../testing_datasets/H3_epi.csv NeighborSum 56
0.0 0.13370596838924195 -3.00248 0.702256702 0.594060732 -234.01228997328772 ../testing_datasets/H3_epi.csv NeighborSum 56
0.0 0.14722318512071939 -1.9705599999999999 0.87665334 0.578834163 -239.64358084585564 ../testing_datasets/H3_epi.csv NeighborSum 56
0.0 0.14168946196965754 -1.88963 1.150906151 0.44943011 -263.72493372317757 ../testing_datasets/H3_epi.csv NeighborSum 56
0.0 0.12354366492606937 -4.844530000000001 0.975306772 0.579266 -246.81658396596754 ../testing_datasets/H3_epi.csv NeighborSum 56
0.0 0.17310974835662538 1.0777299999999999 0.923744322 0.5207396320000001 -232.93571431369 ../testing_datasets/H3_epi.csv NeighborSum 56
0.0 0.1335050585993539 -1.05014 0.83649241 0.365010035 -246.87222071761286 ../testing_datasets/H3_epi.csv NeighborSum 56
0.0 0.13153885499141316 -2.52051 1.09437991 0.407446563 -257.8029878960303 ../testing_datasets/H3_epi.csv NeighborSum 56
0.0 0.1550376141542506 -0.65501 0.708683209 0.612620955 -240.9642331335715 ../testing_datasets/H3_epi.csv NeighborSum 56
0.0 0.12758422504632555 -1.97508 0.593224647 0.392259914 -207.00910568674584 ../testing_datasets/H3_epi.csv NeighborSum 56
0.0 0.13888455393990254 -3.57439 0.857243788 0.5561670870000001 -203.18497462263207 ../testing_datasets/H3_epi.csv NeighborSum 56
0.0 0.13838358332133166 -0.0055899999999999995 0.31878471 0.380062688 -186.38440446984387 ../testing_datasets/H3_epi.csv NeighborSum 56
0.0 0.14031858378468937 -2.62371 0.760981142 0.439272669 -174.8204788723203 ../testing_datasets/H3_epi.csv NeighborSum 56
0.0 0.13986791239268684 -0.21843 0.207246088 0.414991602 -166.71439985720448 ../testing_datasets/H3_epi.csv NeighborSum 56
0.0 0.1382800443724384 -0.9630200000000001 0.7796054790000001 0.314603852 -203.04824047176865 ../testing_datasets/H3_epi.csv NeighborSum 56
0.0 0.13634268257229812 -0.73868 0.25258880100000003 0.493516488 -197.54877500478392 ../testing_datasets/H3_epi.csv NeighborSum 56
0.0 0.09407922882900793 -5.45621 0.707217285 0.364622847 -224.53626662053048 ../testing_datasets/H3_epi.csv NeighborSum 56
0.0 0.12029436171408167 -3.1049599999999997 0.204689558 0.6013225179999999 -206.77340691194863 ../testing_datasets/H3_epi.csv NeighborSum 56
0.0 0.12643095585699204 -4.12046 1.04134297 0.487016267 -239.42482920241056 ../testing_datasets/H3_epi.csv NeighborSum 56
0.0 0.13750171768295985 -2.06128 0.5950591829999999 0.57918101 -230.4362584178613 ../testing_datasets/H3_epi.csv NeighborSum 56
0.0 0.15627412479285782 -0.31143000000000004 0.9317708579999999 0.502247853 -245.3960637713001 ../testing_datasets/H3_epi.csv NeighborSum 56
0.0 0.11360416227859835 -4.28469 0.872256556 0.432441566 -238.91824897461353 ../testing_datasets/H3_epi.csv NeighborSum 56
0.0 0.16508187402214747 -1.25944 1.212739305 0.584495518 -249.41635803914264 ../testing_datasets/H3_epi.csv NeighborSum 56
0.0 0.10939586939166362 -4.81659 0.42695745700000004 0.57182225 -213.86841413757793 ../testing_datasets/H3_epi.csv NeighborSum 56
0.0 0.12958363021953873 -0.53857 0.092517369 0.496861171 -207.8535664973563 ../testing_datasets/H3_epi.csv NeighborSum 56
0.0 0.13172161952440486 -0.1696 0.26160591899999996 0.38902169299999995 -201.60759094262502 ../testing_datasets/H3_epi.csv NeighborSum 56
0.0 0.14505556078126744 -1.14458 1.0051793470000001 0.391918259 -233.0366932313482 ../testing_datasets/H3_epi.csv NeighborSum 56
0.0 0.12692802355513155 -2.8054200000000002 0.6551623329999999 0.5209321029999999 -235.2595145988928 ../testing_datasets/H3_epi.csv NeighborSum 56
0.0 0.1307626032462248 -0.35188 0.205533792 0.468353003 -218.13823547418468 ../testing_datasets/H3_epi.csv NeighborSum 56
0.0 0.13345842180323034 -1.76164 0.7570787259999999 0.392518945 -217.5942028739739 ../testing_datasets/H3_epi.csv NeighborSum 56
0.0 0.14661605714686107 -1.8778599999999999 1.355263093 0.3525717 -242.4585587171124 ../testing_datasets/H3_epi.csv NeighborSum 56
0.0 0.1530035137510259 -0.61363 0.48403432799999996 0.641637324 -224.60892020440454 ../testing_datasets/H3_epi.csv NeighborSum 56
1.0 0.15611599261009715 -4.75777 0.70281483 0.69905717 -114.48212391962379 ../testing_datasets/H3_epi.csv NeighborSum 56
1.0 0.163858078027627 -1.2940200000000002 0.211964021 0.6478339710000001 -112.49056972685158 ../testing_datasets/H3_epi.csv NeighborSum 56
0.0 0.15887787706709783 -1.45537 0.612367541 0.483448964 -133.3441355883498 ../testing_datasets/H3_epi.csv NeighborSum 56
0.0 0.15558901279926163 -3.89779 1.196666614 0.428008725 -131.8191593816116 ../testing_datasets/H3_epi.csv NeighborSum 56
1.0 0.1645134851275281 -2.7384 0.715100347 0.579302426 -113.78004200834799 ../testing_datasets/H3_epi.csv NeighborSum 56
1.0 0.13357485182321574 -3.62681 0.115711929 0.595265533 -116.0460964411554 ../testing_datasets/H3_epi.csv NeighborSum 56
0.0 0.16419658211754085 -1.29095 0.6905827440000001 0.501678063 -136.8682388537983 ../testing_datasets/H3_epi.csv NeighborSum 56
1.0 0.162386874445911 -3.75295 1.196403002 0.47662662100000003 -126.62884866636614 ../testing_datasets/H3_epi.csv NeighborSum 56
1.0 0.16680185823591667 -2.5434400000000004 0.483154326 0.679766952 -109.80147691528344 ../testing_datasets/H3_epi.csv NeighborSum 56
1.0 0.17439566710071622 0.51657 0.13067727199999998 0.6279264170000001 -115.82490829718972 ../testing_datasets/H3_epi.csv NeighborSum 56
0.0 0.1740588649974954 -0.9336 0.943695555 0.45169699799999996 -132.90100310951166 ../testing_datasets/H3_epi.csv NeighborSum 56
1.0 0.17955970181656994 -1.79045 0.958617728 0.546161722 -114.85593033312637 ../testing_datasets/H3_epi.csv NeighborSum 56
1.0 0.16553952369144814 -1.3240399999999999 0.262675306 0.630650387 -106.56418198773311 ../testing_datasets/H3_epi.csv NeighborSum 56
0.0 0.17580158933762657 0.18962 0.539623645 0.5042671989999999 -120.2745594811848 ../testing_datasets/H3_epi.csv NeighborSum 56
0.0 0.1796257977710248 -2.26927 1.223431364 0.48197349100000003 -117.01580273080681 ../testing_datasets/H3_epi.csv NeighborSum 56
1.0 0.21482656634036862 1.6089200000000001 0.8156641729999999 0.630753393 -102.77506222662079 ../testing_datasets/H3_epi.csv NeighborSum 56
0.0 0.20996846120710114 -0.31093000000000004 0.760532859 0.78011504 -96.23638497272714 ../testing_datasets/H3_epi.csv NeighborSum 56
1.0 0.21386655300759386 0.0206 0.854286305 0.7309945940000001 -90.1479749235337 ../testing_datasets/H3_epi.csv NeighborSum 56
1.0 0.23051962452269648 0.38414 1.153800785 0.749115592 -90.49856031837119 ../testing_datasets/H3_epi.csv NeighborSum 56
1.0 0.2056153494267384 -0.37162 1.042818155 0.578004096 -85.39871153540925 ../testing_datasets/H3_epi.csv NeighborSum 56
0.0 0.2089560785571306 -1.01975 0.812858912 0.74782007 -71.0634847446688 ../testing_datasets/H3_epi.csv NeighborSum 56
0.0 0.18475133505248714 -3.4985699999999995 1.048833101 0.623264499 -72.5763345701158 ../testing_datasets/H3_epi.csv NeighborSum 56
0.0 0.24513221296475124 2.34185 1.118867783 0.657316866 -64.25711205363183 ../testing_datasets/H3_epi.csv NeighborSum 56
0.0 0.23672589311406383 1.81148 1.004286968 0.666177814 -63.66641283638234 ../testing_datasets/H3_epi.csv NeighborSum 56
0.0 0.2062315480179444 -0.8239299999999999 0.864627887 0.666824629 -68.89782578590543 ../testing_datasets/H3_epi.csv NeighborSum 56
0.0 0.20013159371901348 -2.21698 1.6828666230000002 0.363254491 -66.92278809432462 ../testing_datasets/H3_epi.csv NeighborSum 56
0.0 0.19658075282287313 -0.0665 0.973980498 0.403111979 -59.8340624049483 ../testing_datasets/H3_epi.csv NeighborSum 56
0.0 0.1859244402995363 -1.59397 1.019964963 0.43562194299999996 -66.24907453828936 ../testing_datasets/H3_epi.csv NeighborSum 56
0.0 0.2062347911385345 -0.5896 1.080741775 0.511120366 -56.93162295633917 ../testing_datasets/H3_epi.csv NeighborSum 56
0.0 0.2018989331490677 -1.4661799999999998 1.0264390540000001 0.5656706229999999 -53.0041581836952 ../testing_datasets/H3_epi.csv NeighborSum 56
0.0 0.20589307967909445 -0.25813 0.7831203390000001 0.570654191 -43.41254589513606 ../testing_datasets/H3_epi.csv NeighborSum 56
0.0 0.20525090060526327 -1.41549 0.87491363 0.640544341 -43.23763024137624 ../testing_datasets/H3_epi.csv NeighborSum 56
0.0 0.2428641549250868 1.21723 1.273974642 0.639236861 -50.72638888264878 ../testing_datasets/H3_epi.csv NeighborSum 56
0.0 0.18778781487040414 -2.39566 0.698662507 0.6397586 -49.71349751313053 ../testing_datasets/H3_epi.csv NeighborSum 56
0.0 0.2008083430837671 -0.9435100000000001 0.806137062 0.596440879 -51.95169617652623 ../testing_datasets/H3_epi.csv NeighborSum 56
0.0 0.18637056355506 -2.80478 0.999791515 0.5412026520000001 -54.148514457193464 ../testing_datasets/H3_epi.csv NeighborSum 56
0.0 0.1902428232064449 0.05205 0.7230108690000001 0.42952213200000006 -58.822544966857684 ../testing_datasets/H3_epi.csv NeighborSum 56
0.0 0.18133785322659035 -2.4725599999999996 0.9134051999999999 0.493951519 -56.102880919151566 ../testing_datasets/H3_epi.csv NeighborSum 56
0.0 0.18595417576524545 -4.09892 1.177075753 0.602264421 -58.76200864742329 ../testing_datasets/H3_epi.csv NeighborSum 56
0.0 0.1475720308899311 -5.40796 0.866090372 0.44734586600000004 -61.78299231623431 ../testing_datasets/H3_epi.csv NeighborSum 56
0.0 0.14578357282419147 -5.7612 1.040738514 0.382127 -61.13885449070038 ../testing_datasets/H3_epi.csv NeighborSum 56
0.0 0.17585824575581255 -3.20132 0.883922457 0.544771566 -65.0783449421062 ../testing_datasets/H3_epi.csv NeighborSum 56
0.0 0.17072845129119407 -3.8035400000000004 1.192942461 0.423177569 -70.64823476267458 ../testing_datasets/H3_epi.csv NeighborSum 56
0.0 0.13902714417277043 -4.44307 0.598159525 0.403076121 -73.07892614592772 ../testing_datasets/H3_epi.csv NeighborSum 56
0.0 0.1688847346342201 -4.42333 1.063868523 0.531204229 -72.98404242268074 ../testing_datasets/H3_epi.csv NeighborSum 56
0.0 0.19190728475613072 -1.5268700000000002 1.0201036940000001 0.5306678029999999 -78.27564509927724 ../testing_datasets/H3_epi.csv NeighborSum 56
0.0 0.15167230463855289 -2.32609 0.43627146899999997 0.437249809 -85.36405110613266 ../testing_datasets/H3_epi.csv NeighborSum 56
0.0 0.16867853098363625 -1.1089200000000001 0.535295504 0.46735749 -87.4789569777724 ../testing_datasets/H3_epi.csv NeighborSum 56
0.0 0.2010737179549082 -1.28695 1.043296385 0.624816382 -87.04781524454266 ../testing_datasets/H3_epi.csv NeighborSum 56
0.0 0.15240559324009967 -3.8285699999999996 0.716735645 0.489040682 -91.03899400139036 ../testing_datasets/H3_epi.csv NeighborSum 56
0.0 0.1204011394709331 -5.14881 0.332333688 0.44910567100000004 -96.70790307560128 ../testing_datasets/H3_epi.csv NeighborSum 56
0.0 0.17892346417027938 -1.62541 0.984743405 0.469638647 -100.37125396230351 ../testing_datasets/H3_epi.csv NeighborSum 56
0.0 0.18739281052141815 -1.3047799999999998 0.8276413579999999 0.603729944 -99.91125244785577 ../testing_datasets/H3_epi.csv NeighborSum 56
0.0 0.1586080281530079 -2.9336900000000004 0.7526299479999999 0.5002632379999999 -108.5832524654001 ../testing_datasets/H3_epi.csv NeighborSum 56
0.0 0.15406503311958308 -2.75751 0.7607216170000001 0.43932583399999997 -113.2478934193555 ../testing_datasets/H3_epi.csv NeighborSum 56
0.0 0.1889361595170017 -1.34156 0.993678795 0.579146798 -110.47818744815906 ../testing_datasets/H3_epi.csv NeighborSum 56
0.0 0.1756878365782522 -2.12549 0.800457834 0.6065467489999999 -114.23480271507981 ../testing_datasets/H3_epi.csv NeighborSum 56
0.0 0.14519024011786275 -3.61401 0.704684042 0.481717532 -124.09856196254734 ../testing_datasets/H3_epi.csv NeighborSum 56
0.0 0.1697115009996119 -2.19707 1.140684827 0.42113054200000005 -125.13518473104921 ../testing_datasets/H3_epi.csv NeighborSum 56
0.0 0.19328417038593665 0.8555200000000001 0.70700435 0.571915455 -124.63601940552182 ../testing_datasets/H3_epi.csv NeighborSum 56
0.0 0.1842080576022563 -1.46995 1.090830856 0.5516969429999999 -131.18537221527637 ../testing_datasets/H3_epi.csv NeighborSum 56
0.0 0.13927558451561467 -4.861619999999999 1.013050303 0.439234554 -137.2805764757697 ../testing_datasets/H3_epi.csv NeighborSum 56
0.0 0.14807522401667644 -4.153519999999999 0.997334168 0.46081088200000003 -132.49835503051662 ../testing_datasets/H3_epi.csv NeighborSum 56
0.0 0.1693881343822321 -1.95822 0.7009037090000001 0.6146252170000001 -133.01446766786015 ../testing_datasets/H3_epi.csv NeighborSum 56
0.0 0.18422613937980722 -0.48431 1.057297943 0.509948747 -147.18595404233602 ../testing_datasets/H3_epi.csv NeighborSum 56
0.0 0.16815445307244148 -0.54065 0.801095412 0.454936861 -149.65396009941662 ../testing_datasets/H3_epi.csv NeighborSum 56
0.0 0.1842802705752618 -2.17009 1.4141199830000002 0.499189536 -138.8589878419432 ../testing_datasets/H3_epi.csv NeighborSum 56
0.0 0.2011089505211269 -0.71104 1.320760203 0.6021910070000001 -145.44254772095428 ../testing_datasets/H3_epi.csv NeighborSum 56
0.0 0.15292290208858622 -3.9596199999999997 1.0783360370000001 0.518546851 -153.70219461019374 ../testing_datasets/H3_epi.csv NeighborSum 56
0.0 0.18901630813247594 -1.45186 1.5271394930000002 0.457961345 -149.64204345287806 ../testing_datasets/H3_epi.csv NeighborSum 56
0.0 0.16795137919893174 -2.32088 0.995512046 0.525460049 -141.5612467653344 ../testing_datasets/H3_epi.csv NeighborSum 56
0.0 0.11897838183052242 -7.530530000000001 0.809259689 0.603318369 -147.53287139374544 ../testing_datasets/H3_epi.csv NeighborSum 56
0.0 0.14965060519233567 -2.7305200000000003 0.661070452 0.549756481 -155.81823170639558 ../testing_datasets/H3_epi.csv NeighborSum 56
0.0 0.1659479924438228 -4.30751 1.286137987 0.580807725 -143.4861262465092 ../testing_datasets/H3_epi.csv NeighborSum 56
0.0 0.18999971438078336 -1.7258099999999998 1.206935439 0.634181451 -146.448826107925 ../testing_datasets/H3_epi.csv NeighborSum 56
0.0 0.16815055053330322 -1.18195 0.629992918 0.619746482 -157.1536291406254 ../testing_datasets/H3_epi.csv NeighborSum 56
0.0 0.15300361653379246 -2.64982 0.537023876 0.62398496 -151.41595138382252 ../testing_datasets/H3_epi.csv NeighborSum 56
0.0 0.17666887741531778 -3.12395 1.163806547 0.628880946 -140.53332120116804 ../testing_datasets/H3_epi.csv NeighborSum 56
0.0 0.16637331942653583 -3.5175300000000003 1.138946126 0.579603666 -146.55857214301162 ../testing_datasets/H3_epi.csv NeighborSum 56
0.0 0.13745716386793017 -3.43685 0.433889401 0.5758332429999999 -152.0885847719369 ../testing_datasets/H3_epi.csv NeighborSum 56
0.0 0.1704377796212586 -1.85087 0.7531584729999999 0.620360106 -143.26810052917992 ../testing_datasets/H3_epi.csv NeighborSum 56
0.0 0.1742509706318826 -3.3003400000000003 1.307695958 0.5417961920000001 -136.15989017958006 ../testing_datasets/H3_epi.csv NeighborSum 56
0.0 0.15864425697115275 -1.8385200000000002 0.821615474 0.460142172 -145.8973173011248 ../testing_datasets/H3_epi.csv NeighborSum 56
0.0 0.16138727762204727 -2.82625 0.867244679 0.563614512 -142.60231927421012 ../testing_datasets/H3_epi.csv NeighborSum 56
0.0 0.18566396885626457 -0.9902200000000001 1.13120506 0.5018061429999999 -131.65173163694126 ../testing_datasets/H3_epi.csv NeighborSum 56
0.0 0.13916002808790004 -6.0986400000000005 0.951889434 0.5603430079999999 -125.40490044288535 ../testing_datasets/H3_epi.csv NeighborSum 56
0.0 0.22116929591664503 5.26967 0.8255073890000001 0.41371816299999997 -136.05013742090054 ../testing_datasets/H3_epi.csv NeighborSum 56
0.0 0.19082563592915347 3.39804 0.793110125 0.25123988199999997 -127.89879884422687 ../testing_datasets/H3_epi.csv NeighborSum 56
0.0 0.16962820978569276 -3.83505 1.031493409 0.607399108 -113.82292869668488 ../testing_datasets/H3_epi.csv NeighborSum 56
0.0 0.16748588770283734 -2.42327 0.864759332 0.541983715 -124.26365074834989 ../testing_datasets/H3_epi.csv NeighborSum 56
0.0 0.11904413233092818 -4.7131300000000005 0.61270284 0.33415347 -122.94080430205243 ../testing_datasets/H3_epi.csv NeighborSum 56
0.0 0.14021217022018795 -4.36946 0.884873647 0.462233314 -139.0048190972364 ../testing_datasets/H3_epi.csv NeighborSum 56
0.0 0.1515300554246549 -0.29921 0.640065215 0.254434063 -128.71545921890842 ../testing_datasets/H3_epi.csv NeighborSum 56
0.0 0.14704191120930513 -1.95715 0.851685847 0.316120234 -142.43203226718174 ../testing_datasets/H3_epi.csv NeighborSum 56
0.0 0.12469950379575437 -2.09951 0.34808929299999997 0.261316096 -127.19706378020311 ../testing_datasets/H3_epi.csv NeighborSum 56
0.0 0.1482308989913278 -2.1375599999999997 0.862810622 0.335489908 -139.6228165346735 ../testing_datasets/H3_epi.csv NeighborSum 56
0.0 0.1692582716544217 -0.64753 0.592361004 0.5023241979999999 -124.08216598680754 ../testing_datasets/H3_epi.csv NeighborSum 56
0.0 0.1318732623454786 -5.0457 0.8720874359999999 0.403206386 -124.96336522995983 ../testing_datasets/H3_epi.csv NeighborSum 56
0.0 0.1450509640227008 -2.3073599999999996 0.212941744 0.541336978 -114.23634675528974 ../testing_datasets/H3_epi.csv NeighborSum 56
0.0 0.17782890787295141 -3.20706 1.0463594459999999 0.614300241 -108.25808002313106 ../testing_datasets/H3_epi.csv NeighborSum 56
0.0 0.14861197484771443 -4.24697 0.561512033 0.590431103 -102.21499685108016 ../testing_datasets/H3_epi.csv NeighborSum 56
0.0 0.17160700067133858 -4.26129 0.924414753 0.661403561 -91.78535259525445 ../testing_datasets/H3_epi.csv NeighborSum 56
0.0 0.19174016427140034 -1.3301399999999999 0.8471421929999999 0.583158969 -76.86952464435664 ../testing_datasets/H3_epi.csv NeighborSum 56
0.0 0.22231201890500107 -0.00773 1.19843548 0.69259174 -96.73795599205162 ../testing_datasets/H3_epi.csv NeighborSum 56
0.0 0.1501712760406979 -4.685919999999999 0.445627454 0.616167129 -69.83970132573873 ../testing_datasets/H3_epi.csv NeighborSum 56
0.0 0.154229492399672 -2.16794 0.155453728 0.548487042 -74.80276625118026 ../testing_datasets/H3_epi.csv NeighborSum 56
0.0 0.1766699516966824 0.10503 0.29890498 0.508037714 -75.60632095149302 ../testing_datasets/H3_epi.csv NeighborSum 56
0.0 0.17835414955178086 -1.88707 0.885523229 0.50698248 -90.22408824466697 ../testing_datasets/H3_epi.csv NeighborSum 56
0.0 0.1696432535424227 -2.67076 0.6936568209999999 0.591047054 -95.88857072836456 ../testing_datasets/H3_epi.csv NeighborSum 56
0.0 0.17944689759558013 -0.33149 0.530187444 0.53873164 -96.78505352890573 ../testing_datasets/H3_epi.csv NeighborSum 56
0.0 0.16208013198542837 -3.02644 0.883519866 0.45251496700000005 -95.07319373691213 ../testing_datasets/H3_epi.csv NeighborSum 56
0.0 0.1548228017593164 -4.0757 1.387089416 0.29541363800000003 -111.84021009153281 ../testing_datasets/H3_epi.csv NeighborSum 56
1.0 0.1879019436465128 -1.53205 0.778761919 0.681401239 -109.3081908818117 ../testing_datasets/H3_epi.csv NeighborSum 56
1.0 0.16185069930293122 -4.91755 0.859310583 0.702726693 -111.82543672964913 ../testing_datasets/H3_epi.csv NeighborSum 56
1.0 0.16746223476166855 -1.27514 0.29777400800000003 0.643291799 -110.73577362960773 ../testing_datasets/H3_epi.csv NeighborSum 56
0.0 0.1614286321776781 -1.29311 0.63965973 0.479991183 -132.07554301101587 ../testing_datasets/H3_epi.csv NeighborSum 56
0.0 0.1556893784556513 -3.85198 1.182778761 0.42544497200000003 -129.91568860321715 ../testing_datasets/H3_epi.csv NeighborSum 56
1.0 0.167897835335987 -2.85527 0.8045728990000001 0.583190318 -111.52284402352261 ../testing_datasets/H3_epi.csv NeighborSum 56
1.0 0.13905135942333702 -3.44489 0.209785592 0.591967233 -114.42581888014432 ../testing_datasets/H3_epi.csv NeighborSum 56
0.0 0.16415117508279303 -1.2597200000000002 0.7107326540000001 0.48401853 -135.15983225277637 ../testing_datasets/H3_epi.csv NeighborSum 56
1.0 0.1644315687053905 -3.69254 1.229652285 0.47484611299999996 -125.24212676668023 ../testing_datasets/H3_epi.csv NeighborSum 56
1.0 0.17114023768104591 -2.40279 0.546764592 0.6813506779999999 -108.11489431650635 ../testing_datasets/H3_epi.csv NeighborSum 56
1.0 0.1753698177861802 0.43991 0.148827361 0.631045646 -113.05673771252938 ../testing_datasets/H3_epi.csv NeighborSum 56
0.0 0.17340975869555886 -1.08336 0.9882842629999999 0.434100289 -130.98002193984846 ../testing_datasets/H3_epi.csv NeighborSum 56
1.0 0.18135761517807572 -1.6756 0.97372298 0.544192875 -113.47306901195437 ../testing_datasets/H3_epi.csv NeighborSum 56
1.0 0.16331029058276375 -1.69697 0.267811892 0.6328298960000001 -103.53396824283328 ../testing_datasets/H3_epi.csv NeighborSum 56
0.0 0.16479523404854576 -0.40057 0.525778473 0.43677371200000004 -117.19014036922191 ../testing_datasets/H3_epi.csv NeighborSum 56
0.0 0.18403816815733573 -1.98033 1.253416225 0.487119349 -116.31178143888236 ../testing_datasets/H3_epi.csv NeighborSum 56
1.0 0.21455776103053809 1.59349 0.812587298 0.6273222629999999 -101.57436190922961 ../testing_datasets/H3_epi.csv NeighborSum 56
0.0 0.21108007666418965 -0.21564 0.750926705 0.78332428 -94.77798409434669 ../testing_datasets/H3_epi.csv NeighborSum 56
1.0 0.21633541419368144 -0.03585 0.896655797 0.739252699 -87.77751209131257 ../testing_datasets/H3_epi.csv NeighborSum 56
1.0 0.2269535052518648 0.38713000000000003 1.164038449 0.7034061159999999 -90.54068467239601 ../testing_datasets/H3_epi.csv NeighborSum 56
1.0 0.2014325472351787 -0.38731 1.014292453 0.540255779 -83.81634451384257 ../testing_datasets/H3_epi.csv NeighborSum 56
0.0 0.2045257892239708 -1.57996 0.823902963 0.748905845 -70.72123194227517 ../testing_datasets/H3_epi.csv NeighborSum 56
0.0 0.17219180832752512 -4.22743 1.050005639 0.5532380020000001 -72.28609165508603 ../testing_datasets/H3_epi.csv NeighborSum 56
0.0 0.24681677780323885 2.68302 1.118057678 0.644745921 -65.32529074382543 ../testing_datasets/H3_epi.csv NeighborSum 56
0.0 0.20485322227913333 2.00924 1.024392338 0.273106697 -64.28085822548499 ../testing_datasets/H3_epi.csv NeighborSum 56
0.0 0.19953190874860738 -0.8249700000000001 0.811640813 0.612915315 -68.41891928094007 ../testing_datasets/H3_epi.csv NeighborSum 56
0.0 0.2186216857964061 -2.29809 1.672334066 0.588790597 -67.10167918534407 ../testing_datasets/H3_epi.csv NeighborSum 56
0.0 0.21059867711746724 -0.11523 0.990691291 0.562892802 -60.45058084582082 ../testing_datasets/H3_epi.csv NeighborSum 56
0.0 0.18596214919059526 -1.85847 1.0209793870000001 0.463587352 -66.49780638790463 ../testing_datasets/H3_epi.csv NeighborSum 56
0.0 0.20536655077151364 -0.5931 1.0557956370000001 0.514859204 -57.64521279530492 ../testing_datasets/H3_epi.csv NeighborSum 56
0.0 0.20381481344043392 -1.40486 1.066198821 0.565636186 -53.871925874023866 ../testing_datasets/H3_epi.csv NeighborSum 56
0.0 0.20568762844325594 -0.24761999999999998 0.778543834 0.5718149929999999 -44.3176451436873 ../testing_datasets/H3_epi.csv NeighborSum 56
0.0 0.20403428630439138 -1.41029 0.8479862979999999 0.640120458 -43.8889573872969 ../testing_datasets/H3_epi.csv NeighborSum 56
0.0 0.2420319515243003 1.12562 1.275809547 0.640861635 -51.63850362905368 ../testing_datasets/H3_epi.csv NeighborSum 56
0.0 0.18812950183581312 -2.33122 0.741038623 0.6194509739999999 -50.32149970903485 ../testing_datasets/H3_epi.csv NeighborSum 56
0.0 0.19881287510192736 -0.92338 0.764726784 0.591459914 -52.36055207286158 ../testing_datasets/H3_epi.csv NeighborSum 56
0.0 0.18301913510892898 -2.8022 0.9437829759999999 0.528581312 -54.35970191252605 ../testing_datasets/H3_epi.csv NeighborSum 56
0.0 0.18040369835491799 -0.01974 0.714746749 0.32805728100000003 -58.863686543821 ../testing_datasets/H3_epi.csv NeighborSum 56
0.0 0.1809913947595772 -2.48348 0.930253372 0.484794605 -56.58607249266902 ../testing_datasets/H3_epi.csv NeighborSum 56
0.0 0.1894798426879691 -4.05156 1.256053567 0.603275949 -59.26576194260752 ../testing_datasets/H3_epi.csv NeighborSum 56
0.0 0.1442739509274181 -5.37611 0.835810015 0.42034660700000004 -61.896432183061805 ../testing_datasets/H3_epi.csv NeighborSum 56
0.0 0.1492519514485062 -5.67761 1.083273344 0.3953137 -61.644268958650954 ../testing_datasets/H3_epi.csv NeighborSum 56
0.0 0.17715121662918523 -3.1579900000000003 0.886397964 0.554881606 -65.3987270434528 ../testing_datasets/H3_epi.csv NeighborSum 56
0.0 0.1648990583770935 -4.5826 1.218344686 0.42424344399999997 -70.28785104554679 ../testing_datasets/H3_epi.csv NeighborSum 56
0.0 0.14064695919987327 -4.29972 0.617600794 0.398735687 -73.34217007260328 ../testing_datasets/H3_epi.csv NeighborSum 56
0.0 0.1734426995498257 -4.19526 1.0464075000000002 0.569476161 -73.57546214137406 ../testing_datasets/H3_epi.csv NeighborSum 56
0.0 0.19072638321808316 -1.7094799999999999 1.026717248 0.53272905 -78.18597717372546 ../testing_datasets/H3_epi.csv NeighborSum 56
0.0 0.15025871867422658 -2.48409 0.518199171 0.40001798 -85.32856402064508 ../testing_datasets/H3_epi.csv NeighborSum 56
0.0 0.1563507795711122 -2.68823 0.539287956 0.483434805 -86.09128202581631 ../testing_datasets/H3_epi.csv NeighborSum 56
0.0 0.2015211656571529 -1.20313 1.023206693 0.632002374 -87.61472619110681 ../testing_datasets/H3_epi.csv NeighborSum 56
0.0 0.14700210067005 -4.346509999999999 0.728241107 0.476373758 -91.40521979803519 ../testing_datasets/H3_epi.csv NeighborSum 56
0.0 0.12065561521486753 -4.60651 0.328855717 0.39691166899999997 -96.45136534649515 ../testing_datasets/H3_epi.csv NeighborSum 56
0.0 0.18526373441918698 -1.7083 0.974385705 0.554862987 -100.12218131262549 ../testing_datasets/H3_epi.csv NeighborSum 56
0.0 0.18688660722436892 -1.49109 0.8434824320000001 0.611772961 -100.56279050969478 ../testing_datasets/H3_epi.csv NeighborSum 56
0.0 0.1566049507864351 -3.0420700000000003 0.746764275 0.49320710799999995 -109.31735561590027 ../testing_datasets/H3_epi.csv NeighborSum 56
0.0 0.15544455653509703 -2.69687 0.741876229 0.45682828 -113.02762987857764 ../testing_datasets/H3_epi.csv NeighborSum 56
0.0 0.1867802110968744 -1.18715 0.8737419359999999 0.593139238 -110.51892443831105 ../testing_datasets/H3_epi.csv NeighborSum 56
0.0 0.17216668787562295 -2.17792 0.715975754 0.61215617 -115.00407074102962 ../testing_datasets/H3_epi.csv NeighborSum 56
0.0 0.13956052180465278 -3.7977199999999995 0.676692141 0.449198465 -124.20780560516111 ../testing_datasets/H3_epi.csv NeighborSum 56
0.0 0.17535391432376954 -2.1581 1.149109632 0.47678144899999997 -124.72095642984738 ../testing_datasets/H3_epi.csv NeighborSum 56
0.0 0.19221530902064726 0.9376 0.6639633770000001 0.57104252 -124.73711994421669 ../testing_datasets/H3_epi.csv NeighborSum 56
0.0 0.18318614188765184 -1.41486 1.038341646 0.559444308 -131.64618104000994 ../testing_datasets/H3_epi.csv NeighborSum 56
0.0 0.13960678553912376 -4.72697 1.00931652 0.431092985 -137.37563764438843 ../testing_datasets/H3_epi.csv NeighborSum 56
0.0 0.15705093804098794 -3.45534 1.009611947 0.48679440799999996 -132.7783584532679 ../testing_datasets/H3_epi.csv NeighborSum 56
0.0 0.16687865592435208 -2.04081 0.652709931 0.616720799 -133.16465219526376 ../testing_datasets/H3_epi.csv NeighborSum 56
0.0 0.18389229155042006 -0.57995 1.057207112 0.516754622 -147.44390515793148 ../testing_datasets/H3_epi.csv NeighborSum 56
0.0 0.169948918979175 -0.6097100000000001 0.796349185 0.48347495 -149.1830826675255 ../testing_datasets/H3_epi.csv NeighborSum 56
0.0 0.18466184357715226 -2.2187099999999997 1.425720087 0.502018272 -138.3959239690827 ../testing_datasets/H3_epi.csv NeighborSum 56
0.0 0.20187911437310516 -0.68489 1.324051971 0.607116558 -145.54884898335268 ../testing_datasets/H3_epi.csv NeighborSum 56
0.0 0.14591760065079062 -4.02353 0.931263958 0.51091208 -153.4090885360148 ../testing_datasets/H3_epi.csv NeighborSum 56
0.0 0.19052558892202237 -1.3895600000000001 1.5338730409999999 0.463566869 -148.85257798109143 ../testing_datasets/H3_epi.csv NeighborSum 56
0.0 0.16946896285141344 -2.19767 1.003082454 0.524189417 -140.6626978916037 ../testing_datasets/H3_epi.csv NeighborSum 56
0.0 0.10931875639621307 -8.06823 0.678620048 0.604079564 -146.2973423904297 ../testing_datasets/H3_epi.csv NeighborSum 56
0.0 0.1552564976596558 -2.65016 0.75855219 0.559590165 -155.17346647956327 ../testing_datasets/H3_epi.csv NeighborSum 56
0.0 0.16893204749716895 -4.22106 1.338682007 0.57830857 -142.09091357122304 ../testing_datasets/H3_epi.csv NeighborSum 56
0.0 0.18982673154465327 -1.6193600000000001 1.177513617 0.63108996 -145.1928062461268 ../testing_datasets/H3_epi.csv NeighborSum 56
0.0 0.16688469684908655 -1.26789 0.609733531 0.620732659 -156.2235386578664 ../testing_datasets/H3_epi.csv NeighborSum 56
0.0 0.1545519967451101 -2.69164 0.57155383 0.626154719 -149.90973934258957 ../testing_datasets/H3_epi.csv NeighborSum 56
0.0 0.17740683205255647 -3.23685 1.200862802 0.626778819 -138.60544382685228 ../testing_datasets/H3_epi.csv NeighborSum 56
0.0 0.16291420325896602 -3.79799 1.102180344 0.582491601 -145.43162041078676 ../testing_datasets/H3_epi.csv NeighborSum 56
0.0 0.12874924381142772 -3.5886099999999996 0.423707349 0.493538359 -151.0811027612761 ../testing_datasets/H3_epi.csv NeighborSum 56
0.0 0.16847547557338347 -1.7895599999999998 0.7980664409999999 0.566932433 -141.75990238749526 ../testing_datasets/H3_epi.csv NeighborSum 56
0.0 0.17105190048720414 -3.24208 1.225768266 0.532304167 -134.69994064677587 ../testing_datasets/H3_epi.csv NeighborSum 56
0.0 0.16041788919426625 -1.48119 0.760830503 0.47057466700000006 -145.6674572509105 ../testing_datasets/H3_epi.csv NeighborSum 56
0.0 0.15193200201923932 -2.1564400000000004 0.8695110229999999 0.384658061 -142.4444314133679 ../testing_datasets/H3_epi.csv NeighborSum 56
0.0 0.1917879811254704 -1.13286 1.161003485 0.5701065129999999 -130.5553322896202 ../testing_datasets/H3_epi.csv NeighborSum 56
0.0 0.13736993880559598 -6.61769 1.014349233 0.560870036 -123.91633008942804 ../testing_datasets/H3_epi.csv NeighborSum 56
0.0 0.23608741432533398 4.8735800000000005 0.973275298 0.5553398629999999 -134.95961862703683 ../testing_datasets/H3_epi.csv NeighborSum 56
0.0 0.22308016756336546 3.60952 0.825378865 0.589182174 -129.6361912740917 ../testing_datasets/H3_epi.csv NeighborSum 56
0.0 0.16581989394137991 -4.30213 1.012759628 0.618099716 -112.96475600294194 ../testing_datasets/H3_epi.csv NeighborSum 56
0.0 0.17001031174848868 -2.1326400000000003 0.84322232 0.551274732 -124.46925668399507 ../testing_datasets/H3_epi.csv NeighborSum 56
0.0 0.13441920259609602 -3.6939699999999998 0.779412834 0.331578695 -123.74075735405562 ../testing_datasets/H3_epi.csv NeighborSum 56
0.0 0.14203253946460173 -4.22694 0.930594875 0.44629499899999997 -138.53700120070894 ../testing_datasets/H3_epi.csv NeighborSum 56
0.0 0.14658593484754986 0.17248 0.379967836 0.263618748 -127.38245485408419 ../testing_datasets/H3_epi.csv NeighborSum 56
0.0 0.1388396413927598 -2.5862 0.814016394 0.29968727300000003 -140.81582961455038 ../testing_datasets/H3_epi.csv NeighborSum 56
0.0 0.12302951935754873 -2.2570099999999997 0.316414832 0.270686036 -126.42466374284885 ../testing_datasets/H3_epi.csv NeighborSum 56
0.0 0.15044166222491684 -2.00232 0.9334386459999999 0.314576607 -139.55824542963495 ../testing_datasets/H3_epi.csv NeighborSum 56
0.0 0.16622935674555078 0.33482 0.309571582 0.494544545 -124.00102788940734 ../testing_datasets/H3_epi.csv NeighborSum 56
0.0 0.13695850943576235 -4.48065 0.879706311 0.39965766 -124.95195288462605 ../testing_datasets/H3_epi.csv NeighborSum 56
0.0 0.1578695782292662 -2.32292 0.53804943 0.542396994 -114.36466182284921 ../testing_datasets/H3_epi.csv NeighborSum 56
0.0 0.1817125989824725 -2.62324 1.011120086 0.613470917 -107.86674638846937 ../testing_datasets/H3_epi.csv NeighborSum 56
0.0 0.1475022684866597 -4.3788800000000005 0.543627628 0.59858662 -101.9008645263949 ../testing_datasets/H3_epi.csv NeighborSum 56
0.0 0.17171115534420264 -4.3021 0.9234685020000001 0.665551103 -91.17874110803817 ../testing_datasets/H3_epi.csv NeighborSum 56
0.0 0.185418446090983 -2.28167 0.8827119109999999 0.588455546 -75.32067186573022 ../testing_datasets/H3_epi.csv NeighborSum 56
0.0 0.22179283093875546 -0.03752 1.186875898 0.692138169 -95.71984079078864 ../testing_datasets/H3_epi.csv NeighborSum 56
0.0 0.15872181556137255 -3.83055 0.442003714 0.627239158 -69.74510004809085 ../testing_datasets/H3_epi.csv NeighborSum 56
0.0 0.14989547341377107 -2.5259400000000003 0.120918225 0.543336694 -71.87863933128926 ../testing_datasets/H3_epi.csv NeighborSum 56
0.0 0.17488867167659455 0.16462000000000002 0.22126522899999998 0.515838272 -75.27176222740499 ../testing_datasets/H3_epi.csv NeighborSum 56
0.0 0.18439345795266712 -1.59538 0.975002954 0.506680765 -90.68370883670386 ../testing_datasets/H3_epi.csv NeighborSum 56
0.0 0.17760071796182206 -1.68294 0.657951648 0.593593412 -94.84487465171755 ../testing_datasets/H3_epi.csv NeighborSum 56
0.0 0.1675821430592739 -0.04791 0.203960544 0.5201383279999999 -96.18723122135059 ../testing_datasets/H3_epi.csv NeighborSum 56
0.0 0.1529316549874189 -2.99001 0.731130699 0.414910062 -95.68847396437272 ../testing_datasets/H3_epi.csv NeighborSum 56
0.0 0.14882906290043552 -4.42836 1.3740866790000001 0.265395858 -110.52948247927064 ../testing_datasets/H3_epi.csv NeighborSum 56
1.0 0.18160263456539782 -0.8973899999999999 0.575827981 0.638151516 -110.0957100580625 ../testing_datasets/H3_epi.csv NeighborSum 56
1.0 0.15749813501899668 -4.93666 0.784631442 0.6978773779999999 -115.09650788553135 ../testing_datasets/H3_epi.csv NeighborSum 56
1.0 0.1703796205128596 -1.3856899999999999 0.404721355 0.645221375 -112.78548273451625 ../testing_datasets/H3_epi.csv NeighborSum 56
0.0 0.15942512139158246 -1.3856899999999999 0.605313959 0.485598256 -133.29541693622608 ../testing_datasets/H3_epi.csv NeighborSum 56
0.0 0.15378720120829245 -3.73593 1.121181829 0.42696645200000005 -132.53664872682313 ../testing_datasets/H3_epi.csv NeighborSum 56
1.0 0.17018185930537866 -2.7641400000000003 0.866287947 0.5802373710000001 -114.51756434772498 ../testing_datasets/H3_epi.csv NeighborSum 56
1.0 0.1376321272735393 -3.6781099999999998 0.22578184199999998 0.5963068739999999 -115.7913263984597 ../testing_datasets/H3_epi.csv NeighborSum 56
0.0 0.16133997543079473 -1.3673600000000001 0.65672676 0.49139689200000003 -136.57179928439973 ../testing_datasets/H3_epi.csv NeighborSum 56
1.0 0.1627515417464662 -3.60129 1.183858458 0.473003104 -127.40109656981465 ../testing_datasets/H3_epi.csv NeighborSum 56
1.0 0.17305766439271947 -2.4070400000000003 0.617009927 0.6784302320000001 -110.4866489571747 ../testing_datasets/H3_epi.csv NeighborSum 56
1.0 0.17608124394718175 0.27874 0.207435725 0.633521178 -114.61227290993298 ../testing_datasets/H3_epi.csv NeighborSum 56
0.0 0.1711673488096222 -1.11469 0.94038325 0.43818284 -132.69321127921583 ../testing_datasets/H3_epi.csv NeighborSum 56
1.0 0.18117935932983664 -1.75142 1.022230688 0.534843153 -115.95827238431545 ../testing_datasets/H3_epi.csv NeighborSum 56
1.0 0.16567320956879972 -1.72343 0.334850427 0.6382136070000001 -105.70775496633424 ../testing_datasets/H3_epi.csv NeighborSum 56
0.0 0.16441083073727647 -0.40095 0.494418865 0.45108279799999995 -118.77758230214026 ../testing_datasets/H3_epi.csv NeighborSum 56
0.0 0.18381595040347842 -1.84978 1.23377934 0.484519631 -117.92672860777978 ../testing_datasets/H3_epi.csv NeighborSum 56
1.0 0.21503598034716187 1.5278 0.8621375929999999 0.622449217 -103.51126224724419 ../testing_datasets/H3_epi.csv NeighborSum 56
0.0 0.21023141602744844 -0.30784 0.770149767 0.779557952 -96.63889607564177 ../testing_datasets/H3_epi.csv NeighborSum 56
1.0 0.21455996210397127 -0.06145 0.858298918 0.743506324 -89.40102196614482 ../testing_datasets/H3_epi.csv NeighborSum 56
1.0 0.2263535987724218 0.37206 1.183739322 0.6943847940000001 -92.42789796990891 ../testing_datasets/H3_epi.csv NeighborSum 56
1.0 0.2014308003563619 -0.35841999999999996 1.040113198 0.52869559 -84.95866889189575 ../testing_datasets/H3_epi.csv NeighborSum 56
0.0 0.20409717175013067 -1.58404 0.8189936999999999 0.751478612 -72.45688026917023 ../testing_datasets/H3_epi.csv NeighborSum 56
0.0 0.1706851644271203 -4.24126 1.058076775 0.53634228 -73.22386461590095 ../testing_datasets/H3_epi.csv NeighborSum 56
0.0 0.2470754778817569 2.8491299999999997 1.126303504 0.630731965 -66.73215446496211 ../testing_datasets/H3_epi.csv NeighborSum 56
0.0 0.20533201683880753 2.11652 1.033761289 0.26460199100000004 -64.76276116409298 ../testing_datasets/H3_epi.csv NeighborSum 56
0.0 0.1976512131277035 -1.02019 0.857445172 0.594190494 -69.67536768654966 ../testing_datasets/H3_epi.csv NeighborSum 56
0.0 0.22073093249176703 -2.07897 1.6740213959999999 0.59198064 -67.9657016915195 ../testing_datasets/H3_epi.csv NeighborSum 56
0.0 0.20954501583910648 -0.12717 0.9735018520000001 0.5612220720000001 -60.937892347111 ../testing_datasets/H3_epi.csv NeighborSum 56
0.0 0.18876418532657552 -1.49308 1.022611663 0.46018816100000004 -67.55771249229896 ../testing_datasets/H3_epi.csv NeighborSum 56
0.0 0.20486684910358943 -0.6406 1.0664444290000001 0.510856713 -58.242068316437106 ../testing_datasets/H3_epi.csv NeighborSum 56
0.0 0.20273640095245465 -1.38762 1.044997612 0.561971226 -54.171596039993744 ../testing_datasets/H3_epi.csv NeighborSum 56
0.0 0.20676846462791063 -0.21591999999999997 0.79112984 0.576103016 -44.63965454058704 ../testing_datasets/H3_epi.csv NeighborSum 56
0.0 0.20468824445070297 -1.3971 0.8603976329999999 0.6405398139999999 -43.86354185874114 ../testing_datasets/H3_epi.csv NeighborSum 56
0.0 0.24040165714457223 1.17292 1.256955553 0.6244870339999999 -51.14217947292603 ../testing_datasets/H3_epi.csv NeighborSum 56
0.0 0.186298673027199 -2.3749599999999997 0.706950877 0.617758974 -50.06158691012089 ../testing_datasets/H3_epi.csv NeighborSum 56
0.0 0.19420071700322727 -0.94216 0.7970421679999999 0.524278674 -51.79341570078071 ../testing_datasets/H3_epi.csv NeighborSum 56
0.0 0.16433860291417515 -2.8370599999999997 0.973929637 0.302477381 -53.663601137811426 ../testing_datasets/H3_epi.csv NeighborSum 56
0.0 0.1754804225881669 -0.054279999999999995 0.6942547309999999 0.28391378300000003 -58.645082055354486 ../testing_datasets/H3_epi.csv NeighborSum 56
0.0 0.17770076473583335 -2.36904 0.8917984790000001 0.452496357 -56.49281009748387 ../testing_datasets/H3_epi.csv NeighborSum 56
0.0 0.16869921589933787 -4.07135 1.261879668 0.362642951 -58.582410657950426 ../testing_datasets/H3_epi.csv NeighborSum 56
0.0 0.13700265082233015 -5.44984 0.8205623940000001 0.350578888 -61.54152777702296 ../testing_datasets/H3_epi.csv NeighborSum 56
0.0 0.1453148566279116 -5.64414 1.040108166 0.366364989 -61.64378736426278 ../testing_datasets/H3_epi.csv NeighborSum 56
0.0 0.17101079479556514 -3.2017 0.869979244 0.496147205 -65.27406997932702 ../testing_datasets/H3_epi.csv NeighborSum 56
0.0 0.17066895915188365 -4.05429 1.179757521 0.453936809 -70.49174975358807 ../testing_datasets/H3_epi.csv NeighborSum 56
0.0 0.14056149442514793 -4.4285 0.601591722 0.417836871 -73.16616135316013 ../testing_datasets/H3_epi.csv NeighborSum 56
0.0 0.17228423405559923 -4.51222 1.083122381 0.572445626 -73.65362317128583 ../testing_datasets/H3_epi.csv NeighborSum 56
0.0 0.1920053953063457 -1.34928 1.006637211 0.520767008 -78.70108839286726 ../testing_datasets/H3_epi.csv NeighborSum 56
0.0 0.15525337069660305 -2.1003 0.432581259 0.457231163 -85.57053294303596 ../testing_datasets/H3_epi.csv NeighborSum 56
0.0 0.1599816292750919 -2.9068099999999997 0.6119896810000001 0.514592768 -86.10552245536218 ../testing_datasets/H3_epi.csv NeighborSum 56
0.0 0.20064767867730934 -1.3563 1.058319156 0.623140719 -88.08140842248143 ../testing_datasets/H3_epi.csv NeighborSum 56
0.0 0.1463580408770528 -4.40102 0.667925035 0.502096509 -91.4257538638211 ../testing_datasets/H3_epi.csv NeighborSum 56
0.0 0.12170404141085056 -5.025519999999999 0.345201153 0.44505646200000004 -96.56294205851869 ../testing_datasets/H3_epi.csv NeighborSum 56
0.0 0.18580073932911498 -2.1089700000000002 1.059536526 0.5651011779999999 -100.63801231532815 ../testing_datasets/H3_epi.csv NeighborSum 56
0.0 0.18682633003094062 -1.4231200000000002 0.794924622 0.627676276 -101.11456674917342 ../testing_datasets/H3_epi.csv NeighborSum 56
0.0 0.15637076031795305 -3.032 0.70427318 0.509212633 -109.46550502668647 ../testing_datasets/H3_epi.csv NeighborSum 56
0.0 0.1624973348508713 -2.54882 0.7509904279999999 0.52069382 -113.91603136654189 ../testing_datasets/H3_epi.csv NeighborSum 56
0.0 0.1865122882454966 -1.28902 0.921750244 0.582708906 -111.93751997756878 ../testing_datasets/H3_epi.csv NeighborSum 56
0.0 0.1699154217154169 -2.18418 0.731156107 0.5817064510000001 -115.5796606310004 ../testing_datasets/H3_epi.csv NeighborSum 56
0.0 0.1446680594601427 -3.592 0.687332561 0.483357597 -124.81983552976068 ../testing_datasets/H3_epi.csv NeighborSum 56
0.0 0.1765203527300914 -1.8847099999999999 1.128182407 0.478788404 -127.36033135246122 ../testing_datasets/H3_epi.csv NeighborSum 56
0.0 0.1800570246099663 -0.42065 0.6511415110000001 0.577203271 -124.54067942691175 ../testing_datasets/H3_epi.csv NeighborSum 56
0.0 0.1785944651654715 -1.87732 1.092719543 0.530808179 -131.99244737971466 ../testing_datasets/H3_epi.csv NeighborSum 56
0.0 0.14432184882721408 -4.76208 1.0124646659999998 0.48924798399999997 -138.06974404116164 ../testing_datasets/H3_epi.csv NeighborSum 56
0.0 0.1553427308764313 -3.6391699999999996 1.0158724959999998 0.486675686 -133.97334306470114 ../testing_datasets/H3_epi.csv NeighborSum 56
0.0 0.1675313101512405 -2.12472 0.711453749 0.6092385379999999 -134.27190459450537 ../testing_datasets/H3_epi.csv NeighborSum 56
0.0 0.18982630685735302 -0.5032 1.115958164 0.552529795 -148.30874348020745 ../testing_datasets/H3_epi.csv NeighborSum 56
0.0 0.17305312966496364 -0.50472 0.8231434940000001 0.499347124 -150.3753225870067 ../testing_datasets/H3_epi.csv NeighborSum 56
0.0 0.18432983298522315 -2.2966599999999997 1.4515260669999999 0.498846942 -139.94722890903282 ../testing_datasets/H3_epi.csv NeighborSum 56
0.0 0.20046568141523768 -0.7033699999999999 1.3122992070000001 0.601511063 -146.74898892166402 ../testing_datasets/H3_epi.csv NeighborSum 56
0.0 0.1500493597693106 -3.93135 0.912711905 0.559678794 -154.30799498333252 ../testing_datasets/H3_epi.csv NeighborSum 56
0.0 0.19002515870255335 -1.36362 1.516847775 0.467353666 -150.4545127495455 ../testing_datasets/H3_epi.csv NeighborSum 56
0.0 0.16696474577581927 -2.29501 0.97506998 0.523631199 -142.58669759127835 ../testing_datasets/H3_epi.csv NeighborSum 56
0.0 0.1138266195904288 -7.1730100000000006 0.620981734 0.596002585 -148.6221264626679 ../testing_datasets/H3_epi.csv NeighborSum 56
0.0 0.15104953309935715 -2.66975 0.657617848 0.561989307 -156.1436177322111 ../testing_datasets/H3_epi.csv NeighborSum 56
0.0 0.1664094672048552 -4.08281 1.255474233 0.5785813710000001 -144.111183936153 ../testing_datasets/H3_epi.csv NeighborSum 56
0.0 0.19020914229617222 -1.61904 1.196279444 0.633402618 -147.52588340688445 ../testing_datasets/H3_epi.csv NeighborSum 56
0.0 0.1675179919517802 -1.1492799999999999 0.607995014 0.62046461 -157.6345674897547 ../testing_datasets/H3_epi.csv NeighborSum 56
0.0 0.15134777779047454 -2.8942099999999997 0.550428197 0.62308481 -151.03562846468503 ../testing_datasets/H3_epi.csv NeighborSum 56
0.0 0.17768256406146224 -3.0901099999999997 1.184196075 0.628628715 -140.8544442477669 ../testing_datasets/H3_epi.csv NeighborSum 56
0.0 0.16351358994087462 -3.6308599999999998 1.096636703 0.579115295 -147.0434006347366 ../testing_datasets/H3_epi.csv NeighborSum 56
0.0 0.1290544631438345 -3.43745 0.40894099700000003 0.49040095100000003 -151.89132015078638 ../testing_datasets/H3_epi.csv NeighborSum 56
0.0 0.16433393794678428 -1.8659700000000001 0.7294752990000001 0.5610781770000001 -142.67071655033078 ../testing_datasets/H3_epi.csv NeighborSum 56
0.0 0.17420703215422517 -3.18398 1.268900122 0.547594981 -136.40302801669606 ../testing_datasets/H3_epi.csv NeighborSum 56
0.0 0.15799576573057098 -1.5293700000000001 0.702256702 0.475597705 -146.09052826908675 ../testing_datasets/H3_epi.csv NeighborSum 56
0.0 0.14812316984556462 -2.68237 0.87665334 0.38987730200000004 -141.66279925180393 ../testing_datasets/H3_epi.csv NeighborSum 56
0.0 0.19395150225337704 -0.8983700000000001 1.150906151 0.576558036 -131.0129946270558 ../testing_datasets/H3_epi.csv NeighborSum 56
0.0 0.14102519146856932 -6.13207 0.975306772 0.573996533 -125.21640619695405 ../testing_datasets/H3_epi.csv NeighborSum 56
0.0 0.23271486668246427 4.6192 0.923744322 0.564587385 -134.6433467176936 ../testing_datasets/H3_epi.csv NeighborSum 56
0.0 0.21375671040764854 2.55398 0.83649241 0.578914009 -127.00188903275857 ../testing_datasets/H3_epi.csv NeighborSum 56
0.0 0.1702139445397042 -4.14995 1.09437991 0.616478169 -113.26627189296899 ../testing_datasets/H3_epi.csv NeighborSum 56
0.0 0.1632400036690616 -2.19097 0.708683209 0.542083741 -124.9033869363293 ../testing_datasets/H3_epi.csv NeighborSum 56
0.0 0.11440006616175818 -5.79459 0.593224647 0.405185866 -124.29305958639436 ../testing_datasets/H3_epi.csv NeighborSum 56
0.0 0.13075027479712034 -4.53995 0.857243788 0.386004991 -139.7365557356526 ../testing_datasets/H3_epi.csv NeighborSum 56
0.0 0.15505540994620126 0.16827999999999999 0.31878471 0.39402143 -129.2160502040065 ../testing_datasets/H3_epi.csv NeighborSum 56
0.0 0.1536095210955518 -2.32023 0.760981142 0.47028355299999997 -142.50163889616036 ../testing_datasets/H3_epi.csv NeighborSum 56
0.0 0.13313121840000722 -2.2563 0.207246088 0.43954813299999995 -127.70095518461422 ../testing_datasets/H3_epi.csv NeighborSum 56
0.0 0.14574481932786532 -2.2328099999999997 0.7796054790000001 0.356394544 -140.2465601728979 ../testing_datasets/H3_epi.csv NeighborSum 56
0.0 0.15405412791601603 -0.75188 0.25258880100000003 0.494922401 -124.65448316002797 ../testing_datasets/H3_epi.csv NeighborSum 56
0.0 0.12355847317109987 -5.11908 0.707217285 0.393116784 -125.92120540289281 ../testing_datasets/H3_epi.csv NeighborSum 56
0.0 0.14749515910635472 -2.29067 0.204689558 0.576523853 -116.08652529146612 ../testing_datasets/H3_epi.csv NeighborSum 56
0.0 0.17514653383157935 -3.45165 1.04134297 0.613146999 -108.99692136991793 ../testing_datasets/H3_epi.csv NeighborSum 56
0.0 0.14921249303649978 -4.3838099999999995 0.5950591829999999 0.599408462 -103.3722935127468 ../testing_datasets/H3_epi.csv NeighborSum 56
0.0 0.17291767841531253 -4.15693 0.9317708579999999 0.663809216 -92.32523194044751 ../testing_datasets/H3_epi.csv NeighborSum 56
0.0 0.19257567571471418 -1.35755 0.872256556 0.585972665 -77.52589106131867 ../testing_datasets/H3_epi.csv NeighborSum 56
0.0 0.22227375226544518 -0.06909 1.212739305 0.693745535 -97.37059517033475 ../testing_datasets/H3_epi.csv NeighborSum 56
0.0 0.14731495959408636 -4.8783199999999995 0.42695745700000004 0.612784647 -70.19929050359748 ../testing_datasets/H3_epi.csv NeighborSum 56
0.0 0.15261401054702328 -2.0211799999999998 0.092517369 0.545602612 -75.58077885987838 ../testing_datasets/H3_epi.csv NeighborSum 56
0.0 0.17603464798848553 0.2355 0.26160591899999996 0.50286835 -75.11128113076333 ../testing_datasets/H3_epi.csv NeighborSum 56
0.0 0.18578911574902213 -1.6179299999999999 1.0051793470000001 0.509836592 -90.16400563230334 ../testing_datasets/H3_epi.csv NeighborSum 56
0.0 0.16743039283671055 -2.75668 0.6551623329999999 0.593028137 -96.23707890073759 ../testing_datasets/H3_epi.csv NeighborSum 56
0.0 0.16742060468206052 -0.30834 0.205533792 0.543879921 -95.98098630591167 ../testing_datasets/H3_epi.csv NeighborSum 56
0.0 0.1587309787613744 -2.8317099999999997 0.7570787259999999 0.449719174 -94.4277009537553 ../testing_datasets/H3_epi.csv NeighborSum 56
0.0 0.15548670424085761 -3.9247099999999997 1.355263093 0.301185355 -111.58207545557468 ../testing_datasets/H3_epi.csv NeighborSum 56
1.0 0.17929626681054756 -1.33679 0.48403432799999996 0.693856464 -108.31722966442204 ../testing_datasets/H3_epi.csv NeighborSum 56
