0.0 0.16506695616812558 1.52884 0.70281483 0.56155535 -6.935718673492189 ../testing_datasets/H3_epi.csv NeighborSum 20.1
0.0 0.15656734966327152 -0.5508 0.211964021 0.6264770820000001 -6.331527976495902 ../testing_datasets/H3_epi.csv NeighborSum 20.1
0.0 0.1523060712345015 -0.68593 0.612367541 0.577727537 -9.386625302663953 ../testing_datasets/H3_epi.csv NeighborSum 20.1
0.0 0.13652201441781092 -2.9028 1.196666614 0.482218707 -14.864841760879033 ../testing_datasets/H3_epi.csv NeighborSum 20.1
0.0 0.1331444665186569 -2.42402 0.715100347 0.473249904 -15.904830421644405 ../testing_datasets/H3_epi.csv NeighborSum 20.1
0.0 0.1349457529292446 -3.4265800000000004 0.115711929 0.6084090289999999 -12.023728264581782 ../testing_datasets/H3_epi.csv NeighborSum 20.1
0.0 0.12934806940839116 -1.3467 0.6905827440000001 0.594653653 -21.19867491088073 ../testing_datasets/H3_epi.csv NeighborSum 20.1
0.0 0.10621448607820383 -4.18677 1.196403002 0.46925080700000005 -28.94052436952341 ../testing_datasets/H3_epi.csv NeighborSum 20.1
0.0 0.11588163041017076 -2.34491 0.483154326 0.5385509079999999 -25.39660464628062 ../testing_datasets/H3_epi.csv NeighborSum 20.1
0.0 0.13066943374010412 0.09823 0.13067727199999998 0.609272048 -21.51535247821539 ../testing_datasets/H3_epi.csv NeighborSum 20.1
0.0 0.10875509546052803 -1.9977900000000002 0.943695555 0.5163038670000001 -31.46132310157915 ../testing_datasets/H3_epi.csv NeighborSum 20.1
0.0 0.0923051468123644 -4.73053 0.958617728 0.467438631 -34.68806397352732 ../testing_datasets/H3_epi.csv NeighborSum 20.1
0.0 0.11307950296590993 -3.1488 0.262675306 0.574262765 -24.884711455654102 ../testing_datasets/H3_epi.csv NeighborSum 20.1
0.0 0.12310643163992845 -0.18274 0.539623645 0.595199657 -26.45547900950197 ../testing_datasets/H3_epi.csv NeighborSum 20.1
0.0 0.09669724184866443 -3.23461 1.223431364 0.509046026 -36.578070638138755 ../testing_datasets/H3_epi.csv NeighborSum 20.1
0.0 0.10497470519076071 -2.77369 0.8156641729999999 0.510678066 -31.492597361838705 ../testing_datasets/H3_epi.csv NeighborSum 20.1
0.0 0.12830812512054385 -0.08763 0.760532859 0.627501588 -24.84857402463908 ../testing_datasets/H3_epi.csv NeighborSum 20.1
0.0 0.11850290552761975 -1.15649 0.854286305 0.549632638 -27.744871845938984 ../testing_datasets/H3_epi.csv NeighborSum 20.1
0.0 0.09204494099620264 -3.9233 1.153800785 0.454219304 -37.01916712383576 ../testing_datasets/H3_epi.csv NeighborSum 20.1
0.0 0.11701136039901694 -2.31607 1.042818155 0.539641004 -26.821624335855105 ../testing_datasets/H3_epi.csv NeighborSum 20.1
0.0 0.12875885062320505 -1.7281900000000001 0.812858912 0.632049147 -21.538458075277955 ../testing_datasets/H3_epi.csv NeighborSum 20.1
0.0 0.09988825204970571 -4.04467 1.048833101 0.5385445320000001 -32.8428380439569 ../testing_datasets/H3_epi.csv NeighborSum 20.1
0.0 0.09336403738152729 -4.4366900000000005 1.118867783 0.47043307700000003 -35.28631090791111 ../testing_datasets/H3_epi.csv NeighborSum 20.1
0.0 0.12750858803202578 -0.93916 1.004286968 0.628100731 -24.453196475536405 ../testing_datasets/H3_epi.csv NeighborSum 20.1
0.0 0.1167503956926404 -1.38571 0.864627887 0.5995188779999999 -28.75237322266367 ../testing_datasets/H3_epi.csv NeighborSum 20.1
0.0 0.08215117548950349 -4.76964 1.6828666230000002 0.478859209 -42.89868810001861 ../testing_datasets/H3_epi.csv NeighborSum 20.1
0.0 0.10539069399859918 -3.66705 0.973980498 0.542138731 -30.32313704107265 ../testing_datasets/H3_epi.csv NeighborSum 20.1
0.0 0.12472504439079314 -1.60765 1.019964963 0.6318788329999999 -24.74399311314384 ../testing_datasets/H3_epi.csv NeighborSum 20.1
0.0 0.09376511884646996 -2.145 1.080741775 0.5543414720000001 -40.29709458760835 ../testing_datasets/H3_epi.csv NeighborSum 20.1
0.0 0.08411149147983182 -3.17593 1.0264390540000001 0.49846790700000004 -42.86421550117382 ../testing_datasets/H3_epi.csv NeighborSum 20.1
0.0 0.12031586023482482 -1.05362 0.7831203390000001 0.616650998 -27.31460520829029 ../testing_datasets/H3_epi.csv NeighborSum 20.1
0.0 0.11032695295726774 -3.1393400000000002 0.87491363 0.59456164 -28.78258528744483 ../testing_datasets/H3_epi.csv NeighborSum 20.1
0.0 0.07704148817110108 -3.0171799999999998 1.273974642 0.491998065 -47.9113484518394 ../testing_datasets/H3_epi.csv NeighborSum 20.1
0.0 0.08734392750747075 -4.10324 0.698662507 0.53317147 -38.376586706338 ../testing_datasets/H3_epi.csv NeighborSum 20.1
0.0 0.10939292800436765 0.52582 0.806137062 0.632076224 -36.747940209024804 ../testing_datasets/H3_epi.csv NeighborSum 20.1
0.0 0.08642830100048696 -1.9917200000000002 0.999791515 0.48253840600000003 -43.71424360470959 ../testing_datasets/H3_epi.csv NeighborSum 20.1
0.0 0.05834386325348176 -4.6731300000000005 0.7230108690000001 0.42923938799999994 -52.40732537938241 ../testing_datasets/H3_epi.csv NeighborSum 20.1
0.0 0.08895928939946897 -1.1148 0.9134051999999999 0.5406159979999999 -44.30158494450698 ../testing_datasets/H3_epi.csv NeighborSum 20.1
0.0 0.0865929051751434 -5.404 1.177075753 0.529124751 -37.84224737270521 ../testing_datasets/H3_epi.csv NeighborSum 20.1
0.0 0.04340200767252629 -4.9215 0.866090372 0.34616749799999996 -59.91692591115454 ../testing_datasets/H3_epi.csv NeighborSum 20.1
0.0 0.05707367359385182 -2.3531299999999997 1.040738514 0.40682385299999996 -58.67832174298806 ../testing_datasets/H3_epi.csv NeighborSum 20.1
0.0 0.08767752763170766 -2.96365 0.883922457 0.46264375 -40.48099089769511 ../testing_datasets/H3_epi.csv NeighborSum 20.1
0.0 0.05101363704526296 -4.0631699999999995 1.192942461 0.270529635 -57.88487914396651 ../testing_datasets/H3_epi.csv NeighborSum 20.1
0.0 0.01638671416158541 -4.13784 0.598159525 0.32355924199999997 -75.2778889493596 ../testing_datasets/H3_epi.csv NeighborSum 20.1
0.0 0.052971820109511264 -3.01452 1.063868523 0.328395925 -58.98020362324577 ../testing_datasets/H3_epi.csv NeighborSum 20.1
0.0 0.05629885863258802 -5.09443 1.0201036940000001 0.28760917399999997 -52.43912012241833 ../testing_datasets/H3_epi.csv NeighborSum 20.1
0.0 0.01507699031571999 -2.28589 0.43627146899999997 0.391556774 -79.76870870379975 ../testing_datasets/H3_epi.csv NeighborSum 20.1
0.0 0.011763621557733112 -3.6143 0.535295504 0.40505386200000004 -79.41497656075492 ../testing_datasets/H3_epi.csv NeighborSum 20.1
0.0 0.05336124348475474 -2.23618 1.043296385 0.43676337600000004 -61.25235148182156 ../testing_datasets/H3_epi.csv NeighborSum 20.1
0.0 0.029975488637808995 -3.2566200000000003 0.716735645 0.41662983600000003 -70.80440546698996 ../testing_datasets/H3_epi.csv NeighborSum 20.1
0.0 -0.01827954547646879 -3.9775699999999996 0.332333688 0.408527766 -94.62353917495481 ../testing_datasets/H3_epi.csv NeighborSum 20.1
0.0 0.012947892579211862 -3.66304 0.984743405 0.426183226 -80.4489770885696 ../testing_datasets/H3_epi.csv NeighborSum 20.1
0.0 0.03799708912739953 -2.33928 0.8276413579999999 0.38656022700000003 -68.31964822390673 ../testing_datasets/H3_epi.csv NeighborSum 20.1
0.0 -0.018969271804336663 -4.78178 0.7526299479999999 0.431684229 -95.09579418989593 ../testing_datasets/H3_epi.csv NeighborSum 20.1
0.0 -0.02979510537991356 -2.92275 0.7607216170000001 0.38025284600000003 -104.36563274229935 ../testing_datasets/H3_epi.csv NeighborSum 20.1
0.0 0.029048477225203484 -2.8843799999999997 0.993678795 0.346179275 -72.39383406886614 ../testing_datasets/H3_epi.csv NeighborSum 20.1
0.0 0.021657165408112133 -5.10075 0.800457834 0.497762087 -72.75664728157933 ../testing_datasets/H3_epi.csv NeighborSum 20.1
0.0 -0.03747077182095079 -5.5473 0.704684042 0.37975270899999997 -103.14945224609808 ../testing_datasets/H3_epi.csv NeighborSum 20.1
0.0 -0.002428136541820891 -5.75177 1.140684827 0.40330024700000006 -85.11159258263277 ../testing_datasets/H3_epi.csv NeighborSum 20.1
0.0 0.048757169340283055 -1.9061400000000002 0.70700435 0.403129698 -62.959710179153525 ../testing_datasets/H3_epi.csv NeighborSum 20.1
0.0 0.029060197540411586 -4.0602 1.090830856 0.47261561799999996 -71.54219744300866 ../testing_datasets/H3_epi.csv NeighborSum 20.1
0.0 0.002421413907036818 -6.95578 1.013050303 0.4003109 -79.53548700634829 ../testing_datasets/H3_epi.csv NeighborSum 20.1
0.0 0.06341152808811021 -3.20118 0.997334168 0.353239521 -52.823335891016264 ../testing_datasets/H3_epi.csv NeighborSum 20.1
0.0 0.08420706065971371 -2.07735 0.7009037090000001 0.40932059299999995 -43.03705676042252 ../testing_datasets/H3_epi.csv NeighborSum 20.1
0.0 0.07538962655401413 -2.42921 1.057297943 0.376497109 -48.16994838917457 ../testing_datasets/H3_epi.csv NeighborSum 20.1
0.0 0.11219603315881381 -0.34126999999999996 0.801095412 0.41242343299999995 -31.41325032703792 ../testing_datasets/H3_epi.csv NeighborSum 20.1
0.0 0.059214117663303534 -1.1374 1.4141199830000002 0.5084373289999999 -62.19119605406047 ../testing_datasets/H3_epi.csv NeighborSum 20.1
0.0 0.04172243001685476 -3.56227 1.320760203 0.533053811 -66.90630270405838 ../testing_datasets/H3_epi.csv NeighborSum 20.1
0.0 0.0887318427871795 -6.054069999999999 1.0783360370000001 0.455954045 -34.33056734568111 ../testing_datasets/H3_epi.csv NeighborSum 20.1
0.0 0.06769294241034716 -5.75949 1.5271394930000002 0.563980563 -49.14914869700191 ../testing_datasets/H3_epi.csv NeighborSum 20.1
0.0 0.1209316402402607 -1.7259799999999998 0.995512046 0.46174990200000005 -24.94843517038296 ../testing_datasets/H3_epi.csv NeighborSum 20.1
0.0 0.11303966700408952 -0.27599 0.809259689 0.498023719 -31.89652604846886 ../testing_datasets/H3_epi.csv NeighborSum 20.1
0.0 0.128988746104437 0.78786 0.661070452 0.488295188 -24.589114064880096 ../testing_datasets/H3_epi.csv NeighborSum 20.1
0.0 0.08740244499125072 -1.25191 1.286137987 0.465452962 -45.514428232169045 ../testing_datasets/H3_epi.csv NeighborSum 20.1
0.0 0.049326156037081986 -3.39295 1.206935439 0.389150128 -61.306607697310426 ../testing_datasets/H3_epi.csv NeighborSum 20.1
0.0 0.09946214658263261 -0.6642 0.629992918 0.546774317 -38.44631570666321 ../testing_datasets/H3_epi.csv NeighborSum 20.1
0.0 0.08855671002505376 -0.54879 0.537023876 0.518248533 -44.119142983114656 ../testing_datasets/H3_epi.csv NeighborSum 20.1
0.0 0.016927295010477322 -4.67577 1.163806547 0.33817693200000004 -76.03905278720903 ../testing_datasets/H3_epi.csv NeighborSum 20.1
0.0 0.05358519192785083 -3.6124400000000003 1.138946126 0.48954524299999996 -59.19620942904008 ../testing_datasets/H3_epi.csv NeighborSum 20.1
0.0 0.09877672579345982 -2.14659 0.433889401 0.614015761 -35.780786745475815 ../testing_datasets/H3_epi.csv NeighborSum 20.1
0.0 0.04678989584248869 -3.42675 0.7531584729999999 0.379966177 -60.950214361020784 ../testing_datasets/H3_epi.csv NeighborSum 20.1
0.0 0.022094081873432647 -2.43284 1.307695958 0.354909653 -78.33962170500301 ../testing_datasets/H3_epi.csv NeighborSum 20.1
0.0 0.09363991203401222 -2.60718 0.821615474 0.583038153 -38.78722189935944 ../testing_datasets/H3_epi.csv NeighborSum 20.1
0.0 0.10273985845508612 -1.84538 0.867244679 0.579307992 -35.406044001489406 ../testing_datasets/H3_epi.csv NeighborSum 20.1
0.0 0.05447875665867803 -1.4708299999999999 1.13120506 0.383977002 -61.99193946975081 ../testing_datasets/H3_epi.csv NeighborSum 20.1
0.0 0.08919849509813157 -5.06677 0.951889434 0.590394481 -36.844515313886134 ../testing_datasets/H3_epi.csv NeighborSum 20.1
0.0 0.13833721806821964 0.14959 0.8255073890000001 0.5006800610000001 -18.83396348965651 ../testing_datasets/H3_epi.csv NeighborSum 20.1
0.0 0.10986533587413772 -2.3538799999999998 0.793110125 0.484987789 -29.310840215651417 ../testing_datasets/H3_epi.csv NeighborSum 20.1
0.0 0.08595255741124448 -1.97868 1.031493409 0.41250554700000003 -43.469307815551495 ../testing_datasets/H3_epi.csv NeighborSum 20.1
0.0 0.12875074144733464 -1.68432 0.864759332 0.640975992 -21.89711315900561 ../testing_datasets/H3_epi.csv NeighborSum 20.1
0.0 0.1516332074904002 -2.93833 0.61270284 0.346884099 -3.1145132343628608 ../testing_datasets/H3_epi.csv NeighborSum 20.1
0.0 0.17104228508532218 0.00428 0.884873647 0.498689027 -0.6383135758761672 ../testing_datasets/H3_epi.csv NeighborSum 20.1
0.0 0.17442820460652092 3.39402 0.640065215 0.309540596 -2.9451722174038197 ../testing_datasets/H3_epi.csv NeighborSum 20.1
0.0 0.1916378972701437 3.7293199999999995 0.851685847 0.472378626 3.6522803847687837 ../testing_datasets/H3_epi.csv NeighborSum 20.1
0.0 0.1832629311683997 3.02247 0.34808929299999997 0.48686325700000005 2.0848809105035992 ../testing_datasets/H3_epi.csv NeighborSum 20.1
0.0 0.14315348523300372 -1.44359 0.862810622 0.259698915 -10.883174038649278 ../testing_datasets/H3_epi.csv NeighborSum 20.1
0.0 0.1548537989577373 0.04102 0.592361004 0.467037937 -8.341063973099622 ../testing_datasets/H3_epi.csv NeighborSum 20.1
0.0 0.12196048198622365 -5.15766 0.8720874359999999 0.349740606 -16.030023625937975 ../testing_datasets/H3_epi.csv NeighborSum 20.1
0.0 0.14975898852452763 -2.09295 0.212941744 0.601158313 -6.777614713801334 ../testing_datasets/H3_epi.csv NeighborSum 20.1
0.0 0.1031370200694117 -2.09427 1.0463594459999999 0.48943199299999995 -34.49206006147729 ../testing_datasets/H3_epi.csv NeighborSum 20.1
0.0 0.12812100788859604 -0.9528 0.561512033 0.5965704270000001 -22.227637501900567 ../testing_datasets/H3_epi.csv NeighborSum 20.1
0.0 0.1061624171629085 -0.93621 0.924414753 0.49946761100000003 -34.79980206533241 ../testing_datasets/H3_epi.csv NeighborSum 20.1
0.0 0.10094511032491948 -4.12068 0.8471421929999999 0.393469877 -30.0519267429606 ../testing_datasets/H3_epi.csv NeighborSum 20.1
0.0 0.0986495749083883 -1.51253 1.19843548 0.5625284229999999 -39.35448759036829 ../testing_datasets/H3_epi.csv NeighborSum 20.1
0.0 0.13414849966331963 -3.8361 0.445627454 0.570197539 -12.459816606253383 ../testing_datasets/H3_epi.csv NeighborSum 20.1
0.0 0.15005147618188813 -0.29297 0.155453728 0.47560633799999996 -8.860529911028948 ../testing_datasets/H3_epi.csv NeighborSum 20.1
0.0 0.14863403962434293 0.84165 0.29890498 0.353029544 -11.295219212461255 ../testing_datasets/H3_epi.csv NeighborSum 20.1
0.0 0.121012629353385 -0.7801899999999999 0.885523229 0.403688576 -25.87356348003722 ../testing_datasets/H3_epi.csv NeighborSum 20.1
0.0 0.11741583576672585 -0.54588 0.6936568209999999 0.559945629 -29.096451324176982 ../testing_datasets/H3_epi.csv NeighborSum 20.1
0.0 0.1416182442989106 -0.0536 0.530187444 0.5748094420000001 -16.24970647621237 ../testing_datasets/H3_epi.csv NeighborSum 20.1
0.0 0.11879300417249447 -1.19656 0.883519866 0.428623689 -26.49034854065775 ../testing_datasets/H3_epi.csv NeighborSum 20.1
0.0 0.08779903275703876 -2.19318 1.387089416 0.575558465 -44.78260596305543 ../testing_datasets/H3_epi.csv NeighborSum 20.1
0.0 0.13675634267102674 1.59275 0.778761919 0.6061897860000001 -23.409670210207086 ../testing_datasets/H3_epi.csv NeighborSum 20.1
0.0 0.15937605263966653 0.1107 0.859310583 0.46754069299999995 -6.928614613532741 ../testing_datasets/H3_epi.csv NeighborSum 20.1
0.0 0.15775701863001654 0.41361000000000003 0.29777400800000003 0.563904458 -7.332363710646133 ../testing_datasets/H3_epi.csv NeighborSum 20.1
0.0 0.15721171641029333 0.28113 0.63965973 0.544507881 -8.400400672432662 ../testing_datasets/H3_epi.csv NeighborSum 20.1
0.0 0.14106489690149177 -2.27529 1.182778761 0.44077327299999997 -13.177007885877877 ../testing_datasets/H3_epi.csv NeighborSum 20.1
0.0 0.12875689077579705 -3.70025 0.8045728990000001 0.427404248 -15.668332838317484 ../testing_datasets/H3_epi.csv NeighborSum 20.1
0.0 0.1349933525493517 -2.84012 0.209785592 0.611011815 -13.53001096765664 ../testing_datasets/H3_epi.csv NeighborSum 20.1
0.0 0.13338815117179853 -1.13788 0.7107326540000001 0.562273126 -19.154154466320826 ../testing_datasets/H3_epi.csv NeighborSum 20.1
0.0 0.1068991223379767 -4.2066300000000005 1.229652285 0.41020382200000005 -28.09450065616564 ../testing_datasets/H3_epi.csv NeighborSum 20.1
0.0 0.1156374182329748 -2.08391 0.546764592 0.5760193220000001 -26.626065874316353 ../testing_datasets/H3_epi.csv NeighborSum 20.1
0.0 0.12969552763882258 0.0015 0.148827361 0.620165623 -22.025226475034685 ../testing_datasets/H3_epi.csv NeighborSum 20.1
0.0 0.11033864789136315 -2.16323 0.9882842629999999 0.485308723 -30.12529571104159 ../testing_datasets/H3_epi.csv NeighborSum 20.1
0.0 0.09160949448853724 -4.83761 0.97372298 0.40399002100000003 -34.32606831871958 ../testing_datasets/H3_epi.csv NeighborSum 20.1
0.0 0.11441297882430357 -2.8658 0.267811892 0.5993166120000001 -24.963576543109326 ../testing_datasets/H3_epi.csv NeighborSum 20.1
0.0 0.12272337176332729 -0.51165 0.525778473 0.583949304 -25.855316863034354 ../testing_datasets/H3_epi.csv NeighborSum 20.1
0.0 0.09412061692790388 -3.94918 1.253416225 0.426396575 -35.91473474856658 ../testing_datasets/H3_epi.csv NeighborSum 20.1
0.0 0.10577591022158199 -2.78632 0.812587298 0.544642374 -31.3266471911934 ../testing_datasets/H3_epi.csv NeighborSum 20.1
0.0 0.13054730095378064 0.051739999999999994 0.750926705 0.639230418 -23.963190621553302 ../testing_datasets/H3_epi.csv NeighborSum 20.1
0.0 0.1143383507804964 -1.73511 0.896655797 0.536271912 -28.916225888606768 ../testing_datasets/H3_epi.csv NeighborSum 20.1
0.0 0.08999265032568073 -3.9533099999999997 1.164038449 0.39236601600000004 -37.559777706808816 ../testing_datasets/H3_epi.csv NeighborSum 20.1
0.0 0.1183871260875615 -1.74702 1.014292453 0.576458363 -27.43977784738437 ../testing_datasets/H3_epi.csv NeighborSum 20.1
0.0 0.12527911650990584 -1.75657 0.823902963 0.621906065 -23.352446373035608 ../testing_datasets/H3_epi.csv NeighborSum 20.1
0.0 0.09408457293993479 -3.38826 1.050005639 0.495719354 -36.97846774468033 ../testing_datasets/H3_epi.csv NeighborSum 20.1
0.0 0.09401165953552346 -3.48545 1.118057678 0.467466891 -36.8042068248875 ../testing_datasets/H3_epi.csv NeighborSum 20.1
0.0 0.12575752095827264 0.039169999999999996 1.024392338 0.631669233 -27.487037097171594 ../testing_datasets/H3_epi.csv NeighborSum 20.1
0.0 0.10723673475017349 -2.27652 0.811640813 0.607153363 -32.11388953571617 ../testing_datasets/H3_epi.csv NeighborSum 20.1
0.0 0.07691421297346987 -5.13785 1.672334066 0.408430113 -44.370865308491936 ../testing_datasets/H3_epi.csv NeighborSum 20.1
0.0 0.10567312022704622 -3.2387599999999996 0.990691291 0.567722225 -31.320643924828424 ../testing_datasets/H3_epi.csv NeighborSum 20.1
0.0 0.11697537583785254 -2.9165400000000004 1.0209793870000001 0.643275644 -26.51753976831309 ../testing_datasets/H3_epi.csv NeighborSum 20.1
0.0 0.08521528033767337 -4.50715 1.0557956370000001 0.514645867 -39.838757771871286 ../testing_datasets/H3_epi.csv NeighborSum 20.1
0.0 0.082098964414515 -4.03849 1.066198821 0.446254287 -41.90777610442015 ../testing_datasets/H3_epi.csv NeighborSum 20.1
0.0 0.1167203627678026 -1.36978 0.778543834 0.607264091 -28.567529313551297 ../testing_datasets/H3_epi.csv NeighborSum 20.1
0.0 0.10163253123078832 -4.307980000000001 0.8479862979999999 0.59031896 -31.116611822119758 ../testing_datasets/H3_epi.csv NeighborSum 20.1
0.0 0.07211476446563375 -3.5346300000000004 1.275809547 0.40190763 -48.77503220598556 ../testing_datasets/H3_epi.csv NeighborSum 20.1
0.0 0.09145857785492036 -2.5691900000000003 0.741038623 0.542195954 -39.40785766915869 ../testing_datasets/H3_epi.csv NeighborSum 20.1
0.0 0.10850437360254717 0.28557 0.764726784 0.625742436 -36.55293249591887 ../testing_datasets/H3_epi.csv NeighborSum 20.1
0.0 0.08184394092022516 0.031389999999999994 0.9437829759999999 0.499055425 -50.25972736240758 ../testing_datasets/H3_epi.csv NeighborSum 20.1
0.0 0.060776983484285424 -4.03036 0.714746749 0.387679481 -51.93630686389531 ../testing_datasets/H3_epi.csv NeighborSum 20.1
0.0 0.0907487365618028 -2.02353 0.930253372 0.548842022 -41.62578119278178 ../testing_datasets/H3_epi.csv NeighborSum 20.1
0.0 0.07951144896682186 -5.07726 1.256053567 0.552774454 -42.91348175788532 ../testing_datasets/H3_epi.csv NeighborSum 20.1
0.0 0.03786317111429305 -5.28832 0.835810015 0.384117365 -62.48960728341409 ../testing_datasets/H3_epi.csv NeighborSum 20.1
0.0 0.06539458374735706 -2.36821 1.083273344 0.479061963 -54.86159402877304 ../testing_datasets/H3_epi.csv NeighborSum 20.1
0.0 0.08707833539663357 -2.95877 0.886397964 0.533813016 -41.48816741221789 ../testing_datasets/H3_epi.csv NeighborSum 20.1
0.0 0.045232100731091934 -3.71619 1.218344686 0.311900771 -62.251268968052294 ../testing_datasets/H3_epi.csv NeighborSum 20.1
0.0 0.017658502460922487 -4.48718 0.617600794 0.40536602200000005 -74.6981876471772 ../testing_datasets/H3_epi.csv NeighborSum 20.1
0.0 0.05753669928806393 -3.1313400000000002 1.0464075000000002 0.5403663000000001 -58.11545458990508 ../testing_datasets/H3_epi.csv NeighborSum 20.1
0.0 0.05121177703175875 -5.72685 1.026717248 0.287898969 -54.01248636849684 ../testing_datasets/H3_epi.csv NeighborSum 20.1
0.0 0.00978717514630506 -2.59026 0.518199171 0.36824023899999997 -82.16053714817248 ../testing_datasets/H3_epi.csv NeighborSum 20.1
0.0 0.01480456473030714 -2.8663 0.539287956 0.486555808 -79.99814628504632 ../testing_datasets/H3_epi.csv NeighborSum 20.1
0.0 0.04941396737800871 -2.4493400000000003 1.023206693 0.46446700700000004 -63.19385550873117 ../testing_datasets/H3_epi.csv NeighborSum 20.1
0.0 0.02536684943292189 -3.8369400000000002 0.728241107 0.422476545 -72.2860924479412 ../testing_datasets/H3_epi.csv NeighborSum 20.1
0.0 -0.021200355828029788 -3.8988699999999996 0.328855717 0.382383951 -96.14371160530341 ../testing_datasets/H3_epi.csv NeighborSum 20.1
0.0 0.007244440578024036 -4.07024 0.974385705 0.5066315379999999 -83.49475139968297 ../testing_datasets/H3_epi.csv NeighborSum 20.1
0.0 0.034600779174345675 -2.38199 0.8434824320000001 0.384565318 -70.15097600171573 ../testing_datasets/H3_epi.csv NeighborSum 20.1
0.0 -0.016460482052320258 -3.82156 0.746764275 0.439312904 -95.68178347556035 ../testing_datasets/H3_epi.csv NeighborSum 20.1
0.0 -0.03321028855519079 -3.38786 0.741876229 0.415290525 -105.57987771526977 ../testing_datasets/H3_epi.csv NeighborSum 20.1
0.0 0.02247120730102689 -3.11426 0.8737419359999999 0.373295355 -75.3979806306784 ../testing_datasets/H3_epi.csv NeighborSum 20.1
0.0 0.019323729565530162 -5.24012 0.715975754 0.482192467 -73.3254778220877 ../testing_datasets/H3_epi.csv NeighborSum 20.1
0.0 -0.03785994670242257 -5.12656 0.676692141 0.403193686 -104.32532416424137 ../testing_datasets/H3_epi.csv NeighborSum 20.1
0.0 3.8512301415855044e-05 -5.4106 1.149109632 0.416671749 -84.58382491537594 ../testing_datasets/H3_epi.csv NeighborSum 20.1
0.0 0.04875331475790698 -2.74384 0.6639633770000001 0.411535695 -61.20807451435808 ../testing_datasets/H3_epi.csv NeighborSum 20.1
0.0 0.03905683757043954 -2.92053 1.038341646 0.494932181 -68.31515595122238 ../testing_datasets/H3_epi.csv NeighborSum 20.1
0.0 0.005076171726862061 -6.717910000000001 1.00931652 0.34988148799999996 -78.06448106605319 ../testing_datasets/H3_epi.csv NeighborSum 20.1
0.0 0.06943365473316987 -1.9202700000000001 1.009611947 0.349563584 -52.067954887844074 ../testing_datasets/H3_epi.csv NeighborSum 20.1
0.0 0.09394360342162027 -1.8167900000000001 0.652709931 0.420269957 -38.10226786141432 ../testing_datasets/H3_epi.csv NeighborSum 20.1
0.0 0.08552766942714399 -0.51203 1.057207112 0.373279735 -46.37280637518037 ../testing_datasets/H3_epi.csv NeighborSum 20.1
0.0 0.11850325238400383 -0.09657 0.796349185 0.334679664 -27.679189532972405 ../testing_datasets/H3_epi.csv NeighborSum 20.1
0.0 0.05121876877843963 -1.49485 1.425720087 0.24028275600000001 -63.46405512701952 ../testing_datasets/H3_epi.csv NeighborSum 20.1
0.0 0.037114202107852254 -3.73869 1.324051971 0.365272282 -67.56511715372787 ../testing_datasets/H3_epi.csv NeighborSum 20.1
0.0 0.10032847153255586 -2.59388 0.931263958 0.562063996 -35.307689815203496 ../testing_datasets/H3_epi.csv NeighborSum 20.1
0.0 0.07033570844871191 -5.61514 1.5338730409999999 0.56157671 -47.9778228278347 ../testing_datasets/H3_epi.csv NeighborSum 20.1
0.0 0.11979688685743559 -2.1396599999999997 1.003082454 0.46457996 -24.800152254241098 ../testing_datasets/H3_epi.csv NeighborSum 20.1
0.0 0.09643605432498441 -2.37709 0.678620048 0.452984855 -35.99400358847799 ../testing_datasets/H3_epi.csv NeighborSum 20.1
0.0 0.11953541407632967 0.17981 0.75855219 0.380298829 -27.949317644435943 ../testing_datasets/H3_epi.csv NeighborSum 20.1
0.0 0.0719899411521458 -2.60548 1.338682007 0.41469953200000004 -51.04710756871186 ../testing_datasets/H3_epi.csv NeighborSum 20.1
0.0 0.050763521741113926 -3.9884699999999995 1.177513617 0.37972525100000004 -59.12651053482476 ../testing_datasets/H3_epi.csv NeighborSum 20.1
0.0 0.09743156969974254 -0.18059 0.609733531 0.568492374 -40.66789035627279 ../testing_datasets/H3_epi.csv NeighborSum 20.1
0.0 0.08144879130569403 -0.9666899999999999 0.57155383 0.511658692 -47.27597805168773 ../testing_datasets/H3_epi.csv NeighborSum 20.1
0.0 0.014145513733759024 -4.8795 1.200862802 0.394994434 -77.82577005568083 ../testing_datasets/H3_epi.csv NeighborSum 20.1
0.0 0.05137461871596745 -3.67725 1.102180344 0.5344718820000001 -60.574040558994184 ../testing_datasets/H3_epi.csv NeighborSum 20.1
0.0 0.08723614052276238 -3.05186 0.423707349 0.6160794629999999 -40.33503199056689 ../testing_datasets/H3_epi.csv NeighborSum 20.1
0.0 0.043291996861404905 -3.64711 0.7980664409999999 0.45229618 -63.270874197643266 ../testing_datasets/H3_epi.csv NeighborSum 20.1
0.0 0.021532328242764243 -2.49425 1.225768266 0.457767935 -79.18685352475303 ../testing_datasets/H3_epi.csv NeighborSum 20.1
0.0 0.08093453531193824 -1.96038 0.760830503 0.599357063 -47.04903873122425 ../testing_datasets/H3_epi.csv NeighborSum 20.1
0.0 0.09620711666946676 -1.69825 0.8695110229999999 0.583571932 -39.36300279879289 ../testing_datasets/H3_epi.csv NeighborSum 20.1
0.0 0.052204661577145775 -1.7158099999999998 1.161003485 0.477452749 -63.72781903053463 ../testing_datasets/H3_epi.csv NeighborSum 20.1
0.0 0.07446251982002934 -4.23326 1.014349233 0.58835187 -46.87109626916571 ../testing_datasets/H3_epi.csv NeighborSum 20.1
0.0 0.1232037919631694 -1.06952 0.973275298 0.510262173 -25.376041030525904 ../testing_datasets/H3_epi.csv NeighborSum 20.1
0.0 0.10859452273614 -2.15604 0.825378865 0.43641206299999996 -30.076325014702324 ../testing_datasets/H3_epi.csv NeighborSum 20.1
0.0 0.08463795215818032 -2.29049 1.012759628 0.455058025 -43.898288981075176 ../testing_datasets/H3_epi.csv NeighborSum 20.1
0.0 0.12251338605890151 -1.0211700000000001 0.84322232 0.605456103 -26.273225532721604 ../testing_datasets/H3_epi.csv NeighborSum 20.1
0.0 0.14636161592718686 -0.29344000000000003 0.779412834 0.327122072 -11.740322497785574 ../testing_datasets/H3_epi.csv NeighborSum 20.1
0.0 0.14201093121233602 -2.6590599999999998 0.930594875 0.5048545879999999 -11.582833589042204 ../testing_datasets/H3_epi.csv NeighborSum 20.1
0.0 0.15286369161510682 0.47193 0.379967836 0.43632172399999997 -9.27000234294421 ../testing_datasets/H3_epi.csv NeighborSum 20.1
0.0 0.15729700103068703 0.8982 0.814016394 0.477707583 -9.590754639902602 ../testing_datasets/H3_epi.csv NeighborSum 20.1
0.0 0.14736609546348392 -0.2394 0.316414832 0.38170655299999995 -10.156919560964523 ../testing_datasets/H3_epi.csv NeighborSum 20.1
0.0 0.11135416034592541 -3.05671 0.9334386459999999 0.267033665 -25.56314299496322 ../testing_datasets/H3_epi.csv NeighborSum 20.1
0.0 0.14047994588021295 -0.22077 0.309571582 0.477258311 -14.862450975749779 ../testing_datasets/H3_epi.csv NeighborSum 20.1
0.0 0.10146197624616964 -6.60376 0.879706311 0.437279676 -25.309122810055623 ../testing_datasets/H3_epi.csv NeighborSum 20.1
0.0 0.13951310279012336 -1.60209 0.53804943 0.617598402 -14.733911551627099 ../testing_datasets/H3_epi.csv NeighborSum 20.1
0.0 0.09627082631138822 -3.18765 1.011120086 0.4937018 -36.01448573970781 ../testing_datasets/H3_epi.csv NeighborSum 20.1
0.0 0.12708849281014928 1.1406399999999999 0.543627628 0.5949203479999999 -26.916077412792493 ../testing_datasets/H3_epi.csv NeighborSum 20.1
0.0 0.1022766770598652 -1.32924 0.9234685020000001 0.512895651 -36.28275975623944 ../testing_datasets/H3_epi.csv NeighborSum 20.1
0.0 0.10002820849083129 -4.64228 0.8827119109999999 0.41149199 -29.806240854316147 ../testing_datasets/H3_epi.csv NeighborSum 20.1
0.0 0.0918359186986904 -1.37019 1.186875898 0.566663894 -43.4071255152856 ../testing_datasets/H3_epi.csv NeighborSum 20.1
0.0 0.12576675552154545 -4.19771 0.442003714 0.573623731 -16.391639374304315 ../testing_datasets/H3_epi.csv NeighborSum 20.1
0.0 0.13994754480277682 -0.04808 0.120918225 0.49894597799999996 -15.035197431330168 ../testing_datasets/H3_epi.csv NeighborSum 20.1
0.0 0.13965663536750594 -0.23083 0.22126522899999998 0.42073976399999996 -14.463253368616572 ../testing_datasets/H3_epi.csv NeighborSum 20.1
0.0 0.10666825136047227 -1.1378 0.975002954 0.383610335 -33.225386222294794 ../testing_datasets/H3_epi.csv NeighborSum 20.1
0.0 0.10192439260335281 -2.88341 0.657951648 0.566483721 -32.9171276408063 ../testing_datasets/H3_epi.csv NeighborSum 20.1
0.0 0.13068930648522503 0.04784 0.203960544 0.465709462 -20.33745373281104 ../testing_datasets/H3_epi.csv NeighborSum 20.1
0.0 0.1162335861848369 -0.60415 0.731130699 0.394561194 -28.23960872773548 ../testing_datasets/H3_epi.csv NeighborSum 20.1
0.0 0.08000587185016726 -2.186 1.3740866790000001 0.543240415 -48.76465565134861 ../testing_datasets/H3_epi.csv NeighborSum 20.1
0.0 0.10967942347744125 -2.75189 0.575827981 0.618551087 -29.079575579245198 ../testing_datasets/H3_epi.csv NeighborSum 20.1
0.0 0.16368728478017067 -0.06371 0.784631442 0.593738037 -5.094215024274647 ../testing_datasets/H3_epi.csv NeighborSum 20.1
0.0 0.16243996612310657 0.79046 0.404721355 0.564438746 -5.880220037990541 ../testing_datasets/H3_epi.csv NeighborSum 20.1
0.0 0.1576482756177975 -0.45848999999999995 0.605313959 0.547516672 -6.582616279552205 ../testing_datasets/H3_epi.csv NeighborSum 20.1
0.0 0.14079110228944308 -2.05804 1.121181829 0.42045763 -13.358183532105082 ../testing_datasets/H3_epi.csv NeighborSum 20.1
0.0 0.13585225965195113 -2.46537 0.866287947 0.47543648899999996 -14.879359453710611 ../testing_datasets/H3_epi.csv NeighborSum 20.1
0.0 0.1404675862092614 -3.09908 0.22578184199999998 0.598960413 -9.927396446328041 ../testing_datasets/H3_epi.csv NeighborSum 20.1
0.0 0.13528632458759093 -1.20107 0.65672676 0.55870095 -17.752952092391162 ../testing_datasets/H3_epi.csv NeighborSum 20.1
0.0 0.11090016471873398 -3.4281300000000003 1.183858458 0.43738865899999996 -27.52972926731536 ../testing_datasets/H3_epi.csv NeighborSum 20.1
0.0 0.12126814083765294 -1.69757 0.617009927 0.583953198 -24.606845808384712 ../testing_datasets/H3_epi.csv NeighborSum 20.1
0.0 0.1314389670880492 0.14145 0.207435725 0.6068642470000001 -21.425815674657017 ../testing_datasets/H3_epi.csv NeighborSum 20.1
0.0 0.11038302564574837 -2.03707 0.94038325 0.44480627100000003 -29.809987094934367 ../testing_datasets/H3_epi.csv NeighborSum 20.1
0.0 0.09356469977060028 -4.7304 1.022230688 0.450382689 -34.05922738144625 ../testing_datasets/H3_epi.csv NeighborSum 20.1
0.0 0.11670121827682409 -2.53619 0.334850427 0.6043597039999999 -24.642065455677542 ../testing_datasets/H3_epi.csv NeighborSum 20.1
0.0 0.1243979031510418 -0.12594 0.494418865 0.571118742 -25.47228319906261 ../testing_datasets/H3_epi.csv NeighborSum 20.1
0.0 0.09460152376824282 -3.8332300000000004 1.23377934 0.43419291200000004 -35.88345941463309 ../testing_datasets/H3_epi.csv NeighborSum 20.1
0.0 0.10676542483340487 -2.3094 0.8621375929999999 0.577173467 -32.21083260040281 ../testing_datasets/H3_epi.csv NeighborSum 20.1
0.0 0.12875187242546177 0.0807 0.770149767 0.6382663679999999 -25.073860356491256 ../testing_datasets/H3_epi.csv NeighborSum 20.1
0.0 0.1149302164369836 -1.36635 0.858298918 0.5005725120000001 -28.862354740717283 ../testing_datasets/H3_epi.csv NeighborSum 20.1
0.0 0.08911802681638915 -4.04703 1.183739322 0.439313535 -38.359117319911434 ../testing_datasets/H3_epi.csv NeighborSum 20.1
0.0 0.11275828464075527 -2.53589 1.040113198 0.593647392 -29.22340444835881 ../testing_datasets/H3_epi.csv NeighborSum 20.1
0.0 0.12263178562661063 -2.32882 0.8189936999999999 0.622521708 -23.658644656870642 ../testing_datasets/H3_epi.csv NeighborSum 20.1
0.0 0.09561028650920744 -2.3620799999999997 1.058076775 0.482879744 -38.100993800826814 ../testing_datasets/H3_epi.csv NeighborSum 20.1
0.0 0.08886889314452229 -4.3730400000000005 1.126303504 0.514298648 -38.332457291602076 ../testing_datasets/H3_epi.csv NeighborSum 20.1
0.0 0.11805224337359765 -1.28578 1.033761289 0.637086279 -29.178214945898 ../testing_datasets/H3_epi.csv NeighborSum 20.1
0.0 0.10642504434777428 -1.76027 0.857445172 0.581951777 -33.527244090044675 ../testing_datasets/H3_epi.csv NeighborSum 20.1
0.0 0.07603046839271886 -4.75711 1.6740213959999999 0.46066588399999997 -46.11119621320392 ../testing_datasets/H3_epi.csv NeighborSum 20.1
0.0 0.09668078129600628 -4.41633 0.9735018520000001 0.5917318429999999 -34.09695091207799 ../testing_datasets/H3_epi.csv NeighborSum 20.1
0.0 0.11216485871194291 -2.95255 1.022611663 0.6331921939999999 -29.01979738751476 ../testing_datasets/H3_epi.csv NeighborSum 20.1
0.0 0.08319542686257214 -4.01106 1.0664444290000001 0.45608784399999996 -41.44771955902398 ../testing_datasets/H3_epi.csv NeighborSum 20.1
0.0 0.07948941555542431 -3.00875 1.044997612 0.490030666 -45.744591760147394 ../testing_datasets/H3_epi.csv NeighborSum 20.1
0.0 0.10971395294346019 -1.36355 0.79112984 0.614803357 -32.57097380852567 ../testing_datasets/H3_epi.csv NeighborSum 20.1
0.0 0.09848831414669951 -4.80221 0.8603976329999999 0.544333849 -31.48521186805982 ../testing_datasets/H3_epi.csv NeighborSum 20.1
0.0 0.07109129090341391 -3.3186199999999997 1.256955553 0.41235610899999997 -49.803958940115216 ../testing_datasets/H3_epi.csv NeighborSum 20.1
0.0 0.0825624490460345 -3.5095 0.706950877 0.566876072 -42.552789573883224 ../testing_datasets/H3_epi.csv NeighborSum 20.1
0.0 0.09902002581717735 -0.0153 0.7970421679999999 0.635124982 -41.398866583104706 ../testing_datasets/H3_epi.csv NeighborSum 20.1
0.0 0.07779899853739866 0.55593 0.973929637 0.491812211 -53.5890600823407 ../testing_datasets/H3_epi.csv NeighborSum 20.1
0.0 0.05355968323828629 -3.80654 0.6942547309999999 0.425811019 -56.657829820281464 ../testing_datasets/H3_epi.csv NeighborSum 20.1
0.0 0.08299071824415964 -1.54641 0.8917984790000001 0.586719497 -47.08819377705199 ../testing_datasets/H3_epi.csv NeighborSum 20.1
0.0 0.07483022576826254 -5.086130000000001 1.261879668 0.551305233 -45.49297970722879 ../testing_datasets/H3_epi.csv NeighborSum 20.1
0.0 0.03474019332386748 -4.6477699999999995 0.8205623940000001 0.449131647 -66.04766079989147 ../testing_datasets/H3_epi.csv NeighborSum 20.1
0.0 0.05708378774907619 -1.68062 1.040108166 0.49881140700000004 -60.86764236253573 ../testing_datasets/H3_epi.csv NeighborSum 20.1
0.0 0.07896487589783001 -2.78645 0.869979244 0.521583404 -46.15179207544333 ../testing_datasets/H3_epi.csv NeighborSum 20.1
0.0 0.043601837441108335 -3.22231 1.179757521 0.37879340100000003 -64.62409480913824 ../testing_datasets/H3_epi.csv NeighborSum 20.1
0.0 0.012864483568132273 -4.343319999999999 0.601591722 0.464461998 -78.12804447291903 ../testing_datasets/H3_epi.csv NeighborSum 20.1
0.0 0.048911307868628434 -3.20198 1.083122381 0.5360474470000001 -62.836625296047366 ../testing_datasets/H3_epi.csv NeighborSum 20.1
0.0 0.045100855302750695 -6.21378 1.006637211 0.307794794 -56.5304268342684 ../testing_datasets/H3_epi.csv NeighborSum 20.1
0.0 0.007798264791916865 -2.7833900000000003 0.432581259 0.422469544 -83.07139807474977 ../testing_datasets/H3_epi.csv NeighborSum 20.1
0.0 0.010941770042529358 -2.68834 0.6119896810000001 0.553563832 -83.36833499222479 ../testing_datasets/H3_epi.csv NeighborSum 20.1
0.0 0.042929576717933376 -2.1739 1.058319156 0.45590487799999996 -67.37913924508646 ../testing_datasets/H3_epi.csv NeighborSum 20.1
0.0 0.024763067747251843 -2.87977 0.667925035 0.40714502799999996 -74.1833702114796 ../testing_datasets/H3_epi.csv NeighborSum 20.1
0.0 -0.02167332728912158 -4.21333 0.345201153 0.47076554600000003 -96.64906261225627 ../testing_datasets/H3_epi.csv NeighborSum 20.1
0.0 0.011196403890820467 -3.98978 1.059536526 0.49141218299999995 -81.63039538953804 ../testing_datasets/H3_epi.csv NeighborSum 20.1
0.0 0.03327481391967588 -2.81077 0.794924622 0.385400415 -69.86101295448945 ../testing_datasets/H3_epi.csv NeighborSum 20.1
0.0 -0.016888174599607064 -5.25553 0.70427318 0.437332735 -92.87566535317104 ../testing_datasets/H3_epi.csv NeighborSum 20.1
0.0 -0.02911725079187988 -3.3245199999999997 0.7509904279999999 0.49708766 -104.22956279617871 ../testing_datasets/H3_epi.csv NeighborSum 20.1
0.0 0.021099177834923488 -2.71549 0.921750244 0.36169065200000006 -77.01926733887451 ../testing_datasets/H3_epi.csv NeighborSum 20.1
0.0 0.022616932625773856 -4.7866800000000005 0.731156107 0.41398308799999994 -71.83609214645875 ../testing_datasets/H3_epi.csv NeighborSum 20.1
0.0 -0.03395683706073574 -5.0761 0.687332561 0.456874455 -102.80010137918752 ../testing_datasets/H3_epi.csv NeighborSum 20.1
0.0 -0.0007591633170463408 -5.39295 1.128182407 0.44288720000000004 -85.22848551076528 ../testing_datasets/H3_epi.csv NeighborSum 20.1
0.0 0.04633171573625096 -1.88965 0.6511415110000001 0.46636381 -64.72076953664428 ../testing_datasets/H3_epi.csv NeighborSum 20.1
0.0 0.030516341566624805 -3.8445 1.092719543 0.450734477 -70.97346408916111 ../testing_datasets/H3_epi.csv NeighborSum 20.1
0.0 0.000833885266324802 -7.825239999999999 1.0124646659999998 0.427269469 -78.9181340203021 ../testing_datasets/H3_epi.csv NeighborSum 20.1
0.0 0.06177810479941681 -3.8010300000000004 1.0158724959999998 0.39304744399999997 -52.95810305092414 ../testing_datasets/H3_epi.csv NeighborSum 20.1
0.0 0.08594768765943689 -2.0045900000000003 0.711453749 0.46393950700000003 -42.76141005484937 ../testing_datasets/H3_epi.csv NeighborSum 20.1
0.0 0.07330558914954849 -3.6809 1.115958164 0.485260775 -48.02637286300313 ../testing_datasets/H3_epi.csv NeighborSum 20.1
0.0 0.11112178728719566 -0.25187 0.8231434940000001 0.41446194700000005 -32.28373924788995 ../testing_datasets/H3_epi.csv NeighborSum 20.1
0.0 0.05011590760141425 -2.1976400000000003 1.4515260669999999 0.296096304 -63.27245466230108 ../testing_datasets/H3_epi.csv NeighborSum 20.1
0.0 0.04293988239812359 -2.86952 1.3122992070000001 0.48675974 -67.1636994672042 ../testing_datasets/H3_epi.csv NeighborSum 20.1
0.0 0.10179781378411015 -2.8608599999999997 0.912711905 0.56537855 -33.92448368756482 ../testing_datasets/H3_epi.csv NeighborSum 20.1
0.0 0.0667319080658691 -6.19442 1.516847775 0.560533917 -48.74093815793274 ../testing_datasets/H3_epi.csv NeighborSum 20.1
0.0 0.12258485303991276 -1.9631900000000002 0.97506998 0.460823665 -23.477307620890382 ../testing_datasets/H3_epi.csv NeighborSum 20.1
0.0 0.1018087063121706 -2.92345 0.620981734 0.47046865299999996 -31.883469726801035 ../testing_datasets/H3_epi.csv NeighborSum 20.1
0.0 0.13050963297182802 0.7518199999999999 0.657617848 0.419822546 -23.030932276295008 ../testing_datasets/H3_epi.csv NeighborSum 20.1
0.0 0.09217506740753736 -1.6641599999999999 1.255474233 0.36153280600000004 -40.979341620876106 ../testing_datasets/H3_epi.csv NeighborSum 20.1
0.0 0.05117479876011105 -4.2178 1.196279444 0.388813265 -58.58968919745304 ../testing_datasets/H3_epi.csv NeighborSum 20.1
0.0 0.09868417386395625 -0.67915 0.607995014 0.5820084879999999 -39.094211733639426 ../testing_datasets/H3_epi.csv NeighborSum 20.1
0.0 0.08484659706981011 -1.10036 0.550428197 0.513791627 -45.07287585139932 ../testing_datasets/H3_epi.csv NeighborSum 20.1
0.0 0.014263320144624086 -5.2012 1.184196075 0.392317454 -77.03208177537222 ../testing_datasets/H3_epi.csv NeighborSum 20.1
0.0 0.05212246189724755 -2.74257 1.096636703 0.534449489 -62.013706136027444 ../testing_datasets/H3_epi.csv NeighborSum 20.1
0.0 0.09458545181913837 -1.8952799999999999 0.40894099700000003 0.621989157 -38.5888260323935 ../testing_datasets/H3_epi.csv NeighborSum 20.1
0.0 0.05134252056910571 -3.32553 0.7294752990000001 0.462519736 -59.312341460659276 ../testing_datasets/H3_epi.csv NeighborSum 20.1
0.0 0.019867904027202926 -3.2298400000000003 1.268900122 0.431765031 -78.54621713718099 ../testing_datasets/H3_epi.csv NeighborSum 20.1
0.0 0.07889597583936728 -3.00248 0.702256702 0.594060732 -45.83205516657711 ../testing_datasets/H3_epi.csv NeighborSum 20.1
0.0 0.09781219997128676 -1.9705599999999999 0.87665334 0.578834163 -37.9106675546322 ../testing_datasets/H3_epi.csv NeighborSum 20.1
0.0 0.04443285625951504 -1.88963 1.150906151 0.44943011 -67.38523764468785 ../testing_datasets/H3_epi.csv NeighborSum 20.1
0.0 0.06338606526097298 -4.844530000000001 0.975306772 0.579266 -51.55260939445009 ../testing_datasets/H3_epi.csv NeighborSum 20.1
0.0 0.11552215283286085 1.0777299999999999 0.923744322 0.5207396320000001 -33.85128979949509 ../testing_datasets/H3_epi.csv NeighborSum 20.1
0.0 0.09388098644043465 -1.05014 0.83649241 0.365010035 -39.81418307336036 ../testing_datasets/H3_epi.csv NeighborSum 20.1
0.0 0.06531258651411057 -2.52051 1.09437991 0.407446563 -53.97985696038572 ../testing_datasets/H3_epi.csv NeighborSum 20.1
0.0 0.09710649336737825 -0.65501 0.708683209 0.612620955 -40.65481207553459 ../testing_datasets/H3_epi.csv NeighborSum 20.1
0.0 0.12626594940058128 -1.97508 0.593224647 0.392259914 -19.43118798228815 ../testing_datasets/H3_epi.csv NeighborSum 20.1
0.0 0.12825861955302914 -3.57439 0.857243788 0.5561670870000001 -17.571667384124595 ../testing_datasets/H3_epi.csv NeighborSum 20.1
0.0 0.13787831788614857 -0.0055899999999999995 0.31878471 0.380062688 -15.868500127594569 ../testing_datasets/H3_epi.csv NeighborSum 20.1
0.0 0.14267401636591942 -2.62371 0.760981142 0.439272669 -10.080538980737028 ../testing_datasets/H3_epi.csv NeighborSum 20.1
0.0 0.14687260948949227 -0.21843 0.207246088 0.414991602 -10.392652504249208 ../testing_datasets/H3_epi.csv NeighborSum 20.1
0.0 0.1178050218716502 -0.9630200000000001 0.7796054790000001 0.314603852 -26.084320774037646 ../testing_datasets/H3_epi.csv NeighborSum 20.1
0.0 0.1276934189534235 -0.73868 0.25258880100000003 0.493516488 -20.84774335318064 ../testing_datasets/H3_epi.csv NeighborSum 20.1
0.0 0.09225941221571222 -5.45621 0.707217285 0.364622847 -31.419255865132925 ../testing_datasets/H3_epi.csv NeighborSum 20.1
0.0 0.12275386490931285 -3.1049599999999997 0.204689558 0.6013225179999999 -19.664034744906772 ../testing_datasets/H3_epi.csv NeighborSum 20.1
0.0 0.08502226455198378 -4.12046 1.04134297 0.487016267 -40.4142827514321 ../testing_datasets/H3_epi.csv NeighborSum 20.1
0.0 0.10788487684724532 -2.06128 0.5950591829999999 0.57918101 -31.161285672706686 ../testing_datasets/H3_epi.csv NeighborSum 20.1
0.0 0.09550940173490508 -0.31143000000000004 0.9317708579999999 0.502247853 -41.99822566847134 ../testing_datasets/H3_epi.csv NeighborSum 20.1
0.0 0.09193193404152782 -4.28469 0.872256556 0.432441566 -35.15913292039688 ../testing_datasets/H3_epi.csv NeighborSum 20.1
0.0 0.08792167871666437 -1.25944 1.212739305 0.584495518 -46.05115063778895 ../testing_datasets/H3_epi.csv NeighborSum 20.1
0.0 0.12195803286850135 -4.81659 0.42695745700000004 0.57182225 -17.188779505315367 ../testing_datasets/H3_epi.csv NeighborSum 20.1
0.0 0.1384468192675017 -0.53857 0.092517369 0.496861171 -14.762686727773556 ../testing_datasets/H3_epi.csv NeighborSum 20.1
0.0 0.13721335192753112 -0.1696 0.26160591899999996 0.38902169299999995 -15.787922237806207 ../testing_datasets/H3_epi.csv NeighborSum 20.1
0.0 0.10347019643536419 -1.14458 1.0051793470000001 0.391918259 -35.16492415167179 ../testing_datasets/H3_epi.csv NeighborSum 20.1
0.0 0.10174943951582777 -2.8054200000000002 0.6551623329999999 0.5209321029999999 -32.73979766277257 ../testing_datasets/H3_epi.csv NeighborSum 20.1
0.0 0.12575824126213325 -0.35188 0.205533792 0.468353003 -22.294754117841045 ../testing_datasets/H3_epi.csv NeighborSum 20.1
0.0 0.11116351914979689 -1.76164 0.7570787259999999 0.392518945 -28.79815493471359 ../testing_datasets/H3_epi.csv NeighborSum 20.1
0.0 0.07781061329034832 -1.8778599999999999 1.355263093 0.3525717 -48.76985450232816 ../testing_datasets/H3_epi.csv NeighborSum 20.1
0.0 0.11808812939921023 -0.61363 0.48403432799999996 0.641637324 -28.600453522590104 ../testing_datasets/H3_epi.csv NeighborSum 20.1
1.0 0.12753700646249208 -4.75777 0.70281483 0.69905717 -16.37149193065803 ../testing_datasets/H3_epi.csv NeighborSum 20.1
1.0 0.13615405996382396 -1.2940200000000002 0.211964021 0.6478339710000001 -16.33417518462061 ../testing_datasets/H3_epi.csv NeighborSum 20.1
0.0 0.12048497963873035 -1.45537 0.612367541 0.483448964 -24.581236794990048 ../testing_datasets/H3_epi.csv NeighborSum 20.1
0.0 0.11578607202558193 -3.89779 1.196666614 0.428008725 -23.84373067448521 ../testing_datasets/H3_epi.csv NeighborSum 20.1
1.0 0.13366325096888598 -2.7384 0.715100347 0.579302426 -15.96684236131013 ../testing_datasets/H3_epi.csv NeighborSum 20.1
1.0 0.13389030746424965 -3.62681 0.115711929 0.595265533 -12.085070801994107 ../testing_datasets/H3_epi.csv NeighborSum 20.1
0.0 0.1254523800667315 -1.29095 0.6905827440000001 0.501678063 -22.607549672545176 ../testing_datasets/H3_epi.csv NeighborSum 20.1
1.0 0.13129561447859112 -3.75295 1.196403002 0.47662662100000003 -16.000253413919808 ../testing_datasets/H3_epi.csv NeighborSum 20.1
1.0 0.1489363970981476 -2.5434400000000004 0.483154326 0.679766952 -8.012715295978785 ../testing_datasets/H3_epi.csv NeighborSum 20.1
1.0 0.15916415075507226 0.51657 0.13067727199999998 0.6279264170000001 -6.759387737842498 ../testing_datasets/H3_epi.csv NeighborSum 20.1
0.0 0.14067797483066719 -0.9336 0.943695555 0.45169699799999996 -15.33419282600686 ../testing_datasets/H3_epi.csv NeighborSum 20.1
1.0 0.15716462622973076 -1.79045 0.958617728 0.546161722 -5.41953456524591 ../testing_datasets/H3_epi.csv NeighborSum 20.1
1.0 0.16304293244457782 -1.3240399999999999 0.262675306 0.630650387 -1.416873619513729 ../testing_datasets/H3_epi.csv NeighborSum 20.1
0.0 0.15909200114269967 0.18962 0.539623645 0.5042671989999999 -6.450755122016611 ../testing_datasets/H3_epi.csv NeighborSum 20.1
0.0 0.15659124929249005 -2.26927 1.223431364 0.48197349100000003 -5.12243840326839 ../testing_datasets/H3_epi.csv NeighborSum 20.1
1.0 0.17944901228764032 1.6089200000000001 0.8156641729999999 0.630753393 -0.17694773035903588 ../testing_datasets/H3_epi.csv NeighborSum 20.1
0.0 0.18189490412553336 -0.31093000000000004 0.760532859 0.78011504 3.840462608181716 ../testing_datasets/H3_epi.csv NeighborSum 20.1
1.0 0.18159668700533882 0.0206 0.854286305 0.7309945940000001 3.1324475430922396 ../testing_datasets/H3_epi.csv NeighborSum 20.1
1.0 0.18049156533294242 0.38414 1.153800785 0.749115592 0.5642051726133958 ../testing_datasets/H3_epi.csv NeighborSum 20.1
1.0 0.16474300938500944 -0.37162 1.042818155 0.578004096 -4.6621405947528265 ../testing_datasets/H3_epi.csv NeighborSum 20.1
0.0 0.18204647398624454 -1.01975 0.812858912 0.74782007 5.457796395173228 ../testing_datasets/H3_epi.csv NeighborSum 20.1
0.0 0.1481294161347349 -3.4985699999999995 1.048833101 0.623264499 -8.02683149690595 ../testing_datasets/H3_epi.csv NeighborSum 20.1
0.0 0.18168596834037828 2.34185 1.118867783 0.657316866 -1.7273095901114588 ../testing_datasets/H3_epi.csv NeighborSum 20.1
0.0 0.16187300531417287 1.81148 1.004286968 0.666177814 -11.303182057421283 ../testing_datasets/H3_epi.csv NeighborSum 20.1
0.0 0.13465272284707888 -0.8239299999999999 0.864627887 0.666824629 -20.594036660577427 ../testing_datasets/H3_epi.csv NeighborSum 20.1
0.0 0.0966553421137098 -2.21698 1.6828666230000002 0.363254491 -38.92201514109926 ../testing_datasets/H3_epi.csv NeighborSum 20.1
0.0 0.13537666068447843 -0.0665 0.973980498 0.403111979 -19.66405692668877 ../testing_datasets/H3_epi.csv NeighborSum 20.1
0.0 0.13082064546559563 -1.59397 1.019964963 0.43562194299999996 -19.586624964284177 ../testing_datasets/H3_epi.csv NeighborSum 20.1
0.0 0.15827862323594818 -0.5896 1.080741775 0.511120366 -7.318925498521669 ../testing_datasets/H3_epi.csv NeighborSum 20.1
0.0 0.15217102302463345 -1.4661799999999998 1.0264390540000001 0.5656706229999999 -9.252826389384365 ../testing_datasets/H3_epi.csv NeighborSum 20.1
0.0 0.17190994328469963 -0.25813 0.7831203390000001 0.570654191 0.0636680431834561 ../testing_datasets/H3_epi.csv NeighborSum 20.1
0.0 0.16810885546244364 -1.41549 0.87491363 0.640544341 -0.6903346564868331 ../testing_datasets/H3_epi.csv NeighborSum 20.1
0.0 0.17031465670410884 1.21723 1.273974642 0.639236861 -6.147717735425508 ../testing_datasets/H3_epi.csv NeighborSum 20.1
0.0 0.1448219990296935 -2.39566 0.698662507 0.6397586 -10.979384856465712 ../testing_datasets/H3_epi.csv NeighborSum 20.1
0.0 0.15124587721313668 -0.9435100000000001 0.806137062 0.596440879 -10.316083295079777 ../testing_datasets/H3_epi.csv NeighborSum 20.1
0.0 0.12192803181691868 -2.80478 0.999791515 0.5412026520000001 -22.983684076362223 ../testing_datasets/H3_epi.csv NeighborSum 20.1
0.0 0.10437440307680661 0.05205 0.7230108690000001 0.42952213200000006 -36.410700030337146 ../testing_datasets/H3_epi.csv NeighborSum 20.1
0.0 0.12465299624914027 -2.4725599999999996 0.9134051999999999 0.493951519 -21.39952951306804 ../testing_datasets/H3_epi.csv NeighborSum 20.1
0.0 0.11690933510600887 -4.09892 1.177075753 0.602264421 -24.358562360346617 ../testing_datasets/H3_epi.csv NeighborSum 20.1
0.0 0.06759167321663545 -5.40796 0.866090372 0.44734586600000004 -46.4915263363717 ../testing_datasets/H3_epi.csv NeighborSum 20.1
0.0 0.08075461221067118 -5.7612 1.040738514 0.382127 -38.516699732618726 ../testing_datasets/H3_epi.csv NeighborSum 20.1
0.0 0.10996179241458516 -3.20132 0.883922457 0.544771566 -28.43262520391434 ../testing_datasets/H3_epi.csv NeighborSum 20.1
0.0 0.07450967858315505 -3.8035400000000004 1.192942461 0.423177569 -46.81380385775368 ../testing_datasets/H3_epi.csv NeighborSum 20.1
0.0 0.04116263913210448 -4.44307 0.598159525 0.403076121 -61.691331933053206 ../testing_datasets/H3_epi.csv NeighborSum 20.1
0.0 0.08426064899761083 -4.42333 1.063868523 0.531204229 -40.716437375889264 ../testing_datasets/H3_epi.csv NeighborSum 20.1
0.0 0.10422926410104338 -1.5268700000000002 1.0201036940000001 0.5306678029999999 -35.312618313961224 ../testing_datasets/H3_epi.csv NeighborSum 20.1
0.0 0.05732880865512799 -2.32609 0.43627146899999997 0.437249809 -56.73131820743918 ../testing_datasets/H3_epi.csv NeighborSum 20.1
0.0 0.0669298358808503 -1.1089200000000001 0.535295504 0.46735749 -54.48707567292541 ../testing_datasets/H3_epi.csv NeighborSum 20.1
0.0 0.1119791961184464 -1.28695 1.043296385 0.624816382 -32.45668405099027 ../testing_datasets/H3_epi.csv NeighborSum 20.1
0.0 0.10257586781753181 -3.8285699999999996 0.716735645 0.489040682 -30.15554518927379 ../testing_datasets/H3_epi.csv NeighborSum 20.1
0.0 0.06440543296041185 -5.14881 0.332333688 0.44910567100000004 -46.89967728726246 ../testing_datasets/H3_epi.csv NeighborSum 20.1
0.0 0.10221987039679888 -1.62541 0.984743405 0.469638647 -35.53825138248583 ../testing_datasets/H3_epi.csv NeighborSum 20.1
0.0 0.12693172276952586 -1.3047799999999998 0.8276413579999999 0.603729944 -23.188941434748628 ../testing_datasets/H3_epi.csv NeighborSum 20.1
0.0 0.10393951133287484 -2.9336900000000004 0.7526299479999999 0.5002632379999999 -31.425298278628453 ../testing_datasets/H3_epi.csv NeighborSum 20.1
0.0 0.09448874148677758 -2.75751 0.7607216170000001 0.43932583399999997 -36.47372533380748 ../testing_datasets/H3_epi.csv NeighborSum 20.1
0.0 0.1323797761332544 -1.34156 0.993678795 0.579146798 -20.461833809752925 ../testing_datasets/H3_epi.csv NeighborSum 20.1
0.0 0.13591379631903025 -2.12549 0.800457834 0.6065467489999999 -16.503843439826603 ../testing_datasets/H3_epi.csv NeighborSum 20.1
0.0 0.10832553907174863 -3.61401 0.704684042 0.481717532 -27.29387609241663 ../testing_datasets/H3_epi.csv NeighborSum 20.1
0.0 0.12226770310231688 -2.19707 1.140684827 0.42113054200000005 -23.404156756524 ../testing_datasets/H3_epi.csv NeighborSum 20.1
0.0 0.14825145024920772 0.8555200000000001 0.70700435 0.571915455 -15.001050992547427 ../testing_datasets/H3_epi.csv NeighborSum 20.1
0.0 0.13820708309898042 -1.46995 1.090830856 0.5516969429999999 -17.070821841525003 ../testing_datasets/H3_epi.csv NeighborSum 20.1
0.0 0.1166693413564652 -4.861619999999999 1.013050303 0.439234554 -20.87657726741015 ../testing_datasets/H3_epi.csv NeighborSum 20.1
0.0 0.13136289841534615 -4.153519999999999 0.997334168 0.46081088200000003 -14.3090977636617 ../testing_datasets/H3_epi.csv NeighborSum 20.1
0.0 0.14185042611026627 -1.95822 0.7009037090000001 0.6146252170000001 -13.276223744533288 ../testing_datasets/H3_epi.csv NeighborSum 20.1
0.0 0.12701710814321535 -0.48431 1.057297943 0.509948747 -24.733655933737747 ../testing_datasets/H3_epi.csv NeighborSum 20.1
0.0 0.11972189547410719 -0.54065 0.801095412 0.454936861 -27.241967999074653 ../testing_datasets/H3_epi.csv NeighborSum 20.1
0.0 0.13174030256848546 -2.17009 1.4141199830000002 0.499189536 -19.906036151110957 ../testing_datasets/H3_epi.csv NeighborSum 20.1
0.0 0.13364597743400597 -0.71104 1.320760203 0.6021910070000001 -22.39615942232213 ../testing_datasets/H3_epi.csv NeighborSum 20.1
0.0 0.10617003523618065 -3.9596199999999997 1.0783360370000001 0.518546851 -29.45733606530101 ../testing_datasets/H3_epi.csv NeighborSum 20.1
0.0 0.11602134548404641 -1.45186 1.5271394930000002 0.457961345 -30.06275950010734 ../testing_datasets/H3_epi.csv NeighborSum 20.1
0.0 0.11893593199842808 -2.32088 0.995512046 0.525460049 -25.44860370464528 ../testing_datasets/H3_epi.csv NeighborSum 20.1
0.0 0.10069011821192778 -7.530530000000001 0.809259689 0.603318369 -25.16222922768762 ../testing_datasets/H3_epi.csv NeighborSum 20.1
0.0 0.09837203827122179 -2.7305200000000003 0.661070452 0.549756481 -35.045742880820555 ../testing_datasets/H3_epi.csv NeighborSum 20.1
0.0 0.10731555429458216 -4.30751 1.286137987 0.580807725 -29.437094523413325 ../testing_datasets/H3_epi.csv NeighborSum 20.1
0.0 0.1133862822197707 -1.7258099999999998 1.206935439 0.634181451 -31.464599203787067 ../testing_datasets/H3_epi.csv NeighborSum 20.1
0.0 0.09468278994382842 -1.18195 0.629992918 0.619746482 -40.726865745739204 ../testing_datasets/H3_epi.csv NeighborSum 20.1
0.0 0.09763367624877256 -2.64982 0.537023876 0.62398496 -35.862005039609116 ../testing_datasets/H3_epi.csv NeighborSum 20.1
0.0 0.1076302712679218 -3.12395 1.163806547 0.628880946 -31.645631944050535 ../testing_datasets/H3_epi.csv NeighborSum 20.1
0.0 0.10130033617187925 -3.5175300000000003 1.138946126 0.579603666 -33.816264460546876 ../testing_datasets/H3_epi.csv NeighborSum 20.1
0.0 0.09057100138979049 -3.43685 0.433889401 0.5758332429999999 -37.382672064524535 ../testing_datasets/H3_epi.csv NeighborSum 20.1
0.0 0.11180632133437549 -1.85087 0.7531584729999999 0.620360106 -30.353347705742635 ../testing_datasets/H3_epi.csv NeighborSum 20.1
0.0 0.11022653506734764 -3.3003400000000003 1.307695958 0.5417961920000001 -29.56115828595787 ../testing_datasets/H3_epi.csv NeighborSum 20.1
0.0 0.10626845539404364 -1.8385200000000002 0.821615474 0.460142172 -32.20552257219706 ../testing_datasets/H3_epi.csv NeighborSum 20.1
0.0 0.10933524315458823 -2.82625 0.867244679 0.563614512 -29.645928879189945 ../testing_datasets/H3_epi.csv NeighborSum 20.1
0.0 0.12372359345007572 -0.9902200000000001 1.13120506 0.5018061429999999 -25.72865385044376 ../testing_datasets/H3_epi.csv NeighborSum 20.1
0.0 0.11229763941112075 -6.0986400000000005 0.951889434 0.5603430079999999 -21.7177951498766 ../testing_datasets/H3_epi.csv NeighborSum 20.1
0.0 0.1329443240041907 5.26967 0.8255073890000001 0.41371816299999997 -31.27681112039479 ../testing_datasets/H3_epi.csv NeighborSum 20.1
0.0 0.14051826749974541 3.39804 0.793110125 0.25123988199999997 -21.719998698238456 ../testing_datasets/H3_epi.csv NeighborSum 20.1
0.0 0.1309098023158741 -3.83505 1.031493409 0.607399108 -16.672479105814393 ../testing_datasets/H3_epi.csv NeighborSum 20.1
0.0 0.12503257261641465 -2.42327 0.864759332 0.541983715 -21.559460557764318 ../testing_datasets/H3_epi.csv NeighborSum 20.1
0.0 0.12407838072560222 -4.7131300000000005 0.61270284 0.33415347 -14.68647070378177 ../testing_datasets/H3_epi.csv NeighborSum 20.1
0.0 0.11104453959192538 -4.36946 0.884873647 0.462233314 -24.73363323326911 ../testing_datasets/H3_epi.csv NeighborSum 20.1
0.0 0.12799175936368282 -0.29921 0.640065215 0.254434063 -20.728473455387277 ../testing_datasets/H3_epi.csv NeighborSum 20.1
0.0 0.11215790357048713 -1.95715 0.851685847 0.316120234 -27.485819089383426 ../testing_datasets/H3_epi.csv NeighborSum 20.1
0.0 0.12885795242185627 -2.09951 0.34808929299999997 0.261316096 -15.670400645501674 ../testing_datasets/H3_epi.csv NeighborSum 20.1
0.0 0.11003214651221754 -2.1375599999999997 0.862810622 0.335489908 -28.518694526351627 ../testing_datasets/H3_epi.csv NeighborSum 20.1
0.0 0.12654748273087785 -0.64753 0.592361004 0.5023241979999999 -22.949240924719028 ../testing_datasets/H3_epi.csv NeighborSum 20.1
0.0 0.11250894382238971 -5.0457 0.8720874359999999 0.403206386 -21.977755144299405 ../testing_datasets/H3_epi.csv NeighborSum 20.1
0.0 0.13067001152569785 -2.3073599999999996 0.212941744 0.541336978 -16.357852422152817 ../testing_datasets/H3_epi.csv NeighborSum 20.1
0.0 0.1250439293296966 -3.20706 1.0463594459999999 0.614300241 -21.293170349576602 ../testing_datasets/H3_epi.csv NeighborSum 20.1
0.0 0.13853598134413891 -4.24697 0.561512033 0.590431103 -9.805928976334204 ../testing_datasets/H3_epi.csv NeighborSum 20.1
0.0 0.13679906649459522 -4.26129 0.924414753 0.661403561 -12.67891416955803 ../testing_datasets/H3_epi.csv NeighborSum 20.1
0.0 0.1432519337587543 -1.3301399999999999 0.8471421929999999 0.583158969 -13.986992032122503 ../testing_datasets/H3_epi.csv NeighborSum 20.1
0.0 0.1352948103450944 -0.00773 1.19843548 0.69259174 -23.294801772779557 ../testing_datasets/H3_epi.csv NeighborSum 20.1
0.0 0.13844639497525724 -4.685919999999999 0.445627454 0.616167129 -8.802912775737227 ../testing_datasets/H3_epi.csv NeighborSum 20.1
0.0 0.14442357039163398 -2.16794 0.155453728 0.548487042 -8.889588632284095 ../testing_datasets/H3_epi.csv NeighborSum 20.1
0.0 0.14819336532947872 0.10503 0.29890498 0.508037714 -11.493848639116099 ../testing_datasets/H3_epi.csv NeighborSum 20.1
0.0 0.13434821663880975 -1.88707 0.885523229 0.50698248 -17.229995913065103 ../testing_datasets/H3_epi.csv NeighborSum 20.1
0.0 0.13052093477920848 -2.67076 0.6936568209999999 0.591047054 -17.873592214212113 ../testing_datasets/H3_epi.csv NeighborSum 20.1
0.0 0.14257202965022156 -0.33149 0.530187444 0.53873164 -14.831912454238125 ../testing_datasets/H3_epi.csv NeighborSum 20.1
0.0 0.1399068733938027 -3.02644 0.883519866 0.45251496700000005 -11.360768001760198 ../testing_datasets/H3_epi.csv NeighborSum 20.1
0.0 0.1196645770699027 -4.0757 1.387089416 0.29541363800000003 -20.79135537270769 ../testing_datasets/H3_epi.csv NeighborSum 20.1
1.0 0.13444954579127202 -1.53205 0.778761919 0.681401239 -19.117687301788674 ../testing_datasets/H3_epi.csv NeighborSum 20.1
1.0 0.12960333833255916 -4.91755 0.859310583 0.702726693 -15.496085782172306 ../testing_datasets/H3_epi.csv NeighborSum 20.1
1.0 0.13789934340013874 -1.27514 0.29777400800000003 0.643291799 -15.66830896085569 ../testing_datasets/H3_epi.csv NeighborSum 20.1
0.0 0.12113259900418925 -1.29311 0.63965973 0.479991183 -24.61284231904719 ../testing_datasets/H3_epi.csv NeighborSum 20.1
0.0 0.11667660164053856 -3.85198 1.182778761 0.42544497200000003 -23.369938594852698 ../testing_datasets/H3_epi.csv NeighborSum 20.1
1.0 0.13536027092699912 -2.85527 0.8045728990000001 0.583190318 -15.14641315624338 ../testing_datasets/H3_epi.csv NeighborSum 20.1
1.0 0.13553190150581446 -3.44489 0.209785592 0.591967233 -11.84409855619258 ../testing_datasets/H3_epi.csv NeighborSum 20.1
0.0 0.1263146932808042 -1.2597200000000002 0.7107326540000001 0.48401853 -22.101331139784445 ../testing_datasets/H3_epi.csv NeighborSum 20.1
1.0 0.13268280439555052 -3.69254 1.229652285 0.47484611299999996 -15.455096648398902 ../testing_datasets/H3_epi.csv NeighborSum 20.1
1.0 0.15022023127862286 -2.40279 0.546764592 0.6813506779999999 -7.824160985451997 ../testing_datasets/H3_epi.csv NeighborSum 20.1
1.0 0.16106186589289137 0.43991 0.148827361 0.631045646 -5.6487885453321605 ../testing_datasets/H3_epi.csv NeighborSum 20.1
0.0 0.14249678823035739 -1.08336 0.9882842629999999 0.434100289 -14.023121119720232 ../testing_datasets/H3_epi.csv NeighborSum 20.1
1.0 0.15850735887155015 -1.6756 0.97372298 0.544192875 -4.942083846977207 ../testing_datasets/H3_epi.csv NeighborSum 20.1
1.0 0.16338570755829504 -1.69697 0.267811892 0.6328298960000001 -0.5180929019594646 ../testing_datasets/H3_epi.csv NeighborSum 20.1
0.0 0.1597862001563548 -0.40057 0.525778473 0.43677371200000004 -4.211588504604818 ../testing_datasets/H3_epi.csv NeighborSum 20.1
0.0 0.1588997009978885 -1.98033 1.253416225 0.487119349 -4.577941692765509 ../testing_datasets/H3_epi.csv NeighborSum 20.1
1.0 0.17970769082301383 1.59349 0.812587298 0.6273222629999999 0.0396852881396336 ../testing_datasets/H3_epi.csv NeighborSum 20.1
0.0 0.18194378794755706 -0.21564 0.750926705 0.78332428 3.6809227573076924 ../testing_datasets/H3_epi.csv NeighborSum 20.1
1.0 0.18196271559647656 -0.03585 0.896655797 0.739252699 3.221804264672692 ../testing_datasets/H3_epi.csv NeighborSum 20.1
1.0 0.17762563851093716 0.38713000000000003 1.164038449 0.7034061159999999 -0.6417950138085222 ../testing_datasets/H3_epi.csv NeighborSum 20.1
1.0 0.16568067927129482 -0.38731 1.014292453 0.540255779 -3.662311910811431 ../testing_datasets/H3_epi.csv NeighborSum 20.1
0.0 0.17890864044347193 -1.57996 0.823902963 0.748905845 4.7952183263074435 ../testing_datasets/H3_epi.csv NeighborSum 20.1
0.0 0.14320504291596942 -4.22743 1.050005639 0.5532380020000001 -8.648401235875195 ../testing_datasets/H3_epi.csv NeighborSum 20.1
0.0 0.1793802260265175 2.68302 1.118057678 0.644745921 -3.5679642431963545 ../testing_datasets/H3_epi.csv NeighborSum 20.1
0.0 0.1540918726591005 2.00924 1.024392338 0.273106697 -12.447081213220907 ../testing_datasets/H3_epi.csv NeighborSum 20.1
0.0 0.13444486970648667 -0.8249700000000001 0.811640813 0.612915315 -20.021559821264226 ../testing_datasets/H3_epi.csv NeighborSum 20.1
0.0 0.09979253449405108 -2.29809 1.672334066 0.588790597 -39.06858945567935 ../testing_datasets/H3_epi.csv NeighborSum 20.1
0.0 0.13718256975158344 -0.11523 0.990691291 0.562892802 -20.10154453549088 ../testing_datasets/H3_epi.csv NeighborSum 20.1
0.0 0.12821178122830407 -1.85847 1.0209793870000001 0.463587352 -20.76182993459436 ../testing_datasets/H3_epi.csv NeighborSum 20.1
0.0 0.15723562043240524 -0.5931 1.0557956370000001 0.514859204 -7.83518665592852 ../testing_datasets/H3_epi.csv NeighborSum 20.1
0.0 0.1524157032103203 -1.40486 1.066198821 0.565636186 -9.380844834783906 ../testing_datasets/H3_epi.csv NeighborSum 20.1
0.0 0.17210698678443628 -0.24761999999999998 0.778543834 0.5718149929999999 0.15712345514811216 ../testing_datasets/H3_epi.csv NeighborSum 20.1
0.0 0.16842682747855237 -1.41029 0.8479862979999999 0.640120458 -0.4255304107563704 ../testing_datasets/H3_epi.csv NeighborSum 20.1
0.0 0.1697972107620556 1.12562 1.275809547 0.640861635 -6.271923522143159 ../testing_datasets/H3_epi.csv NeighborSum 20.1
0.0 0.14540340383199607 -2.33122 0.741038623 0.6194509739999999 -10.749431242601656 ../testing_datasets/H3_epi.csv NeighborSum 20.1
0.0 0.1509896753578012 -0.92338 0.764726784 0.591459914 -10.305531963615799 ../testing_datasets/H3_epi.csv NeighborSum 20.1
0.0 0.12098992075074275 -2.8022 0.9437829759999999 0.528581312 -23.19302503131295 ../testing_datasets/H3_epi.csv NeighborSum 20.1
0.0 0.10290892883210967 -0.01974 0.714746749 0.32805728100000003 -36.111625992964 ../testing_datasets/H3_epi.csv NeighborSum 20.1
0.0 0.12451839032058434 -2.48348 0.930253372 0.484794605 -21.427254276775784 ../testing_datasets/H3_epi.csv NeighborSum 20.1
0.0 0.11659551038222449 -4.05156 1.256053567 0.603275949 -24.91619482006453 ../testing_datasets/H3_epi.csv NeighborSum 20.1
0.0 0.06643021466216914 -5.37611 0.835810015 0.42034660700000004 -46.841491707502755 ../testing_datasets/H3_epi.csv NeighborSum 20.1
0.0 0.08003608575262398 -5.67761 1.083273344 0.3953137 -39.354207295948235 ../testing_datasets/H3_epi.csv NeighborSum 20.1
0.0 0.10908847828769955 -3.1579900000000003 0.886397964 0.554881606 -29.10479920232472 ../testing_datasets/H3_epi.csv NeighborSum 20.1
0.0 0.07322057569534605 -4.5826 1.218344686 0.42424344399999997 -46.065493937770825 ../testing_datasets/H3_epi.csv NeighborSum 20.1
0.0 0.040718561825798374 -4.29972 0.617600794 0.398735687 -62.25313693716418 ../testing_datasets/H3_epi.csv NeighborSum 20.1
0.0 0.08245028442432349 -4.19526 1.0464075000000002 0.569476161 -42.46675511404203 ../testing_datasets/H3_epi.csv NeighborSum 20.1
0.0 0.10310646842912241 -1.7094799999999999 1.026717248 0.53272905 -35.610346327332465 ../testing_datasets/H3_epi.csv NeighborSum 20.1
0.0 0.05931250853962766 -2.48409 0.518199171 0.40001798 -55.26346165699746 ../testing_datasets/H3_epi.csv NeighborSum 20.1
0.0 0.060080460905965805 -2.68823 0.539287956 0.483434805 -55.27425458502681 ../testing_datasets/H3_epi.csv NeighborSum 20.1
0.0 0.10816339579061175 -1.20313 1.023206693 0.632002374 -34.73121962775143 ../testing_datasets/H3_epi.csv NeighborSum 20.1
0.0 0.09858004402300394 -4.346509999999999 0.728241107 0.476373758 -31.252242744735998 ../testing_datasets/H3_epi.csv NeighborSum 20.1
0.0 0.06058297892313458 -4.60651 0.328855717 0.39691166899999997 -49.60738726997776 ../testing_datasets/H3_epi.csv NeighborSum 20.1
0.0 0.10007626006716423 -1.7083 0.974385705 0.554862987 -37.308384751878 ../testing_datasets/H3_epi.csv NeighborSum 20.1
0.0 0.12302910698433775 -1.49109 0.8434824320000001 0.611772961 -25.10528878458325 ../testing_datasets/H3_epi.csv NeighborSum 20.1
0.0 0.09912888619017882 -3.0420700000000003 0.746764275 0.49320710799999995 -33.783964033565645 ../testing_datasets/H3_epi.csv NeighborSum 20.1
0.0 0.09377839190341614 -2.69687 0.741876229 0.45682828 -37.08315724384694 ../testing_datasets/H3_epi.csv NeighborSum 20.1
0.0 0.13091887099595206 -1.18715 0.8737419359999999 0.593139238 -21.284037991491463 ../testing_datasets/H3_epi.csv NeighborSum 20.1
0.0 0.13361599784596542 -2.17792 0.715975754 0.61215617 -17.422741515561267 ../testing_datasets/H3_epi.csv NeighborSum 20.1
0.0 0.10510449656712098 -3.7977199999999995 0.676692141 0.449198465 -28.308559816099972 ../testing_datasets/H3_epi.csv NeighborSum 20.1
0.0 0.12457472720922841 -2.1581 1.149109632 0.47678144899999997 -22.749390612809318 ../testing_datasets/H3_epi.csv NeighborSum 20.1
0.0 0.14887409781131034 0.9376 0.6639633770000001 0.57104252 -14.660530254543035 ../testing_datasets/H3_epi.csv NeighborSum 20.1
0.0 0.13748859079511178 -1.41486 1.038341646 0.559444308 -17.464408302942402 ../testing_datasets/H3_epi.csv NeighborSum 20.1
0.0 0.11672746405303787 -4.72697 1.00931652 0.431092985 -21.02589166847034 ../testing_datasets/H3_epi.csv NeighborSum 20.1
0.0 0.13396956772399052 -3.45534 1.009611947 0.48679440799999996 -14.549469720401778 ../testing_datasets/H3_epi.csv NeighborSum 20.1
0.0 0.14184753045817844 -2.04081 0.652709931 0.616720799 -12.96094965862643 ../testing_datasets/H3_epi.csv NeighborSum 20.1
0.0 0.1268111680546548 -0.57995 1.057207112 0.516754622 -24.718437766444215 ../testing_datasets/H3_epi.csv NeighborSum 20.1
0.0 0.12060237734719335 -0.6097100000000001 0.796349185 0.48347495 -26.863043271520855 ../testing_datasets/H3_epi.csv NeighborSum 20.1
0.0 0.13232044666603576 -2.2187099999999997 1.425720087 0.502018272 -19.55478977942971 ../testing_datasets/H3_epi.csv NeighborSum 20.1
0.0 0.1338915221344522 -0.68489 1.324051971 0.607116558 -22.36984052824512 ../testing_datasets/H3_epi.csv NeighborSum 20.1
0.0 0.1052784037085136 -4.02353 0.931263958 0.51091208 -29.23120337484338 ../testing_datasets/H3_epi.csv NeighborSum 20.1
0.0 0.11652321045387896 -1.3895600000000001 1.5338730409999999 0.463566869 -29.985534765201418 ../testing_datasets/H3_epi.csv NeighborSum 20.1
0.0 0.11927284360837166 -2.19767 1.003082454 0.524189417 -25.524206119968255 ../testing_datasets/H3_epi.csv NeighborSum 20.1
0.0 0.09883991185980859 -8.06823 0.678620048 0.604079564 -24.65263377375123 ../testing_datasets/H3_epi.csv NeighborSum 20.1
0.0 0.09880730502569639 -2.65016 0.75855219 0.559590165 -35.40201941505381 ../testing_datasets/H3_epi.csv NeighborSum 20.1
0.0 0.10783285863782432 -4.22106 1.338682007 0.57830857 -29.487155212055278 ../testing_datasets/H3_epi.csv NeighborSum 20.1
0.0 0.11302741407644304 -1.6193600000000001 1.177513617 0.63108996 -31.743765475434696 ../testing_datasets/H3_epi.csv NeighborSum 20.1
0.0 0.09411859886751352 -1.26789 0.609733531 0.620732659 -40.80414941021213 ../testing_datasets/H3_epi.csv NeighborSum 20.1
0.0 0.0983224222329717 -2.69164 0.57155383 0.626154719 -35.53942625910083 ../testing_datasets/H3_epi.csv NeighborSum 20.1
0.0 0.10907911322017921 -3.23685 1.200862802 0.626778819 -30.729525392268936 ../testing_datasets/H3_epi.csv NeighborSum 20.1
0.0 0.10177983138191611 -3.79799 1.102180344 0.582491601 -32.88529224140744 ../testing_datasets/H3_epi.csv NeighborSum 20.1
0.0 0.09049954333623676 -3.5886099999999996 0.423707349 0.493538359 -36.322183928810844 ../testing_datasets/H3_epi.csv NeighborSum 20.1
0.0 0.11373359839728252 -1.7895599999999998 0.7980664409999999 0.566932433 -29.075605725548186 ../testing_datasets/H3_epi.csv NeighborSum 20.1
0.0 0.11367442543147735 -3.24208 1.225768266 0.532304167 -27.392330512007014 ../testing_datasets/H3_epi.csv NeighborSum 20.1
0.0 0.10941179748901164 -1.48119 0.760830503 0.47057466700000006 -31.063449913781966 ../testing_datasets/H3_epi.csv NeighborSum 20.1
0.0 0.11118583861518648 -2.1564400000000004 0.8695110229999999 0.384658061 -28.3201828222627 ../testing_datasets/H3_epi.csv NeighborSum 20.1
0.0 0.12847219486017983 -1.13286 1.161003485 0.5701065129999999 -23.551424209196483 ../testing_datasets/H3_epi.csv NeighborSum 20.1
0.0 0.1162294569533934 -6.61769 1.014349233 0.560870036 -18.728050623655594 ../testing_datasets/H3_epi.csv NeighborSum 20.1
0.0 0.13899936416133116 4.8735800000000005 0.973275298 0.5553398629999999 -28.963521906866138 ../testing_datasets/H3_epi.csv NeighborSum 20.1
0.0 0.14705967345580406 3.60952 0.825378865 0.589182174 -21.758783010730447 ../testing_datasets/H3_epi.csv NeighborSum 20.1
0.0 0.13427583720879466 -4.30213 1.012759628 0.618099716 -13.906304400136195 ../testing_datasets/H3_epi.csv NeighborSum 20.1
0.0 0.12978618711045736 -2.1326400000000003 0.84322232 0.551274732 -19.5211859363598 ../testing_datasets/H3_epi.csv NeighborSum 20.1
0.0 0.12847313393524049 -3.6939699999999998 0.779412834 0.331578695 -14.864085365921435 ../testing_datasets/H3_epi.csv NeighborSum 20.1
0.0 0.1127075463286803 -4.22694 0.930594875 0.44629499899999997 -24.113887593546046 ../testing_datasets/H3_epi.csv NeighborSum 20.1
0.0 0.13117901895283907 0.17248 0.379967836 0.263618748 -19.073844607017207 ../testing_datasets/H3_epi.csv NeighborSum 20.1
0.0 0.11223163991905834 -2.5862 0.814016394 0.29968727300000003 -25.899125649644837 ../testing_datasets/H3_epi.csv NeighborSum 20.1
0.0 0.1302726708288655 -2.2570099999999997 0.316414832 0.270686036 -14.546270376533862 ../testing_datasets/H3_epi.csv NeighborSum 20.1
0.0 0.11111626418643225 -2.00232 0.9334386459999999 0.314576607 -28.24695187305636 ../testing_datasets/H3_epi.csv NeighborSum 20.1
0.0 0.13082923370457183 0.33482 0.309571582 0.494544545 -21.47548542603216 ../testing_datasets/H3_epi.csv NeighborSum 20.1
0.0 0.11751882214668742 -4.48065 0.879706311 0.39965766 -20.33240332707861 ../testing_datasets/H3_epi.csv NeighborSum 20.1
0.0 0.13578130851287173 -2.32292 0.53804943 0.542396994 -14.659768436558732 ../testing_datasets/H3_epi.csv NeighborSum 20.1
0.0 0.13009901055487458 -2.62324 1.011120086 0.613470917 -19.533735472084246 ../testing_datasets/H3_epi.csv NeighborSum 20.1
0.0 0.1407888875892579 -4.3788800000000005 0.543627628 0.59858662 -8.306932347991644 ../testing_datasets/H3_epi.csv NeighborSum 20.1
0.0 0.13825642230487142 -4.3021 0.9234685020000001 0.665551103 -11.825682369539553 ../testing_datasets/H3_epi.csv NeighborSum 20.1
0.0 0.14256296447980918 -2.28167 0.8827119109999999 0.588455546 -12.636022629910023 ../testing_datasets/H3_epi.csv NeighborSum 20.1
0.0 0.13862235225546385 -0.03752 1.186875898 0.692138169 -21.348777197441514 ../testing_datasets/H3_epi.csv NeighborSum 20.1
0.0 0.14188442077164437 -3.83055 0.442003714 0.627239158 -8.704328882781292 ../testing_datasets/H3_epi.csv NeighborSum 20.1
0.0 0.14698806625686284 -2.5259400000000003 0.120918225 0.543336694 -6.583225340635369 ../testing_datasets/H3_epi.csv NeighborSum 20.1
0.0 0.15001093576372923 0.16462000000000002 0.22126522899999998 0.515838272 -10.404616271950928 ../testing_datasets/H3_epi.csv NeighborSum 20.1
0.0 0.13802081587656131 -1.59538 0.975002954 0.506680765 -16.096630404096246 ../testing_datasets/H3_epi.csv NeighborSum 20.1
0.0 0.13718747085588223 -1.68294 0.657951648 0.593593412 -16.061731153233048 ../testing_datasets/H3_epi.csv NeighborSum 20.1
0.0 0.14343024041562644 -0.04791 0.203960544 0.5201383279999999 -13.598287203642048 ../testing_datasets/H3_epi.csv NeighborSum 20.1
0.0 0.1405371615186081 -2.99001 0.731130699 0.414910062 -10.198095472836174 ../testing_datasets/H3_epi.csv NeighborSum 20.1
0.0 0.1223346628970659 -4.42836 1.3740866790000001 0.265395858 -18.283942483313666 ../testing_datasets/H3_epi.csv NeighborSum 20.1
1.0 0.13565844122713402 -0.8973899999999999 0.575827981 0.638151516 -18.60270450007392 ../testing_datasets/H3_epi.csv NeighborSum 20.1
1.0 0.1282596059311138 -4.93666 0.784631442 0.6978773779999999 -15.892020833363098 ../testing_datasets/H3_epi.csv NeighborSum 20.1
1.0 0.1376507453925357 -1.3856899999999999 0.404721355 0.645221375 -15.980904637281883 ../testing_datasets/H3_epi.csv NeighborSum 20.1
0.0 0.12081868099197363 -1.3856899999999999 0.605313959 0.485598256 -24.531108654971195 ../testing_datasets/H3_epi.csv NeighborSum 20.1
0.0 0.11638224416720136 -3.73593 1.121181829 0.42696645200000005 -23.561280721443982 ../testing_datasets/H3_epi.csv NeighborSum 20.1
1.0 0.13499599225788436 -2.7641400000000003 0.866287947 0.5802373710000001 -15.721942131664752 ../testing_datasets/H3_epi.csv NeighborSum 20.1
1.0 0.13477851250764158 -3.6781099999999998 0.22578184199999998 0.5963068739999999 -11.890261711619974 ../testing_datasets/H3_epi.csv NeighborSum 20.1
0.0 0.12534998607128672 -1.3673600000000001 0.65672676 0.49139689200000003 -22.296227602659513 ../testing_datasets/H3_epi.csv NeighborSum 20.1
1.0 0.13169472295308285 -3.60129 1.183858458 0.473003104 -16.00549327448468 ../testing_datasets/H3_epi.csv NeighborSum 20.1
1.0 0.14947537409820566 -2.4070400000000003 0.617009927 0.6784302320000001 -8.449621799740491 ../testing_datasets/H3_epi.csv NeighborSum 20.1
1.0 0.16014152651212663 0.27874 0.207435725 0.633521178 -6.0654478191176855 ../testing_datasets/H3_epi.csv NeighborSum 20.1
0.0 0.14060653393596548 -1.11469 0.94038325 0.43818284 -14.874274723280548 ../testing_datasets/H3_epi.csv NeighborSum 20.1
1.0 0.15647945980852096 -1.75142 1.022230688 0.534843153 -5.997681664077627 ../testing_datasets/H3_epi.csv NeighborSum 20.1
1.0 0.16277471927027617 -1.72343 0.334850427 0.6382136070000001 -1.0902796795557783 ../testing_datasets/H3_epi.csv NeighborSum 20.1
0.0 0.1584755672175316 -0.40095 0.494418865 0.45108279799999995 -4.957063630277558 ../testing_datasets/H3_epi.csv NeighborSum 20.1
0.0 0.15654680761316347 -1.84978 1.23377934 0.484519631 -6.047936944690295 ../testing_datasets/H3_epi.csv NeighborSum 20.1
1.0 0.17810694193456325 1.5278 0.8621375929999999 0.622449217 -0.8448898718087338 ../testing_datasets/H3_epi.csv NeighborSum 20.1
0.0 0.18089909540585017 -0.30784 0.770149767 0.779557952 3.254352343795362 ../testing_datasets/H3_epi.csv NeighborSum 20.1
1.0 0.18140937575034907 -0.06145 0.858298918 0.743506324 3.0635217938857204 ../testing_datasets/H3_epi.csv NeighborSum 20.1
1.0 0.1753032384997006 0.37206 1.183739322 0.6943847940000001 -1.8831038396471407 ../testing_datasets/H3_epi.csv NeighborSum 20.1
1.0 0.16345463122445153 -0.35841999999999996 1.040113198 0.52869559 -4.936648044312148 ../testing_datasets/H3_epi.csv NeighborSum 20.1
0.0 0.17712282885134065 -1.58404 0.8189936999999999 0.751478612 3.8089082384519295 ../testing_datasets/H3_epi.csv NeighborSum 20.1
0.0 0.13854022180649592 -4.24126 1.058076775 0.53634228 -11.074406113122391 ../testing_datasets/H3_epi.csv NeighborSum 20.1
0.0 0.17819235867952168 2.8491299999999997 1.126303504 0.630731965 -4.457972218814284 ../testing_datasets/H3_epi.csv NeighborSum 20.1
0.0 0.15373239816788156 2.11652 1.033761289 0.26460199100000004 -12.815659582794787 ../testing_datasets/H3_epi.csv NeighborSum 20.1
0.0 0.1294543820311355 -1.02019 0.857445172 0.594190494 -22.38097525899192 ../testing_datasets/H3_epi.csv NeighborSum 20.1
0.0 0.0971148225101938 -2.07897 1.6740213959999999 0.59198064 -41.02480882570155 ../testing_datasets/H3_epi.csv NeighborSum 20.1
0.0 0.13595567717711324 -0.12717 0.9735018520000001 0.5612220720000001 -20.68016789307001 ../testing_datasets/H3_epi.csv NeighborSum 20.1
0.0 0.12775049912888942 -1.49308 1.022611663 0.46018816100000004 -21.723784335637667 ../testing_datasets/H3_epi.csv NeighborSum 20.1
0.0 0.15659563323439318 -0.6406 1.0664444290000001 0.510856713 -8.094865534612195 ../testing_datasets/H3_epi.csv NeighborSum 20.1
0.0 0.1509981435625483 -1.38762 1.044997612 0.561971226 -10.090829521241911 ../testing_datasets/H3_epi.csv NeighborSum 20.1
0.0 0.1720992128253517 -0.21591999999999997 0.79112984 0.576103016 0.00512034201368397 ../testing_datasets/H3_epi.csv NeighborSum 20.1
0.0 0.16792376375522738 -1.3971 0.8603976329999999 0.6405398139999999 -0.7781512996639394 ../testing_datasets/H3_epi.csv NeighborSum 20.1
0.0 0.16881899360938343 1.17292 1.256955553 0.6244870339999999 -6.690028159379843 ../testing_datasets/H3_epi.csv NeighborSum 20.1
0.0 0.14393145186863632 -2.3749599999999997 0.706950877 0.617758974 -11.33986834975786 ../testing_datasets/H3_epi.csv NeighborSum 20.1
0.0 0.14889279928204677 -0.94216 0.7970421679999999 0.524278674 -10.922324750556646 ../testing_datasets/H3_epi.csv NeighborSum 20.1
0.0 0.11714283685147761 -2.8370599999999997 0.973929637 0.302477381 -23.271045271652774 ../testing_datasets/H3_epi.csv NeighborSum 20.1
0.0 0.10149403248872141 -0.054279999999999995 0.6942547309999999 0.28391378300000003 -36.34514446150216 ../testing_datasets/H3_epi.csv NeighborSum 20.1
0.0 0.12275083672831934 -2.36904 0.8917984790000001 0.452496357 -22.200234220958123 ../testing_datasets/H3_epi.csv NeighborSum 20.1
0.0 0.11335708568992564 -4.07135 1.261879668 0.362642951 -24.467353954043542 ../testing_datasets/H3_epi.csv NeighborSum 20.1
0.0 0.06575673970386382 -5.44984 0.8205623940000001 0.350578888 -46.36821740471152 ../testing_datasets/H3_epi.csv NeighborSum 20.1
0.0 0.07860183212465977 -5.64414 1.040108166 0.366364989 -39.79472693195568 ../testing_datasets/H3_epi.csv NeighborSum 20.1
0.0 0.1079319125785575 -3.2017 0.869979244 0.496147205 -29.056713709800835 ../testing_datasets/H3_epi.csv NeighborSum 20.1
0.0 0.07537716500905456 -4.05429 1.179757521 0.453936809 -46.068541858727116 ../testing_datasets/H3_epi.csv NeighborSum 20.1
0.0 0.040737040828477455 -4.4285 0.601591722 0.417836871 -62.104462470957046 ../testing_datasets/H3_epi.csv NeighborSum 20.1
0.0 0.08160930351089718 -4.51222 1.083122381 0.572445626 -42.45428342357197 ../testing_datasets/H3_epi.csv NeighborSum 20.1
0.0 0.10388043617177184 -1.34928 1.006637211 0.520767008 -35.722452620228886 ../testing_datasets/H3_epi.csv NeighborSum 20.1
0.0 0.06043138423349059 -2.1003 0.432581259 0.457231163 -55.63855121226924 ../testing_datasets/H3_epi.csv NeighborSum 20.1
0.0 0.05983128789250605 -2.9068099999999997 0.6119896810000001 0.514592768 -55.51921623450488 ../testing_datasets/H3_epi.csv NeighborSum 20.1
0.0 0.10777842883532558 -1.3563 1.058319156 0.623140719 -34.67978935732713 ../testing_datasets/H3_epi.csv NeighborSum 20.1
0.0 0.09988038552246253 -4.40102 0.667925035 0.502096509 -30.447349484144016 ../testing_datasets/H3_epi.csv NeighborSum 20.1
0.0 0.06165284879584182 -5.025519999999999 0.345201153 0.44505646200000004 -48.67802130753233 ../testing_datasets/H3_epi.csv NeighborSum 20.1
0.0 0.09752769095346936 -2.1089700000000002 1.059536526 0.5651011779999999 -38.311642723190296 ../testing_datasets/H3_epi.csv NeighborSum 20.1
0.0 0.1227601323675137 -1.4231200000000002 0.794924622 0.627676276 -25.36518924257215 ../testing_datasets/H3_epi.csv NeighborSum 20.1
0.0 0.10102654671981809 -3.032 0.70427318 0.509212633 -32.75141325537903 ../testing_datasets/H3_epi.csv NeighborSum 20.1
0.0 0.09232618256510783 -2.54882 0.7509904279999999 0.52069382 -38.80534757978149 ../testing_datasets/H3_epi.csv NeighborSum 20.1
0.0 0.12757389743419492 -1.28902 0.921750244 0.582708906 -23.00444118919376 ../testing_datasets/H3_epi.csv NeighborSum 20.1
0.0 0.1320045399728656 -2.18418 0.731156107 0.5817064510000001 -18.0744774904606 ../testing_datasets/H3_epi.csv NeighborSum 20.1
0.0 0.10532973099512463 -3.592 0.687332561 0.483357597 -28.94930902929559 ../testing_datasets/H3_epi.csv NeighborSum 20.1
0.0 0.12111361875917247 -1.8847099999999999 1.128182407 0.478788404 -25.156825449551427 ../testing_datasets/H3_epi.csv NeighborSum 20.1
0.0 0.14331719328195444 -0.42065 0.6511415110000001 0.577203271 -15.024503745725013 ../testing_datasets/H3_epi.csv NeighborSum 20.1
0.0 0.13585087703238485 -1.87732 1.092719543 0.530808179 -17.371924718457368 ../testing_datasets/H3_epi.csv NeighborSum 20.1
0.0 0.11662235368715203 -4.76208 1.0124646659999998 0.48924798399999997 -21.56176076122419 ../testing_datasets/H3_epi.csv NeighborSum 20.1
0.0 0.13171167297267514 -3.6391699999999996 1.0158724959999998 0.486675686 -15.451446032979593 ../testing_datasets/H3_epi.csv NeighborSum 20.1
0.0 0.14069783313540296 -2.12472 0.711453749 0.6092385379999999 -13.56790515392339 ../testing_datasets/H3_epi.csv NeighborSum 20.1
0.0 0.12687002305879802 -0.5032 1.115958164 0.552529795 -25.37808549979025 ../testing_datasets/H3_epi.csv NeighborSum 20.1
0.0 0.11984141623969141 -0.50472 0.8231434940000001 0.499347124 -27.735964321034967 ../testing_datasets/H3_epi.csv NeighborSum 20.1
0.0 0.13124094784085213 -2.2966599999999997 1.4515260669999999 0.498846942 -20.057988477179666 ../testing_datasets/H3_epi.csv NeighborSum 20.1
0.0 0.13366078957067304 -0.7033699999999999 1.3122992070000001 0.601511063 -22.36709053336168 ../testing_datasets/H3_epi.csv NeighborSum 20.1
0.0 0.10602524626007831 -3.93135 0.912711905 0.559678794 -29.38725013029114 ../testing_datasets/H3_epi.csv NeighborSum 20.1
0.0 0.1159500389335454 -1.36362 1.516847775 0.467353666 -30.329331441510742 ../testing_datasets/H3_epi.csv NeighborSum 20.1
0.0 0.11947632902299633 -2.29501 0.97506998 0.523631199 -25.11215318315373 ../testing_datasets/H3_epi.csv NeighborSum 20.1
0.0 0.10044583587274884 -7.1730100000000006 0.620981734 0.596002585 -25.279543550590773 ../testing_datasets/H3_epi.csv NeighborSum 20.1
0.0 0.09821017261747532 -2.66975 0.657617848 0.561989307 -35.35781567496189 ../testing_datasets/H3_epi.csv NeighborSum 20.1
0.0 0.10749781730043337 -4.08281 1.255474233 0.5785813710000001 -29.657430738576757 ../testing_datasets/H3_epi.csv NeighborSum 20.1
0.0 0.11243963427393505 -1.61904 1.196279444 0.633402618 -32.15745404306621 ../testing_datasets/H3_epi.csv NeighborSum 20.1
0.0 0.09285021201999397 -1.1492799999999999 0.607995014 0.62046461 -41.735058519033586 ../testing_datasets/H3_epi.csv NeighborSum 20.1
0.0 0.09598751915052933 -2.8942099999999997 0.550428197 0.62308481 -36.322208068334724 ../testing_datasets/H3_epi.csv NeighborSum 20.1
0.0 0.10633026547374502 -3.0901099999999997 1.184196075 0.628628715 -32.50265942709973 ../testing_datasets/H3_epi.csv NeighborSum 20.1
0.0 0.09662621271711078 -3.6308599999999998 1.096636703 0.579115295 -36.02103979623294 ../testing_datasets/H3_epi.csv NeighborSum 20.1
0.0 0.08700729963331871 -3.43745 0.40894099700000003 0.49040095100000003 -38.47619556608658 ../testing_datasets/H3_epi.csv NeighborSum 20.1
0.0 0.10976944964540336 -1.8659700000000001 0.7294752990000001 0.5610781770000001 -30.8189071392081 ../testing_datasets/H3_epi.csv NeighborSum 20.1
0.0 0.1062456445949426 -3.18398 1.268900122 0.547594981 -31.913196202757977 ../testing_datasets/H3_epi.csv NeighborSum 20.1
0.0 0.10311957811359504 -1.5293700000000001 0.702256702 0.475597705 -34.287400543153474 ../testing_datasets/H3_epi.csv NeighborSum 20.1
0.0 0.10859777013641114 -2.68237 0.87665334 0.38987730200000004 -28.771614200583475 ../testing_datasets/H3_epi.csv NeighborSum 20.1
0.0 0.12440166702101821 -0.8983700000000001 1.150906151 0.576558036 -26.29749103310493 ../testing_datasets/H3_epi.csv NeighborSum 20.1
0.0 0.10916964879788901 -6.13207 0.975306772 0.573996533 -23.59056748411913 ../testing_datasets/H3_epi.csv NeighborSum 20.1
0.0 0.13644871503488146 4.6192 0.923744322 0.564587385 -29.77495657881002 ../testing_datasets/H3_epi.csv NeighborSum 20.1
0.0 0.1448152815695765 2.55398 0.83649241 0.578914009 -20.829673240715117 ../testing_datasets/H3_epi.csv NeighborSum 20.1
0.0 0.1291615199847935 -4.14995 1.09437991 0.616478169 -17.31526666574464 ../testing_datasets/H3_epi.csv NeighborSum 20.1
0.0 0.11977369001404431 -2.19097 0.708683209 0.542083741 -24.382997674861972 ../testing_datasets/H3_epi.csv NeighborSum 20.1
0.0 0.1173439027846987 -5.79459 0.593224647 0.405185866 -16.832128520434026 ../testing_datasets/H3_epi.csv NeighborSum 20.1
0.0 0.10395258965347534 -4.53995 0.857243788 0.386004991 -27.514383442217692 ../testing_datasets/H3_epi.csv NeighborSum 20.1
0.0 0.12459022790334119 0.16827999999999999 0.31878471 0.39402143 -23.69838940991638 ../testing_datasets/H3_epi.csv NeighborSum 20.1
0.0 0.10990331357874124 -2.32023 0.760981142 0.47028355299999997 -29.107712153443547 ../testing_datasets/H3_epi.csv NeighborSum 20.1
0.0 0.12747070820084955 -2.2563 0.207246088 0.43954813299999995 -17.270461153322046 ../testing_datasets/H3_epi.csv NeighborSum 20.1
0.0 0.10552963855036362 -2.2328099999999997 0.7796054790000001 0.356394544 -30.717416208014704 ../testing_datasets/H3_epi.csv NeighborSum 20.1
0.0 0.11937475226001229 -0.75188 0.25258880100000003 0.494922401 -25.43713590932334 ../testing_datasets/H3_epi.csv NeighborSum 20.1
0.0 0.10496965050373132 -5.11908 0.707217285 0.393116784 -25.325210248380323 ../testing_datasets/H3_epi.csv NeighborSum 20.1
0.0 0.12497258231398961 -2.29067 0.204689558 0.576523853 -19.839434435608222 ../testing_datasets/H3_epi.csv NeighborSum 20.1
0.0 0.1199562912675916 -3.45165 1.04134297 0.613146999 -23.58962514665079 ../testing_datasets/H3_epi.csv NeighborSum 20.1
0.0 0.13493753820381052 -4.3838099999999995 0.5950591829999999 0.599408462 -11.724459800802801 ../testing_datasets/H3_epi.csv NeighborSum 20.1
0.0 0.13494081910486855 -4.15693 0.9317708579999999 0.663809216 -13.964541034671605 ../testing_datasets/H3_epi.csv NeighborSum 20.1
0.0 0.14270763185501537 -1.35755 0.872256556 0.585972665 -14.348158124532857 ../testing_datasets/H3_epi.csv NeighborSum 20.1
0.0 0.13326177902572287 -0.06909 1.212739305 0.693745535 -24.35805060671626 ../testing_datasets/H3_epi.csv NeighborSum 20.1
0.0 0.13762836292212527 -4.8783199999999995 0.42695745700000004 0.612784647 -8.772577101770194 ../testing_datasets/H3_epi.csv NeighborSum 20.1
0.0 0.14381511293948307 -2.0211799999999998 0.092517369 0.545602612 -9.270854955964628 ../testing_datasets/H3_epi.csv NeighborSum 20.1
0.0 0.14830604631114339 0.2355 0.26160591899999996 0.50286835 -11.513155128259312 ../testing_datasets/H3_epi.csv NeighborSum 20.1
0.0 0.13472284531699952 -1.6179299999999999 1.0051793470000001 0.509836592 -18.012279192656052 ../testing_datasets/H3_epi.csv NeighborSum 20.1
0.0 0.1289221647585303 -2.75668 0.6551623329999999 0.593028137 -18.467966503928057 ../testing_datasets/H3_epi.csv NeighborSum 20.1
0.0 0.14116559406589083 -0.30834 0.205533792 0.543879921 -14.554169464017054 ../testing_datasets/H3_epi.csv NeighborSum 20.1
0.0 0.13927441824289366 -2.8317099999999997 0.7570787259999999 0.449719174 -11.62734803793894 ../testing_datasets/H3_epi.csv NeighborSum 20.1
0.0 0.11788562073655326 -3.9247099999999997 1.355263093 0.301185355 -22.018864719520757 ../testing_datasets/H3_epi.csv NeighborSum 20.1
1.0 0.13388211153345123 -1.33679 0.48403432799999996 0.693856464 -18.894112548965968 ../testing_datasets/H3_epi.csv NeighborSum 20.1
