0.0 0.16506695616812558 -6.935718673492189 -6.935718673492189 ../testing_datasets/H3_epi.csv NeighborSum 20.1
0.0 0.15656734966327152 -6.331527976495902 -6.331527976495902 ../testing_datasets/H3_epi.csv NeighborSum 20.1
0.0 0.1523060712345015 -9.386625302663953 -9.386625302663953 ../testing_datasets/H3_epi.csv NeighborSum 20.1
0.0 0.13652201441781092 -14.864841760879033 -14.864841760879033 ../testing_datasets/H3_epi.csv NeighborSum 20.1
0.0 0.1331444665186569 -15.904830421644405 -15.904830421644405 ../testing_datasets/H3_epi.csv NeighborSum 20.1
0.0 0.1349457529292446 -12.023728264581782 -12.023728264581782 ../testing_datasets/H3_epi.csv NeighborSum 20.1
0.0 0.12934806940839116 -21.19867491088073 -21.19867491088073 ../testing_datasets/H3_epi.csv NeighborSum 20.1
0.0 0.10621448607820383 -28.94052436952341 -28.94052436952341 ../testing_datasets/H3_epi.csv NeighborSum 20.1
0.0 0.11588163041017076 -25.39660464628062 -25.39660464628062 ../testing_datasets/H3_epi.csv NeighborSum 20.1
0.0 0.13066943374010412 -21.51535247821539 -21.51535247821539 ../testing_datasets/H3_epi.csv NeighborSum 20.1
0.0 0.10875509546052803 -31.46132310157915 -31.46132310157915 ../testing_datasets/H3_epi.csv NeighborSum 20.1
0.0 0.0923051468123644 -34.68806397352732 -34.68806397352732 ../testing_datasets/H3_epi.csv NeighborSum 20.1
0.0 0.11307950296590993 -24.884711455654102 -24.884711455654102 ../testing_datasets/H3_epi.csv NeighborSum 20.1
0.0 0.12310643163992845 -26.45547900950197 -26.45547900950197 ../testing_datasets/H3_epi.csv NeighborSum 20.1
0.0 0.09669724184866443 -36.578070638138755 -36.578070638138755 ../testing_datasets/H3_epi.csv NeighborSum 20.1
0.0 0.10497470519076071 -31.492597361838705 -31.492597361838705 ../testing_datasets/H3_epi.csv NeighborSum 20.1
0.0 0.12830812512054385 -24.84857402463908 -24.84857402463908 ../testing_datasets/H3_epi.csv NeighborSum 20.1
0.0 0.11850290552761975 -27.744871845938984 -27.744871845938984 ../testing_datasets/H3_epi.csv NeighborSum 20.1
0.0 0.09204494099620264 -37.01916712383576 -37.01916712383576 ../testing_datasets/H3_epi.csv NeighborSum 20.1
0.0 0.11701136039901694 -26.821624335855105 -26.821624335855105 ../testing_datasets/H3_epi.csv NeighborSum 20.1
0.0 0.12875885062320505 -21.538458075277955 -21.538458075277955 ../testing_datasets/H3_epi.csv NeighborSum 20.1
0.0 0.09988825204970571 -32.8428380439569 -32.8428380439569 ../testing_datasets/H3_epi.csv NeighborSum 20.1
0.0 0.09336403738152729 -35.28631090791111 -35.28631090791111 ../testing_datasets/H3_epi.csv NeighborSum 20.1
0.0 0.12750858803202578 -24.453196475536405 -24.453196475536405 ../testing_datasets/H3_epi.csv NeighborSum 20.1
0.0 0.1167503956926404 -28.75237322266367 -28.75237322266367 ../testing_datasets/H3_epi.csv NeighborSum 20.1
0.0 0.08215117548950349 -42.89868810001861 -42.89868810001861 ../testing_datasets/H3_epi.csv NeighborSum 20.1
0.0 0.10539069399859918 -30.32313704107265 -30.32313704107265 ../testing_datasets/H3_epi.csv NeighborSum 20.1
0.0 0.12472504439079314 -24.74399311314384 -24.74399311314384 ../testing_datasets/H3_epi.csv NeighborSum 20.1
0.0 0.09376511884646996 -40.29709458760835 -40.29709458760835 ../testing_datasets/H3_epi.csv NeighborSum 20.1
0.0 0.08411149147983182 -42.86421550117382 -42.86421550117382 ../testing_datasets/H3_epi.csv NeighborSum 20.1
0.0 0.12031586023482482 -27.31460520829029 -27.31460520829029 ../testing_datasets/H3_epi.csv NeighborSum 20.1
0.0 0.11032695295726774 -28.78258528744483 -28.78258528744483 ../testing_datasets/H3_epi.csv NeighborSum 20.1
0.0 0.07704148817110108 -47.9113484518394 -47.9113484518394 ../testing_datasets/H3_epi.csv NeighborSum 20.1
0.0 0.08734392750747075 -38.376586706338 -38.376586706338 ../testing_datasets/H3_epi.csv NeighborSum 20.1
0.0 0.10939292800436765 -36.747940209024804 -36.747940209024804 ../testing_datasets/H3_epi.csv NeighborSum 20.1
0.0 0.08642830100048696 -43.71424360470959 -43.71424360470959 ../testing_datasets/H3_epi.csv NeighborSum 20.1
0.0 0.05834386325348176 -52.40732537938241 -52.40732537938241 ../testing_datasets/H3_epi.csv NeighborSum 20.1
0.0 0.08895928939946897 -44.30158494450698 -44.30158494450698 ../testing_datasets/H3_epi.csv NeighborSum 20.1
0.0 0.0865929051751434 -37.84224737270521 -37.84224737270521 ../testing_datasets/H3_epi.csv NeighborSum 20.1
0.0 0.04340200767252629 -59.91692591115454 -59.91692591115454 ../testing_datasets/H3_epi.csv NeighborSum 20.1
0.0 0.05707367359385182 -58.67832174298806 -58.67832174298806 ../testing_datasets/H3_epi.csv NeighborSum 20.1
0.0 0.08767752763170766 -40.48099089769511 -40.48099089769511 ../testing_datasets/H3_epi.csv NeighborSum 20.1
0.0 0.05101363704526296 -57.88487914396651 -57.88487914396651 ../testing_datasets/H3_epi.csv NeighborSum 20.1
0.0 0.01638671416158541 -75.2778889493596 -75.2778889493596 ../testing_datasets/H3_epi.csv NeighborSum 20.1
0.0 0.052971820109511264 -58.98020362324577 -58.98020362324577 ../testing_datasets/H3_epi.csv NeighborSum 20.1
0.0 0.05629885863258802 -52.43912012241833 -52.43912012241833 ../testing_datasets/H3_epi.csv NeighborSum 20.1
0.0 0.01507699031571999 -79.76870870379975 -79.76870870379975 ../testing_datasets/H3_epi.csv NeighborSum 20.1
0.0 0.011763621557733112 -79.41497656075492 -79.41497656075492 ../testing_datasets/H3_epi.csv NeighborSum 20.1
0.0 0.05336124348475474 -61.25235148182156 -61.25235148182156 ../testing_datasets/H3_epi.csv NeighborSum 20.1
0.0 0.029975488637808995 -70.80440546698996 -70.80440546698996 ../testing_datasets/H3_epi.csv NeighborSum 20.1
0.0 -0.01827954547646879 -94.62353917495481 -94.62353917495481 ../testing_datasets/H3_epi.csv NeighborSum 20.1
0.0 0.012947892579211862 -80.4489770885696 -80.4489770885696 ../testing_datasets/H3_epi.csv NeighborSum 20.1
0.0 0.03799708912739953 -68.31964822390673 -68.31964822390673 ../testing_datasets/H3_epi.csv NeighborSum 20.1
0.0 -0.018969271804336663 -95.09579418989593 -95.09579418989593 ../testing_datasets/H3_epi.csv NeighborSum 20.1
0.0 -0.02979510537991356 -104.36563274229935 -104.36563274229935 ../testing_datasets/H3_epi.csv NeighborSum 20.1
0.0 0.029048477225203484 -72.39383406886614 -72.39383406886614 ../testing_datasets/H3_epi.csv NeighborSum 20.1
0.0 0.021657165408112133 -72.75664728157933 -72.75664728157933 ../testing_datasets/H3_epi.csv NeighborSum 20.1
0.0 -0.03747077182095079 -103.14945224609808 -103.14945224609808 ../testing_datasets/H3_epi.csv NeighborSum 20.1
0.0 -0.002428136541820891 -85.11159258263277 -85.11159258263277 ../testing_datasets/H3_epi.csv NeighborSum 20.1
0.0 0.048757169340283055 -62.959710179153525 -62.959710179153525 ../testing_datasets/H3_epi.csv NeighborSum 20.1
0.0 0.029060197540411586 -71.54219744300866 -71.54219744300866 ../testing_datasets/H3_epi.csv NeighborSum 20.1
0.0 0.002421413907036818 -79.53548700634829 -79.53548700634829 ../testing_datasets/H3_epi.csv NeighborSum 20.1
0.0 0.06341152808811021 -52.823335891016264 -52.823335891016264 ../testing_datasets/H3_epi.csv NeighborSum 20.1
0.0 0.08420706065971371 -43.03705676042252 -43.03705676042252 ../testing_datasets/H3_epi.csv NeighborSum 20.1
0.0 0.07538962655401413 -48.16994838917457 -48.16994838917457 ../testing_datasets/H3_epi.csv NeighborSum 20.1
0.0 0.11219603315881381 -31.41325032703792 -31.41325032703792 ../testing_datasets/H3_epi.csv NeighborSum 20.1
0.0 0.059214117663303534 -62.19119605406047 -62.19119605406047 ../testing_datasets/H3_epi.csv NeighborSum 20.1
0.0 0.04172243001685476 -66.90630270405838 -66.90630270405838 ../testing_datasets/H3_epi.csv NeighborSum 20.1
0.0 0.0887318427871795 -34.33056734568111 -34.33056734568111 ../testing_datasets/H3_epi.csv NeighborSum 20.1
0.0 0.06769294241034716 -49.14914869700191 -49.14914869700191 ../testing_datasets/H3_epi.csv NeighborSum 20.1
0.0 0.1209316402402607 -24.94843517038296 -24.94843517038296 ../testing_datasets/H3_epi.csv NeighborSum 20.1
0.0 0.11303966700408952 -31.89652604846886 -31.89652604846886 ../testing_datasets/H3_epi.csv NeighborSum 20.1
0.0 0.128988746104437 -24.589114064880096 -24.589114064880096 ../testing_datasets/H3_epi.csv NeighborSum 20.1
0.0 0.08740244499125072 -45.514428232169045 -45.514428232169045 ../testing_datasets/H3_epi.csv NeighborSum 20.1
0.0 0.049326156037081986 -61.306607697310426 -61.306607697310426 ../testing_datasets/H3_epi.csv NeighborSum 20.1
0.0 0.09946214658263261 -38.44631570666321 -38.44631570666321 ../testing_datasets/H3_epi.csv NeighborSum 20.1
0.0 0.08855671002505376 -44.119142983114656 -44.119142983114656 ../testing_datasets/H3_epi.csv NeighborSum 20.1
0.0 0.016927295010477322 -76.03905278720903 -76.03905278720903 ../testing_datasets/H3_epi.csv NeighborSum 20.1
0.0 0.05358519192785083 -59.19620942904008 -59.19620942904008 ../testing_datasets/H3_epi.csv NeighborSum 20.1
0.0 0.09877672579345982 -35.780786745475815 -35.780786745475815 ../testing_datasets/H3_epi.csv NeighborSum 20.1
0.0 0.04678989584248869 -60.950214361020784 -60.950214361020784 ../testing_datasets/H3_epi.csv NeighborSum 20.1
0.0 0.022094081873432647 -78.33962170500301 -78.33962170500301 ../testing_datasets/H3_epi.csv NeighborSum 20.1
0.0 0.09363991203401222 -38.78722189935944 -38.78722189935944 ../testing_datasets/H3_epi.csv NeighborSum 20.1
0.0 0.10273985845508612 -35.406044001489406 -35.406044001489406 ../testing_datasets/H3_epi.csv NeighborSum 20.1
0.0 0.05447875665867803 -61.99193946975081 -61.99193946975081 ../testing_datasets/H3_epi.csv NeighborSum 20.1
0.0 0.08919849509813157 -36.844515313886134 -36.844515313886134 ../testing_datasets/H3_epi.csv NeighborSum 20.1
0.0 0.13833721806821964 -18.83396348965651 -18.83396348965651 ../testing_datasets/H3_epi.csv NeighborSum 20.1
0.0 0.10986533587413772 -29.310840215651417 -29.310840215651417 ../testing_datasets/H3_epi.csv NeighborSum 20.1
0.0 0.08595255741124448 -43.469307815551495 -43.469307815551495 ../testing_datasets/H3_epi.csv NeighborSum 20.1
0.0 0.12875074144733464 -21.89711315900561 -21.89711315900561 ../testing_datasets/H3_epi.csv NeighborSum 20.1
0.0 0.1516332074904002 -3.1145132343628608 -3.1145132343628608 ../testing_datasets/H3_epi.csv NeighborSum 20.1
0.0 0.17104228508532218 -0.6383135758761672 -0.6383135758761672 ../testing_datasets/H3_epi.csv NeighborSum 20.1
0.0 0.17442820460652092 -2.9451722174038197 -2.9451722174038197 ../testing_datasets/H3_epi.csv NeighborSum 20.1
0.0 0.1916378972701437 3.6522803847687837 3.6522803847687837 ../testing_datasets/H3_epi.csv NeighborSum 20.1
0.0 0.1832629311683997 2.0848809105035992 2.0848809105035992 ../testing_datasets/H3_epi.csv NeighborSum 20.1
0.0 0.14315348523300372 -10.883174038649278 -10.883174038649278 ../testing_datasets/H3_epi.csv NeighborSum 20.1
0.0 0.1548537989577373 -8.341063973099622 -8.341063973099622 ../testing_datasets/H3_epi.csv NeighborSum 20.1
0.0 0.12196048198622365 -16.030023625937975 -16.030023625937975 ../testing_datasets/H3_epi.csv NeighborSum 20.1
0.0 0.14975898852452763 -6.777614713801334 -6.777614713801334 ../testing_datasets/H3_epi.csv NeighborSum 20.1
0.0 0.1031370200694117 -34.49206006147729 -34.49206006147729 ../testing_datasets/H3_epi.csv NeighborSum 20.1
0.0 0.12812100788859604 -22.227637501900567 -22.227637501900567 ../testing_datasets/H3_epi.csv NeighborSum 20.1
0.0 0.1061624171629085 -34.79980206533241 -34.79980206533241 ../testing_datasets/H3_epi.csv NeighborSum 20.1
0.0 0.10094511032491948 -30.0519267429606 -30.0519267429606 ../testing_datasets/H3_epi.csv NeighborSum 20.1
0.0 0.0986495749083883 -39.35448759036829 -39.35448759036829 ../testing_datasets/H3_epi.csv NeighborSum 20.1
0.0 0.13414849966331963 -12.459816606253383 -12.459816606253383 ../testing_datasets/H3_epi.csv NeighborSum 20.1
0.0 0.15005147618188813 -8.860529911028948 -8.860529911028948 ../testing_datasets/H3_epi.csv NeighborSum 20.1
0.0 0.14863403962434293 -11.295219212461255 -11.295219212461255 ../testing_datasets/H3_epi.csv NeighborSum 20.1
0.0 0.121012629353385 -25.87356348003722 -25.87356348003722 ../testing_datasets/H3_epi.csv NeighborSum 20.1
0.0 0.11741583576672585 -29.096451324176982 -29.096451324176982 ../testing_datasets/H3_epi.csv NeighborSum 20.1
0.0 0.1416182442989106 -16.24970647621237 -16.24970647621237 ../testing_datasets/H3_epi.csv NeighborSum 20.1
0.0 0.11879300417249447 -26.49034854065775 -26.49034854065775 ../testing_datasets/H3_epi.csv NeighborSum 20.1
0.0 0.08779903275703876 -44.78260596305543 -44.78260596305543 ../testing_datasets/H3_epi.csv NeighborSum 20.1
0.0 0.13675634267102674 -23.409670210207086 -23.409670210207086 ../testing_datasets/H3_epi.csv NeighborSum 20.1
0.0 0.15937605263966653 -6.928614613532741 -6.928614613532741 ../testing_datasets/H3_epi.csv NeighborSum 20.1
0.0 0.15775701863001654 -7.332363710646133 -7.332363710646133 ../testing_datasets/H3_epi.csv NeighborSum 20.1
0.0 0.15721171641029333 -8.400400672432662 -8.400400672432662 ../testing_datasets/H3_epi.csv NeighborSum 20.1
0.0 0.14106489690149177 -13.177007885877877 -13.177007885877877 ../testing_datasets/H3_epi.csv NeighborSum 20.1
0.0 0.12875689077579705 -15.668332838317484 -15.668332838317484 ../testing_datasets/H3_epi.csv NeighborSum 20.1
0.0 0.1349933525493517 -13.53001096765664 -13.53001096765664 ../testing_datasets/H3_epi.csv NeighborSum 20.1
0.0 0.13338815117179853 -19.154154466320826 -19.154154466320826 ../testing_datasets/H3_epi.csv NeighborSum 20.1
0.0 0.1068991223379767 -28.09450065616564 -28.09450065616564 ../testing_datasets/H3_epi.csv NeighborSum 20.1
0.0 0.1156374182329748 -26.626065874316353 -26.626065874316353 ../testing_datasets/H3_epi.csv NeighborSum 20.1
0.0 0.12969552763882258 -22.025226475034685 -22.025226475034685 ../testing_datasets/H3_epi.csv NeighborSum 20.1
0.0 0.11033864789136315 -30.12529571104159 -30.12529571104159 ../testing_datasets/H3_epi.csv NeighborSum 20.1
0.0 0.09160949448853724 -34.32606831871958 -34.32606831871958 ../testing_datasets/H3_epi.csv NeighborSum 20.1
0.0 0.11441297882430357 -24.963576543109326 -24.963576543109326 ../testing_datasets/H3_epi.csv NeighborSum 20.1
0.0 0.12272337176332729 -25.855316863034354 -25.855316863034354 ../testing_datasets/H3_epi.csv NeighborSum 20.1
0.0 0.09412061692790388 -35.91473474856658 -35.91473474856658 ../testing_datasets/H3_epi.csv NeighborSum 20.1
0.0 0.10577591022158199 -31.3266471911934 -31.3266471911934 ../testing_datasets/H3_epi.csv NeighborSum 20.1
0.0 0.13054730095378064 -23.963190621553302 -23.963190621553302 ../testing_datasets/H3_epi.csv NeighborSum 20.1
0.0 0.1143383507804964 -28.916225888606768 -28.916225888606768 ../testing_datasets/H3_epi.csv NeighborSum 20.1
0.0 0.08999265032568073 -37.559777706808816 -37.559777706808816 ../testing_datasets/H3_epi.csv NeighborSum 20.1
0.0 0.1183871260875615 -27.43977784738437 -27.43977784738437 ../testing_datasets/H3_epi.csv NeighborSum 20.1
0.0 0.12527911650990584 -23.352446373035608 -23.352446373035608 ../testing_datasets/H3_epi.csv NeighborSum 20.1
0.0 0.09408457293993479 -36.97846774468033 -36.97846774468033 ../testing_datasets/H3_epi.csv NeighborSum 20.1
0.0 0.09401165953552346 -36.8042068248875 -36.8042068248875 ../testing_datasets/H3_epi.csv NeighborSum 20.1
0.0 0.12575752095827264 -27.487037097171594 -27.487037097171594 ../testing_datasets/H3_epi.csv NeighborSum 20.1
0.0 0.10723673475017349 -32.11388953571617 -32.11388953571617 ../testing_datasets/H3_epi.csv NeighborSum 20.1
0.0 0.07691421297346987 -44.370865308491936 -44.370865308491936 ../testing_datasets/H3_epi.csv NeighborSum 20.1
0.0 0.10567312022704622 -31.320643924828424 -31.320643924828424 ../testing_datasets/H3_epi.csv NeighborSum 20.1
0.0 0.11697537583785254 -26.51753976831309 -26.51753976831309 ../testing_datasets/H3_epi.csv NeighborSum 20.1
0.0 0.08521528033767337 -39.838757771871286 -39.838757771871286 ../testing_datasets/H3_epi.csv NeighborSum 20.1
0.0 0.082098964414515 -41.90777610442015 -41.90777610442015 ../testing_datasets/H3_epi.csv NeighborSum 20.1
0.0 0.1167203627678026 -28.567529313551297 -28.567529313551297 ../testing_datasets/H3_epi.csv NeighborSum 20.1
0.0 0.10163253123078832 -31.116611822119758 -31.116611822119758 ../testing_datasets/H3_epi.csv NeighborSum 20.1
0.0 0.07211476446563375 -48.77503220598556 -48.77503220598556 ../testing_datasets/H3_epi.csv NeighborSum 20.1
0.0 0.09145857785492036 -39.40785766915869 -39.40785766915869 ../testing_datasets/H3_epi.csv NeighborSum 20.1
0.0 0.10850437360254717 -36.55293249591887 -36.55293249591887 ../testing_datasets/H3_epi.csv NeighborSum 20.1
0.0 0.08184394092022516 -50.25972736240758 -50.25972736240758 ../testing_datasets/H3_epi.csv NeighborSum 20.1
0.0 0.060776983484285424 -51.93630686389531 -51.93630686389531 ../testing_datasets/H3_epi.csv NeighborSum 20.1
0.0 0.0907487365618028 -41.62578119278178 -41.62578119278178 ../testing_datasets/H3_epi.csv NeighborSum 20.1
0.0 0.07951144896682186 -42.91348175788532 -42.91348175788532 ../testing_datasets/H3_epi.csv NeighborSum 20.1
0.0 0.03786317111429305 -62.48960728341409 -62.48960728341409 ../testing_datasets/H3_epi.csv NeighborSum 20.1
0.0 0.06539458374735706 -54.86159402877304 -54.86159402877304 ../testing_datasets/H3_epi.csv NeighborSum 20.1
0.0 0.08707833539663357 -41.48816741221789 -41.48816741221789 ../testing_datasets/H3_epi.csv NeighborSum 20.1
0.0 0.045232100731091934 -62.251268968052294 -62.251268968052294 ../testing_datasets/H3_epi.csv NeighborSum 20.1
0.0 0.017658502460922487 -74.6981876471772 -74.6981876471772 ../testing_datasets/H3_epi.csv NeighborSum 20.1
0.0 0.05753669928806393 -58.11545458990508 -58.11545458990508 ../testing_datasets/H3_epi.csv NeighborSum 20.1
0.0 0.05121177703175875 -54.01248636849684 -54.01248636849684 ../testing_datasets/H3_epi.csv NeighborSum 20.1
0.0 0.00978717514630506 -82.16053714817248 -82.16053714817248 ../testing_datasets/H3_epi.csv NeighborSum 20.1
0.0 0.01480456473030714 -79.99814628504632 -79.99814628504632 ../testing_datasets/H3_epi.csv NeighborSum 20.1
0.0 0.04941396737800871 -63.19385550873117 -63.19385550873117 ../testing_datasets/H3_epi.csv NeighborSum 20.1
0.0 0.02536684943292189 -72.2860924479412 -72.2860924479412 ../testing_datasets/H3_epi.csv NeighborSum 20.1
0.0 -0.021200355828029788 -96.14371160530341 -96.14371160530341 ../testing_datasets/H3_epi.csv NeighborSum 20.1
0.0 0.007244440578024036 -83.49475139968297 -83.49475139968297 ../testing_datasets/H3_epi.csv NeighborSum 20.1
0.0 0.034600779174345675 -70.15097600171573 -70.15097600171573 ../testing_datasets/H3_epi.csv NeighborSum 20.1
0.0 -0.016460482052320258 -95.68178347556035 -95.68178347556035 ../testing_datasets/H3_epi.csv NeighborSum 20.1
0.0 -0.03321028855519079 -105.57987771526977 -105.57987771526977 ../testing_datasets/H3_epi.csv NeighborSum 20.1
0.0 0.02247120730102689 -75.3979806306784 -75.3979806306784 ../testing_datasets/H3_epi.csv NeighborSum 20.1
0.0 0.019323729565530162 -73.3254778220877 -73.3254778220877 ../testing_datasets/H3_epi.csv NeighborSum 20.1
0.0 -0.03785994670242257 -104.32532416424137 -104.32532416424137 ../testing_datasets/H3_epi.csv NeighborSum 20.1
0.0 3.8512301415855044e-05 -84.58382491537594 -84.58382491537594 ../testing_datasets/H3_epi.csv NeighborSum 20.1
0.0 0.04875331475790698 -61.20807451435808 -61.20807451435808 ../testing_datasets/H3_epi.csv NeighborSum 20.1
0.0 0.03905683757043954 -68.31515595122238 -68.31515595122238 ../testing_datasets/H3_epi.csv NeighborSum 20.1
0.0 0.005076171726862061 -78.06448106605319 -78.06448106605319 ../testing_datasets/H3_epi.csv NeighborSum 20.1
0.0 0.06943365473316987 -52.067954887844074 -52.067954887844074 ../testing_datasets/H3_epi.csv NeighborSum 20.1
0.0 0.09394360342162027 -38.10226786141432 -38.10226786141432 ../testing_datasets/H3_epi.csv NeighborSum 20.1
0.0 0.08552766942714399 -46.37280637518037 -46.37280637518037 ../testing_datasets/H3_epi.csv NeighborSum 20.1
0.0 0.11850325238400383 -27.679189532972405 -27.679189532972405 ../testing_datasets/H3_epi.csv NeighborSum 20.1
0.0 0.05121876877843963 -63.46405512701952 -63.46405512701952 ../testing_datasets/H3_epi.csv NeighborSum 20.1
0.0 0.037114202107852254 -67.56511715372787 -67.56511715372787 ../testing_datasets/H3_epi.csv NeighborSum 20.1
0.0 0.10032847153255586 -35.307689815203496 -35.307689815203496 ../testing_datasets/H3_epi.csv NeighborSum 20.1
0.0 0.07033570844871191 -47.9778228278347 -47.9778228278347 ../testing_datasets/H3_epi.csv NeighborSum 20.1
0.0 0.11979688685743559 -24.800152254241098 -24.800152254241098 ../testing_datasets/H3_epi.csv NeighborSum 20.1
0.0 0.09643605432498441 -35.99400358847799 -35.99400358847799 ../testing_datasets/H3_epi.csv NeighborSum 20.1
0.0 0.11953541407632967 -27.949317644435943 -27.949317644435943 ../testing_datasets/H3_epi.csv NeighborSum 20.1
0.0 0.0719899411521458 -51.04710756871186 -51.04710756871186 ../testing_datasets/H3_epi.csv NeighborSum 20.1
0.0 0.050763521741113926 -59.12651053482476 -59.12651053482476 ../testing_datasets/H3_epi.csv NeighborSum 20.1
0.0 0.09743156969974254 -40.66789035627279 -40.66789035627279 ../testing_datasets/H3_epi.csv NeighborSum 20.1
0.0 0.08144879130569403 -47.27597805168773 -47.27597805168773 ../testing_datasets/H3_epi.csv NeighborSum 20.1
0.0 0.014145513733759024 -77.82577005568083 -77.82577005568083 ../testing_datasets/H3_epi.csv NeighborSum 20.1
0.0 0.05137461871596745 -60.574040558994184 -60.574040558994184 ../testing_datasets/H3_epi.csv NeighborSum 20.1
0.0 0.08723614052276238 -40.33503199056689 -40.33503199056689 ../testing_datasets/H3_epi.csv NeighborSum 20.1
0.0 0.043291996861404905 -63.270874197643266 -63.270874197643266 ../testing_datasets/H3_epi.csv NeighborSum 20.1
0.0 0.021532328242764243 -79.18685352475303 -79.18685352475303 ../testing_datasets/H3_epi.csv NeighborSum 20.1
0.0 0.08093453531193824 -47.04903873122425 -47.04903873122425 ../testing_datasets/H3_epi.csv NeighborSum 20.1
0.0 0.09620711666946676 -39.36300279879289 -39.36300279879289 ../testing_datasets/H3_epi.csv NeighborSum 20.1
0.0 0.052204661577145775 -63.72781903053463 -63.72781903053463 ../testing_datasets/H3_epi.csv NeighborSum 20.1
0.0 0.07446251982002934 -46.87109626916571 -46.87109626916571 ../testing_datasets/H3_epi.csv NeighborSum 20.1
0.0 0.1232037919631694 -25.376041030525904 -25.376041030525904 ../testing_datasets/H3_epi.csv NeighborSum 20.1
0.0 0.10859452273614 -30.076325014702324 -30.076325014702324 ../testing_datasets/H3_epi.csv NeighborSum 20.1
0.0 0.08463795215818032 -43.898288981075176 -43.898288981075176 ../testing_datasets/H3_epi.csv NeighborSum 20.1
0.0 0.12251338605890151 -26.273225532721604 -26.273225532721604 ../testing_datasets/H3_epi.csv NeighborSum 20.1
0.0 0.14636161592718686 -11.740322497785574 -11.740322497785574 ../testing_datasets/H3_epi.csv NeighborSum 20.1
0.0 0.14201093121233602 -11.582833589042204 -11.582833589042204 ../testing_datasets/H3_epi.csv NeighborSum 20.1
0.0 0.15286369161510682 -9.27000234294421 -9.27000234294421 ../testing_datasets/H3_epi.csv NeighborSum 20.1
0.0 0.15729700103068703 -9.590754639902602 -9.590754639902602 ../testing_datasets/H3_epi.csv NeighborSum 20.1
0.0 0.14736609546348392 -10.156919560964523 -10.156919560964523 ../testing_datasets/H3_epi.csv NeighborSum 20.1
0.0 0.11135416034592541 -25.56314299496322 -25.56314299496322 ../testing_datasets/H3_epi.csv NeighborSum 20.1
0.0 0.14047994588021295 -14.862450975749779 -14.862450975749779 ../testing_datasets/H3_epi.csv NeighborSum 20.1
0.0 0.10146197624616964 -25.309122810055623 -25.309122810055623 ../testing_datasets/H3_epi.csv NeighborSum 20.1
0.0 0.13951310279012336 -14.733911551627099 -14.733911551627099 ../testing_datasets/H3_epi.csv NeighborSum 20.1
0.0 0.09627082631138822 -36.01448573970781 -36.01448573970781 ../testing_datasets/H3_epi.csv NeighborSum 20.1
0.0 0.12708849281014928 -26.916077412792493 -26.916077412792493 ../testing_datasets/H3_epi.csv NeighborSum 20.1
0.0 0.1022766770598652 -36.28275975623944 -36.28275975623944 ../testing_datasets/H3_epi.csv NeighborSum 20.1
0.0 0.10002820849083129 -29.806240854316147 -29.806240854316147 ../testing_datasets/H3_epi.csv NeighborSum 20.1
0.0 0.0918359186986904 -43.4071255152856 -43.4071255152856 ../testing_datasets/H3_epi.csv NeighborSum 20.1
0.0 0.12576675552154545 -16.391639374304315 -16.391639374304315 ../testing_datasets/H3_epi.csv NeighborSum 20.1
0.0 0.13994754480277682 -15.035197431330168 -15.035197431330168 ../testing_datasets/H3_epi.csv NeighborSum 20.1
0.0 0.13965663536750594 -14.463253368616572 -14.463253368616572 ../testing_datasets/H3_epi.csv NeighborSum 20.1
0.0 0.10666825136047227 -33.225386222294794 -33.225386222294794 ../testing_datasets/H3_epi.csv NeighborSum 20.1
0.0 0.10192439260335281 -32.9171276408063 -32.9171276408063 ../testing_datasets/H3_epi.csv NeighborSum 20.1
0.0 0.13068930648522503 -20.33745373281104 -20.33745373281104 ../testing_datasets/H3_epi.csv NeighborSum 20.1
0.0 0.1162335861848369 -28.23960872773548 -28.23960872773548 ../testing_datasets/H3_epi.csv NeighborSum 20.1
0.0 0.08000587185016726 -48.76465565134861 -48.76465565134861 ../testing_datasets/H3_epi.csv NeighborSum 20.1
0.0 0.10967942347744125 -29.079575579245198 -29.079575579245198 ../testing_datasets/H3_epi.csv NeighborSum 20.1
0.0 0.16368728478017067 -5.094215024274647 -5.094215024274647 ../testing_datasets/H3_epi.csv NeighborSum 20.1
0.0 0.16243996612310657 -5.880220037990541 -5.880220037990541 ../testing_datasets/H3_epi.csv NeighborSum 20.1
0.0 0.1576482756177975 -6.582616279552205 -6.582616279552205 ../testing_datasets/H3_epi.csv NeighborSum 20.1
0.0 0.14079110228944308 -13.358183532105082 -13.358183532105082 ../testing_datasets/H3_epi.csv NeighborSum 20.1
0.0 0.13585225965195113 -14.879359453710611 -14.879359453710611 ../testing_datasets/H3_epi.csv NeighborSum 20.1
0.0 0.1404675862092614 -9.927396446328041 -9.927396446328041 ../testing_datasets/H3_epi.csv NeighborSum 20.1
0.0 0.13528632458759093 -17.752952092391162 -17.752952092391162 ../testing_datasets/H3_epi.csv NeighborSum 20.1
0.0 0.11090016471873398 -27.52972926731536 -27.52972926731536 ../testing_datasets/H3_epi.csv NeighborSum 20.1
0.0 0.12126814083765294 -24.606845808384712 -24.606845808384712 ../testing_datasets/H3_epi.csv NeighborSum 20.1
0.0 0.1314389670880492 -21.425815674657017 -21.425815674657017 ../testing_datasets/H3_epi.csv NeighborSum 20.1
0.0 0.11038302564574837 -29.809987094934367 -29.809987094934367 ../testing_datasets/H3_epi.csv NeighborSum 20.1
0.0 0.09356469977060028 -34.05922738144625 -34.05922738144625 ../testing_datasets/H3_epi.csv NeighborSum 20.1
0.0 0.11670121827682409 -24.642065455677542 -24.642065455677542 ../testing_datasets/H3_epi.csv NeighborSum 20.1
0.0 0.1243979031510418 -25.47228319906261 -25.47228319906261 ../testing_datasets/H3_epi.csv NeighborSum 20.1
0.0 0.09460152376824282 -35.88345941463309 -35.88345941463309 ../testing_datasets/H3_epi.csv NeighborSum 20.1
0.0 0.10676542483340487 -32.21083260040281 -32.21083260040281 ../testing_datasets/H3_epi.csv NeighborSum 20.1
0.0 0.12875187242546177 -25.073860356491256 -25.073860356491256 ../testing_datasets/H3_epi.csv NeighborSum 20.1
0.0 0.1149302164369836 -28.862354740717283 -28.862354740717283 ../testing_datasets/H3_epi.csv NeighborSum 20.1
0.0 0.08911802681638915 -38.359117319911434 -38.359117319911434 ../testing_datasets/H3_epi.csv NeighborSum 20.1
0.0 0.11275828464075527 -29.22340444835881 -29.22340444835881 ../testing_datasets/H3_epi.csv NeighborSum 20.1
0.0 0.12263178562661063 -23.658644656870642 -23.658644656870642 ../testing_datasets/H3_epi.csv NeighborSum 20.1
0.0 0.09561028650920744 -38.100993800826814 -38.100993800826814 ../testing_datasets/H3_epi.csv NeighborSum 20.1
0.0 0.08886889314452229 -38.332457291602076 -38.332457291602076 ../testing_datasets/H3_epi.csv NeighborSum 20.1
0.0 0.11805224337359765 -29.178214945898 -29.178214945898 ../testing_datasets/H3_epi.csv NeighborSum 20.1
0.0 0.10642504434777428 -33.527244090044675 -33.527244090044675 ../testing_datasets/H3_epi.csv NeighborSum 20.1
0.0 0.07603046839271886 -46.11119621320392 -46.11119621320392 ../testing_datasets/H3_epi.csv NeighborSum 20.1
0.0 0.09668078129600628 -34.09695091207799 -34.09695091207799 ../testing_datasets/H3_epi.csv NeighborSum 20.1
0.0 0.11216485871194291 -29.01979738751476 -29.01979738751476 ../testing_datasets/H3_epi.csv NeighborSum 20.1
0.0 0.08319542686257214 -41.44771955902398 -41.44771955902398 ../testing_datasets/H3_epi.csv NeighborSum 20.1
0.0 0.07948941555542431 -45.744591760147394 -45.744591760147394 ../testing_datasets/H3_epi.csv NeighborSum 20.1
0.0 0.10971395294346019 -32.57097380852567 -32.57097380852567 ../testing_datasets/H3_epi.csv NeighborSum 20.1
0.0 0.09848831414669951 -31.48521186805982 -31.48521186805982 ../testing_datasets/H3_epi.csv NeighborSum 20.1
0.0 0.07109129090341391 -49.803958940115216 -49.803958940115216 ../testing_datasets/H3_epi.csv NeighborSum 20.1
0.0 0.0825624490460345 -42.552789573883224 -42.552789573883224 ../testing_datasets/H3_epi.csv NeighborSum 20.1
0.0 0.09902002581717735 -41.398866583104706 -41.398866583104706 ../testing_datasets/H3_epi.csv NeighborSum 20.1
0.0 0.07779899853739866 -53.5890600823407 -53.5890600823407 ../testing_datasets/H3_epi.csv NeighborSum 20.1
0.0 0.05355968323828629 -56.657829820281464 -56.657829820281464 ../testing_datasets/H3_epi.csv NeighborSum 20.1
0.0 0.08299071824415964 -47.08819377705199 -47.08819377705199 ../testing_datasets/H3_epi.csv NeighborSum 20.1
0.0 0.07483022576826254 -45.49297970722879 -45.49297970722879 ../testing_datasets/H3_epi.csv NeighborSum 20.1
0.0 0.03474019332386748 -66.04766079989147 -66.04766079989147 ../testing_datasets/H3_epi.csv NeighborSum 20.1
0.0 0.05708378774907619 -60.86764236253573 -60.86764236253573 ../testing_datasets/H3_epi.csv NeighborSum 20.1
0.0 0.07896487589783001 -46.15179207544333 -46.15179207544333 ../testing_datasets/H3_epi.csv NeighborSum 20.1
0.0 0.043601837441108335 -64.62409480913824 -64.62409480913824 ../testing_datasets/H3_epi.csv NeighborSum 20.1
0.0 0.012864483568132273 -78.12804447291903 -78.12804447291903 ../testing_datasets/H3_epi.csv NeighborSum 20.1
0.0 0.048911307868628434 -62.836625296047366 -62.836625296047366 ../testing_datasets/H3_epi.csv NeighborSum 20.1
0.0 0.045100855302750695 -56.5304268342684 -56.5304268342684 ../testing_datasets/H3_epi.csv NeighborSum 20.1
0.0 0.007798264791916865 -83.07139807474977 -83.07139807474977 ../testing_datasets/H3_epi.csv NeighborSum 20.1
0.0 0.010941770042529358 -83.36833499222479 -83.36833499222479 ../testing_datasets/H3_epi.csv NeighborSum 20.1
0.0 0.042929576717933376 -67.37913924508646 -67.37913924508646 ../testing_datasets/H3_epi.csv NeighborSum 20.1
0.0 0.024763067747251843 -74.1833702114796 -74.1833702114796 ../testing_datasets/H3_epi.csv NeighborSum 20.1
0.0 -0.02167332728912158 -96.64906261225627 -96.64906261225627 ../testing_datasets/H3_epi.csv NeighborSum 20.1
0.0 0.011196403890820467 -81.63039538953804 -81.63039538953804 ../testing_datasets/H3_epi.csv NeighborSum 20.1
0.0 0.03327481391967588 -69.86101295448945 -69.86101295448945 ../testing_datasets/H3_epi.csv NeighborSum 20.1
0.0 -0.016888174599607064 -92.87566535317104 -92.87566535317104 ../testing_datasets/H3_epi.csv NeighborSum 20.1
0.0 -0.02911725079187988 -104.22956279617871 -104.22956279617871 ../testing_datasets/H3_epi.csv NeighborSum 20.1
0.0 0.021099177834923488 -77.01926733887451 -77.01926733887451 ../testing_datasets/H3_epi.csv NeighborSum 20.1
0.0 0.022616932625773856 -71.83609214645875 -71.83609214645875 ../testing_datasets/H3_epi.csv NeighborSum 20.1
0.0 -0.03395683706073574 -102.80010137918752 -102.80010137918752 ../testing_datasets/H3_epi.csv NeighborSum 20.1
0.0 -0.0007591633170463408 -85.22848551076528 -85.22848551076528 ../testing_datasets/H3_epi.csv NeighborSum 20.1
0.0 0.04633171573625096 -64.72076953664428 -64.72076953664428 ../testing_datasets/H3_epi.csv NeighborSum 20.1
0.0 0.030516341566624805 -70.97346408916111 -70.97346408916111 ../testing_datasets/H3_epi.csv NeighborSum 20.1
0.0 0.000833885266324802 -78.9181340203021 -78.9181340203021 ../testing_datasets/H3_epi.csv NeighborSum 20.1
0.0 0.06177810479941681 -52.95810305092414 -52.95810305092414 ../testing_datasets/H3_epi.csv NeighborSum 20.1
0.0 0.08594768765943689 -42.76141005484937 -42.76141005484937 ../testing_datasets/H3_epi.csv NeighborSum 20.1
0.0 0.07330558914954849 -48.02637286300313 -48.02637286300313 ../testing_datasets/H3_epi.csv NeighborSum 20.1
0.0 0.11112178728719566 -32.28373924788995 -32.28373924788995 ../testing_datasets/H3_epi.csv NeighborSum 20.1
0.0 0.05011590760141425 -63.27245466230108 -63.27245466230108 ../testing_datasets/H3_epi.csv NeighborSum 20.1
0.0 0.04293988239812359 -67.1636994672042 -67.1636994672042 ../testing_datasets/H3_epi.csv NeighborSum 20.1
0.0 0.10179781378411015 -33.92448368756482 -33.92448368756482 ../testing_datasets/H3_epi.csv NeighborSum 20.1
0.0 0.0667319080658691 -48.74093815793274 -48.74093815793274 ../testing_datasets/H3_epi.csv NeighborSum 20.1
0.0 0.12258485303991276 -23.477307620890382 -23.477307620890382 ../testing_datasets/H3_epi.csv NeighborSum 20.1
0.0 0.1018087063121706 -31.883469726801035 -31.883469726801035 ../testing_datasets/H3_epi.csv NeighborSum 20.1
0.0 0.13050963297182802 -23.030932276295008 -23.030932276295008 ../testing_datasets/H3_epi.csv NeighborSum 20.1
0.0 0.09217506740753736 -40.979341620876106 -40.979341620876106 ../testing_datasets/H3_epi.csv NeighborSum 20.1
0.0 0.05117479876011105 -58.58968919745304 -58.58968919745304 ../testing_datasets/H3_epi.csv NeighborSum 20.1
0.0 0.09868417386395625 -39.094211733639426 -39.094211733639426 ../testing_datasets/H3_epi.csv NeighborSum 20.1
0.0 0.08484659706981011 -45.07287585139932 -45.07287585139932 ../testing_datasets/H3_epi.csv NeighborSum 20.1
0.0 0.014263320144624086 -77.03208177537222 -77.03208177537222 ../testing_datasets/H3_epi.csv NeighborSum 20.1
0.0 0.05212246189724755 -62.013706136027444 -62.013706136027444 ../testing_datasets/H3_epi.csv NeighborSum 20.1
0.0 0.09458545181913837 -38.5888260323935 -38.5888260323935 ../testing_datasets/H3_epi.csv NeighborSum 20.1
0.0 0.05134252056910571 -59.312341460659276 -59.312341460659276 ../testing_datasets/H3_epi.csv NeighborSum 20.1
0.0 0.019867904027202926 -78.54621713718099 -78.54621713718099 ../testing_datasets/H3_epi.csv NeighborSum 20.1
0.0 0.07889597583936728 -45.83205516657711 -45.83205516657711 ../testing_datasets/H3_epi.csv NeighborSum 20.1
0.0 0.09781219997128676 -37.9106675546322 -37.9106675546322 ../testing_datasets/H3_epi.csv NeighborSum 20.1
0.0 0.04443285625951504 -67.38523764468785 -67.38523764468785 ../testing_datasets/H3_epi.csv NeighborSum 20.1
0.0 0.06338606526097298 -51.55260939445009 -51.55260939445009 ../testing_datasets/H3_epi.csv NeighborSum 20.1
0.0 0.11552215283286085 -33.85128979949509 -33.85128979949509 ../testing_datasets/H3_epi.csv NeighborSum 20.1
0.0 0.09388098644043465 -39.81418307336036 -39.81418307336036 ../testing_datasets/H3_epi.csv NeighborSum 20.1
0.0 0.06531258651411057 -53.97985696038572 -53.97985696038572 ../testing_datasets/H3_epi.csv NeighborSum 20.1
0.0 0.09710649336737825 -40.65481207553459 -40.65481207553459 ../testing_datasets/H3_epi.csv NeighborSum 20.1
0.0 0.12626594940058128 -19.43118798228815 -19.43118798228815 ../testing_datasets/H3_epi.csv NeighborSum 20.1
0.0 0.12825861955302914 -17.571667384124595 -17.571667384124595 ../testing_datasets/H3_epi.csv NeighborSum 20.1
0.0 0.13787831788614857 -15.868500127594569 -15.868500127594569 ../testing_datasets/H3_epi.csv NeighborSum 20.1
0.0 0.14267401636591942 -10.080538980737028 -10.080538980737028 ../testing_datasets/H3_epi.csv NeighborSum 20.1
0.0 0.14687260948949227 -10.392652504249208 -10.392652504249208 ../testing_datasets/H3_epi.csv NeighborSum 20.1
0.0 0.1178050218716502 -26.084320774037646 -26.084320774037646 ../testing_datasets/H3_epi.csv NeighborSum 20.1
0.0 0.1276934189534235 -20.84774335318064 -20.84774335318064 ../testing_datasets/H3_epi.csv NeighborSum 20.1
0.0 0.09225941221571222 -31.419255865132925 -31.419255865132925 ../testing_datasets/H3_epi.csv NeighborSum 20.1
0.0 0.12275386490931285 -19.664034744906772 -19.664034744906772 ../testing_datasets/H3_epi.csv NeighborSum 20.1
0.0 0.08502226455198378 -40.4142827514321 -40.4142827514321 ../testing_datasets/H3_epi.csv NeighborSum 20.1
0.0 0.10788487684724532 -31.161285672706686 -31.161285672706686 ../testing_datasets/H3_epi.csv NeighborSum 20.1
0.0 0.09550940173490508 -41.99822566847134 -41.99822566847134 ../testing_datasets/H3_epi.csv NeighborSum 20.1
0.0 0.09193193404152782 -35.15913292039688 -35.15913292039688 ../testing_datasets/H3_epi.csv NeighborSum 20.1
0.0 0.08792167871666437 -46.05115063778895 -46.05115063778895 ../testing_datasets/H3_epi.csv NeighborSum 20.1
0.0 0.12195803286850135 -17.188779505315367 -17.188779505315367 ../testing_datasets/H3_epi.csv NeighborSum 20.1
0.0 0.1384468192675017 -14.762686727773556 -14.762686727773556 ../testing_datasets/H3_epi.csv NeighborSum 20.1
0.0 0.13721335192753112 -15.787922237806207 -15.787922237806207 ../testing_datasets/H3_epi.csv NeighborSum 20.1
0.0 0.10347019643536419 -35.16492415167179 -35.16492415167179 ../testing_datasets/H3_epi.csv NeighborSum 20.1
0.0 0.10174943951582777 -32.73979766277257 -32.73979766277257 ../testing_datasets/H3_epi.csv NeighborSum 20.1
0.0 0.12575824126213325 -22.294754117841045 -22.294754117841045 ../testing_datasets/H3_epi.csv NeighborSum 20.1
0.0 0.11116351914979689 -28.79815493471359 -28.79815493471359 ../testing_datasets/H3_epi.csv NeighborSum 20.1
0.0 0.07781061329034832 -48.76985450232816 -48.76985450232816 ../testing_datasets/H3_epi.csv NeighborSum 20.1
0.0 0.11808812939921023 -28.600453522590104 -28.600453522590104 ../testing_datasets/H3_epi.csv NeighborSum 20.1
1.0 0.12753700646249208 -16.37149193065803 -16.37149193065803 ../testing_datasets/H3_epi.csv NeighborSum 20.1
1.0 0.13615405996382396 -16.33417518462061 -16.33417518462061 ../testing_datasets/H3_epi.csv NeighborSum 20.1
0.0 0.12048497963873035 -24.581236794990048 -24.581236794990048 ../testing_datasets/H3_epi.csv NeighborSum 20.1
0.0 0.11578607202558193 -23.84373067448521 -23.84373067448521 ../testing_datasets/H3_epi.csv NeighborSum 20.1
1.0 0.13366325096888598 -15.96684236131013 -15.96684236131013 ../testing_datasets/H3_epi.csv NeighborSum 20.1
1.0 0.13389030746424965 -12.085070801994107 -12.085070801994107 ../testing_datasets/H3_epi.csv NeighborSum 20.1
0.0 0.1254523800667315 -22.607549672545176 -22.607549672545176 ../testing_datasets/H3_epi.csv NeighborSum 20.1
1.0 0.13129561447859112 -16.000253413919808 -16.000253413919808 ../testing_datasets/H3_epi.csv NeighborSum 20.1
1.0 0.1489363970981476 -8.012715295978785 -8.012715295978785 ../testing_datasets/H3_epi.csv NeighborSum 20.1
1.0 0.15916415075507226 -6.759387737842498 -6.759387737842498 ../testing_datasets/H3_epi.csv NeighborSum 20.1
0.0 0.14067797483066719 -15.33419282600686 -15.33419282600686 ../testing_datasets/H3_epi.csv NeighborSum 20.1
1.0 0.15716462622973076 -5.41953456524591 -5.41953456524591 ../testing_datasets/H3_epi.csv NeighborSum 20.1
1.0 0.16304293244457782 -1.416873619513729 -1.416873619513729 ../testing_datasets/H3_epi.csv NeighborSum 20.1
0.0 0.15909200114269967 -6.450755122016611 -6.450755122016611 ../testing_datasets/H3_epi.csv NeighborSum 20.1
0.0 0.15659124929249005 -5.12243840326839 -5.12243840326839 ../testing_datasets/H3_epi.csv NeighborSum 20.1
1.0 0.17944901228764032 -0.17694773035903588 -0.17694773035903588 ../testing_datasets/H3_epi.csv NeighborSum 20.1
0.0 0.18189490412553336 3.840462608181716 3.840462608181716 ../testing_datasets/H3_epi.csv NeighborSum 20.1
1.0 0.18159668700533882 3.1324475430922396 3.1324475430922396 ../testing_datasets/H3_epi.csv NeighborSum 20.1
1.0 0.18049156533294242 0.5642051726133958 0.5642051726133958 ../testing_datasets/H3_epi.csv NeighborSum 20.1
1.0 0.16474300938500944 -4.6621405947528265 -4.6621405947528265 ../testing_datasets/H3_epi.csv NeighborSum 20.1
0.0 0.18204647398624454 5.457796395173228 5.457796395173228 ../testing_datasets/H3_epi.csv NeighborSum 20.1
0.0 0.1481294161347349 -8.02683149690595 -8.02683149690595 ../testing_datasets/H3_epi.csv NeighborSum 20.1
0.0 0.18168596834037828 -1.7273095901114588 -1.7273095901114588 ../testing_datasets/H3_epi.csv NeighborSum 20.1
0.0 0.16187300531417287 -11.303182057421283 -11.303182057421283 ../testing_datasets/H3_epi.csv NeighborSum 20.1
0.0 0.13465272284707888 -20.594036660577427 -20.594036660577427 ../testing_datasets/H3_epi.csv NeighborSum 20.1
0.0 0.0966553421137098 -38.92201514109926 -38.92201514109926 ../testing_datasets/H3_epi.csv NeighborSum 20.1
0.0 0.13537666068447843 -19.66405692668877 -19.66405692668877 ../testing_datasets/H3_epi.csv NeighborSum 20.1
0.0 0.13082064546559563 -19.586624964284177 -19.586624964284177 ../testing_datasets/H3_epi.csv NeighborSum 20.1
0.0 0.15827862323594818 -7.318925498521669 -7.318925498521669 ../testing_datasets/H3_epi.csv NeighborSum 20.1
0.0 0.15217102302463345 -9.252826389384365 -9.252826389384365 ../testing_datasets/H3_epi.csv NeighborSum 20.1
0.0 0.17190994328469963 0.0636680431834561 0.0636680431834561 ../testing_datasets/H3_epi.csv NeighborSum 20.1
0.0 0.16810885546244364 -0.6903346564868331 -0.6903346564868331 ../testing_datasets/H3_epi.csv NeighborSum 20.1
0.0 0.17031465670410884 -6.147717735425508 -6.147717735425508 ../testing_datasets/H3_epi.csv NeighborSum 20.1
0.0 0.1448219990296935 -10.979384856465712 -10.979384856465712 ../testing_datasets/H3_epi.csv NeighborSum 20.1
0.0 0.15124587721313668 -10.316083295079777 -10.316083295079777 ../testing_datasets/H3_epi.csv NeighborSum 20.1
0.0 0.12192803181691868 -22.983684076362223 -22.983684076362223 ../testing_datasets/H3_epi.csv NeighborSum 20.1
0.0 0.10437440307680661 -36.410700030337146 -36.410700030337146 ../testing_datasets/H3_epi.csv NeighborSum 20.1
0.0 0.12465299624914027 -21.39952951306804 -21.39952951306804 ../testing_datasets/H3_epi.csv NeighborSum 20.1
0.0 0.11690933510600887 -24.358562360346617 -24.358562360346617 ../testing_datasets/H3_epi.csv NeighborSum 20.1
0.0 0.06759167321663545 -46.4915263363717 -46.4915263363717 ../testing_datasets/H3_epi.csv NeighborSum 20.1
0.0 0.08075461221067118 -38.516699732618726 -38.516699732618726 ../testing_datasets/H3_epi.csv NeighborSum 20.1
0.0 0.10996179241458516 -28.43262520391434 -28.43262520391434 ../testing_datasets/H3_epi.csv NeighborSum 20.1
0.0 0.07450967858315505 -46.81380385775368 -46.81380385775368 ../testing_datasets/H3_epi.csv NeighborSum 20.1
0.0 0.04116263913210448 -61.691331933053206 -61.691331933053206 ../testing_datasets/H3_epi.csv NeighborSum 20.1
0.0 0.08426064899761083 -40.716437375889264 -40.716437375889264 ../testing_datasets/H3_epi.csv NeighborSum 20.1
0.0 0.10422926410104338 -35.312618313961224 -35.312618313961224 ../testing_datasets/H3_epi.csv NeighborSum 20.1
0.0 0.05732880865512799 -56.73131820743918 -56.73131820743918 ../testing_datasets/H3_epi.csv NeighborSum 20.1
0.0 0.0669298358808503 -54.48707567292541 -54.48707567292541 ../testing_datasets/H3_epi.csv NeighborSum 20.1
0.0 0.1119791961184464 -32.45668405099027 -32.45668405099027 ../testing_datasets/H3_epi.csv NeighborSum 20.1
0.0 0.10257586781753181 -30.15554518927379 -30.15554518927379 ../testing_datasets/H3_epi.csv NeighborSum 20.1
0.0 0.06440543296041185 -46.89967728726246 -46.89967728726246 ../testing_datasets/H3_epi.csv NeighborSum 20.1
0.0 0.10221987039679888 -35.53825138248583 -35.53825138248583 ../testing_datasets/H3_epi.csv NeighborSum 20.1
0.0 0.12693172276952586 -23.188941434748628 -23.188941434748628 ../testing_datasets/H3_epi.csv NeighborSum 20.1
0.0 0.10393951133287484 -31.425298278628453 -31.425298278628453 ../testing_datasets/H3_epi.csv NeighborSum 20.1
0.0 0.09448874148677758 -36.47372533380748 -36.47372533380748 ../testing_datasets/H3_epi.csv NeighborSum 20.1
0.0 0.1323797761332544 -20.461833809752925 -20.461833809752925 ../testing_datasets/H3_epi.csv NeighborSum 20.1
0.0 0.13591379631903025 -16.503843439826603 -16.503843439826603 ../testing_datasets/H3_epi.csv NeighborSum 20.1
0.0 0.10832553907174863 -27.29387609241663 -27.29387609241663 ../testing_datasets/H3_epi.csv NeighborSum 20.1
0.0 0.12226770310231688 -23.404156756524 -23.404156756524 ../testing_datasets/H3_epi.csv NeighborSum 20.1
0.0 0.14825145024920772 -15.001050992547427 -15.001050992547427 ../testing_datasets/H3_epi.csv NeighborSum 20.1
0.0 0.13820708309898042 -17.070821841525003 -17.070821841525003 ../testing_datasets/H3_epi.csv NeighborSum 20.1
0.0 0.1166693413564652 -20.87657726741015 -20.87657726741015 ../testing_datasets/H3_epi.csv NeighborSum 20.1
0.0 0.13136289841534615 -14.3090977636617 -14.3090977636617 ../testing_datasets/H3_epi.csv NeighborSum 20.1
0.0 0.14185042611026627 -13.276223744533288 -13.276223744533288 ../testing_datasets/H3_epi.csv NeighborSum 20.1
0.0 0.12701710814321535 -24.733655933737747 -24.733655933737747 ../testing_datasets/H3_epi.csv NeighborSum 20.1
0.0 0.11972189547410719 -27.241967999074653 -27.241967999074653 ../testing_datasets/H3_epi.csv NeighborSum 20.1
0.0 0.13174030256848546 -19.906036151110957 -19.906036151110957 ../testing_datasets/H3_epi.csv NeighborSum 20.1
0.0 0.13364597743400597 -22.39615942232213 -22.39615942232213 ../testing_datasets/H3_epi.csv NeighborSum 20.1
0.0 0.10617003523618065 -29.45733606530101 -29.45733606530101 ../testing_datasets/H3_epi.csv NeighborSum 20.1
0.0 0.11602134548404641 -30.06275950010734 -30.06275950010734 ../testing_datasets/H3_epi.csv NeighborSum 20.1
0.0 0.11893593199842808 -25.44860370464528 -25.44860370464528 ../testing_datasets/H3_epi.csv NeighborSum 20.1
0.0 0.10069011821192778 -25.16222922768762 -25.16222922768762 ../testing_datasets/H3_epi.csv NeighborSum 20.1
0.0 0.09837203827122179 -35.045742880820555 -35.045742880820555 ../testing_datasets/H3_epi.csv NeighborSum 20.1
0.0 0.10731555429458216 -29.437094523413325 -29.437094523413325 ../testing_datasets/H3_epi.csv NeighborSum 20.1
0.0 0.1133862822197707 -31.464599203787067 -31.464599203787067 ../testing_datasets/H3_epi.csv NeighborSum 20.1
0.0 0.09468278994382842 -40.726865745739204 -40.726865745739204 ../testing_datasets/H3_epi.csv NeighborSum 20.1
0.0 0.09763367624877256 -35.862005039609116 -35.862005039609116 ../testing_datasets/H3_epi.csv NeighborSum 20.1
0.0 0.1076302712679218 -31.645631944050535 -31.645631944050535 ../testing_datasets/H3_epi.csv NeighborSum 20.1
0.0 0.10130033617187925 -33.816264460546876 -33.816264460546876 ../testing_datasets/H3_epi.csv NeighborSum 20.1
0.0 0.09057100138979049 -37.382672064524535 -37.382672064524535 ../testing_datasets/H3_epi.csv NeighborSum 20.1
0.0 0.11180632133437549 -30.353347705742635 -30.353347705742635 ../testing_datasets/H3_epi.csv NeighborSum 20.1
0.0 0.11022653506734764 -29.56115828595787 -29.56115828595787 ../testing_datasets/H3_epi.csv NeighborSum 20.1
0.0 0.10626845539404364 -32.20552257219706 -32.20552257219706 ../testing_datasets/H3_epi.csv NeighborSum 20.1
0.0 0.10933524315458823 -29.645928879189945 -29.645928879189945 ../testing_datasets/H3_epi.csv NeighborSum 20.1
0.0 0.12372359345007572 -25.72865385044376 -25.72865385044376 ../testing_datasets/H3_epi.csv NeighborSum 20.1
0.0 0.11229763941112075 -21.7177951498766 -21.7177951498766 ../testing_datasets/H3_epi.csv NeighborSum 20.1
0.0 0.1329443240041907 -31.27681112039479 -31.27681112039479 ../testing_datasets/H3_epi.csv NeighborSum 20.1
0.0 0.14051826749974541 -21.719998698238456 -21.719998698238456 ../testing_datasets/H3_epi.csv NeighborSum 20.1
0.0 0.1309098023158741 -16.672479105814393 -16.672479105814393 ../testing_datasets/H3_epi.csv NeighborSum 20.1
0.0 0.12503257261641465 -21.559460557764318 -21.559460557764318 ../testing_datasets/H3_epi.csv NeighborSum 20.1
0.0 0.12407838072560222 -14.68647070378177 -14.68647070378177 ../testing_datasets/H3_epi.csv NeighborSum 20.1
0.0 0.11104453959192538 -24.73363323326911 -24.73363323326911 ../testing_datasets/H3_epi.csv NeighborSum 20.1
0.0 0.12799175936368282 -20.728473455387277 -20.728473455387277 ../testing_datasets/H3_epi.csv NeighborSum 20.1
0.0 0.11215790357048713 -27.485819089383426 -27.485819089383426 ../testing_datasets/H3_epi.csv NeighborSum 20.1
0.0 0.12885795242185627 -15.670400645501674 -15.670400645501674 ../testing_datasets/H3_epi.csv NeighborSum 20.1
0.0 0.11003214651221754 -28.518694526351627 -28.518694526351627 ../testing_datasets/H3_epi.csv NeighborSum 20.1
0.0 0.12654748273087785 -22.949240924719028 -22.949240924719028 ../testing_datasets/H3_epi.csv NeighborSum 20.1
0.0 0.11250894382238971 -21.977755144299405 -21.977755144299405 ../testing_datasets/H3_epi.csv NeighborSum 20.1
0.0 0.13067001152569785 -16.357852422152817 -16.357852422152817 ../testing_datasets/H3_epi.csv NeighborSum 20.1
0.0 0.1250439293296966 -21.293170349576602 -21.293170349576602 ../testing_datasets/H3_epi.csv NeighborSum 20.1
0.0 0.13853598134413891 -9.805928976334204 -9.805928976334204 ../testing_datasets/H3_epi.csv NeighborSum 20.1
0.0 0.13679906649459522 -12.67891416955803 -12.67891416955803 ../testing_datasets/H3_epi.csv NeighborSum 20.1
0.0 0.1432519337587543 -13.986992032122503 -13.986992032122503 ../testing_datasets/H3_epi.csv NeighborSum 20.1
0.0 0.1352948103450944 -23.294801772779557 -23.294801772779557 ../testing_datasets/H3_epi.csv NeighborSum 20.1
0.0 0.13844639497525724 -8.802912775737227 -8.802912775737227 ../testing_datasets/H3_epi.csv NeighborSum 20.1
0.0 0.14442357039163398 -8.889588632284095 -8.889588632284095 ../testing_datasets/H3_epi.csv NeighborSum 20.1
0.0 0.14819336532947872 -11.493848639116099 -11.493848639116099 ../testing_datasets/H3_epi.csv NeighborSum 20.1
0.0 0.13434821663880975 -17.229995913065103 -17.229995913065103 ../testing_datasets/H3_epi.csv NeighborSum 20.1
0.0 0.13052093477920848 -17.873592214212113 -17.873592214212113 ../testing_datasets/H3_epi.csv NeighborSum 20.1
0.0 0.14257202965022156 -14.831912454238125 -14.831912454238125 ../testing_datasets/H3_epi.csv NeighborSum 20.1
0.0 0.1399068733938027 -11.360768001760198 -11.360768001760198 ../testing_datasets/H3_epi.csv NeighborSum 20.1
0.0 0.1196645770699027 -20.79135537270769 -20.79135537270769 ../testing_datasets/H3_epi.csv NeighborSum 20.1
1.0 0.13444954579127202 -19.117687301788674 -19.117687301788674 ../testing_datasets/H3_epi.csv NeighborSum 20.1
1.0 0.12960333833255916 -15.496085782172306 -15.496085782172306 ../testing_datasets/H3_epi.csv NeighborSum 20.1
1.0 0.13789934340013874 -15.66830896085569 -15.66830896085569 ../testing_datasets/H3_epi.csv NeighborSum 20.1
0.0 0.12113259900418925 -24.61284231904719 -24.61284231904719 ../testing_datasets/H3_epi.csv NeighborSum 20.1
0.0 0.11667660164053856 -23.369938594852698 -23.369938594852698 ../testing_datasets/H3_epi.csv NeighborSum 20.1
1.0 0.13536027092699912 -15.14641315624338 -15.14641315624338 ../testing_datasets/H3_epi.csv NeighborSum 20.1
1.0 0.13553190150581446 -11.84409855619258 -11.84409855619258 ../testing_datasets/H3_epi.csv NeighborSum 20.1
0.0 0.1263146932808042 -22.101331139784445 -22.101331139784445 ../testing_datasets/H3_epi.csv NeighborSum 20.1
1.0 0.13268280439555052 -15.455096648398902 -15.455096648398902 ../testing_datasets/H3_epi.csv NeighborSum 20.1
1.0 0.15022023127862286 -7.824160985451997 -7.824160985451997 ../testing_datasets/H3_epi.csv NeighborSum 20.1
1.0 0.16106186589289137 -5.6487885453321605 -5.6487885453321605 ../testing_datasets/H3_epi.csv NeighborSum 20.1
0.0 0.14249678823035739 -14.023121119720232 -14.023121119720232 ../testing_datasets/H3_epi.csv NeighborSum 20.1
1.0 0.15850735887155015 -4.942083846977207 -4.942083846977207 ../testing_datasets/H3_epi.csv NeighborSum 20.1
1.0 0.16338570755829504 -0.5180929019594646 -0.5180929019594646 ../testing_datasets/H3_epi.csv NeighborSum 20.1
0.0 0.1597862001563548 -4.211588504604818 -4.211588504604818 ../testing_datasets/H3_epi.csv NeighborSum 20.1
0.0 0.1588997009978885 -4.577941692765509 -4.577941692765509 ../testing_datasets/H3_epi.csv NeighborSum 20.1
1.0 0.17970769082301383 0.0396852881396336 0.0396852881396336 ../testing_datasets/H3_epi.csv NeighborSum 20.1
0.0 0.18194378794755706 3.6809227573076924 3.6809227573076924 ../testing_datasets/H3_epi.csv NeighborSum 20.1
1.0 0.18196271559647656 3.221804264672692 3.221804264672692 ../testing_datasets/H3_epi.csv NeighborSum 20.1
1.0 0.17762563851093716 -0.6417950138085222 -0.6417950138085222 ../testing_datasets/H3_epi.csv NeighborSum 20.1
1.0 0.16568067927129482 -3.662311910811431 -3.662311910811431 ../testing_datasets/H3_epi.csv NeighborSum 20.1
0.0 0.17890864044347193 4.7952183263074435 4.7952183263074435 ../testing_datasets/H3_epi.csv NeighborSum 20.1
0.0 0.14320504291596942 -8.648401235875195 -8.648401235875195 ../testing_datasets/H3_epi.csv NeighborSum 20.1
0.0 0.1793802260265175 -3.5679642431963545 -3.5679642431963545 ../testing_datasets/H3_epi.csv NeighborSum 20.1
0.0 0.1540918726591005 -12.447081213220907 -12.447081213220907 ../testing_datasets/H3_epi.csv NeighborSum 20.1
0.0 0.13444486970648667 -20.021559821264226 -20.021559821264226 ../testing_datasets/H3_epi.csv NeighborSum 20.1
0.0 0.09979253449405108 -39.06858945567935 -39.06858945567935 ../testing_datasets/H3_epi.csv NeighborSum 20.1
0.0 0.13718256975158344 -20.10154453549088 -20.10154453549088 ../testing_datasets/H3_epi.csv NeighborSum 20.1
0.0 0.12821178122830407 -20.76182993459436 -20.76182993459436 ../testing_datasets/H3_epi.csv NeighborSum 20.1
0.0 0.15723562043240524 -7.83518665592852 -7.83518665592852 ../testing_datasets/H3_epi.csv NeighborSum 20.1
0.0 0.1524157032103203 -9.380844834783906 -9.380844834783906 ../testing_datasets/H3_epi.csv NeighborSum 20.1
0.0 0.17210698678443628 0.15712345514811216 0.15712345514811216 ../testing_datasets/H3_epi.csv NeighborSum 20.1
0.0 0.16842682747855237 -0.4255304107563704 -0.4255304107563704 ../testing_datasets/H3_epi.csv NeighborSum 20.1
0.0 0.1697972107620556 -6.271923522143159 -6.271923522143159 ../testing_datasets/H3_epi.csv NeighborSum 20.1
0.0 0.14540340383199607 -10.749431242601656 -10.749431242601656 ../testing_datasets/H3_epi.csv NeighborSum 20.1
0.0 0.1509896753578012 -10.305531963615799 -10.305531963615799 ../testing_datasets/H3_epi.csv NeighborSum 20.1
0.0 0.12098992075074275 -23.19302503131295 -23.19302503131295 ../testing_datasets/H3_epi.csv NeighborSum 20.1
0.0 0.10290892883210967 -36.111625992964 -36.111625992964 ../testing_datasets/H3_epi.csv NeighborSum 20.1
0.0 0.12451839032058434 -21.427254276775784 -21.427254276775784 ../testing_datasets/H3_epi.csv NeighborSum 20.1
0.0 0.11659551038222449 -24.91619482006453 -24.91619482006453 ../testing_datasets/H3_epi.csv NeighborSum 20.1
0.0 0.06643021466216914 -46.841491707502755 -46.841491707502755 ../testing_datasets/H3_epi.csv NeighborSum 20.1
0.0 0.08003608575262398 -39.354207295948235 -39.354207295948235 ../testing_datasets/H3_epi.csv NeighborSum 20.1
0.0 0.10908847828769955 -29.10479920232472 -29.10479920232472 ../testing_datasets/H3_epi.csv NeighborSum 20.1
0.0 0.07322057569534605 -46.065493937770825 -46.065493937770825 ../testing_datasets/H3_epi.csv NeighborSum 20.1
0.0 0.040718561825798374 -62.25313693716418 -62.25313693716418 ../testing_datasets/H3_epi.csv NeighborSum 20.1
0.0 0.08245028442432349 -42.46675511404203 -42.46675511404203 ../testing_datasets/H3_epi.csv NeighborSum 20.1
0.0 0.10310646842912241 -35.610346327332465 -35.610346327332465 ../testing_datasets/H3_epi.csv NeighborSum 20.1
0.0 0.05931250853962766 -55.26346165699746 -55.26346165699746 ../testing_datasets/H3_epi.csv NeighborSum 20.1
0.0 0.060080460905965805 -55.27425458502681 -55.27425458502681 ../testing_datasets/H3_epi.csv NeighborSum 20.1
0.0 0.10816339579061175 -34.73121962775143 -34.73121962775143 ../testing_datasets/H3_epi.csv NeighborSum 20.1
0.0 0.09858004402300394 -31.252242744735998 -31.252242744735998 ../testing_datasets/H3_epi.csv NeighborSum 20.1
0.0 0.06058297892313458 -49.60738726997776 -49.60738726997776 ../testing_datasets/H3_epi.csv NeighborSum 20.1
0.0 0.10007626006716423 -37.308384751878 -37.308384751878 ../testing_datasets/H3_epi.csv NeighborSum 20.1
0.0 0.12302910698433775 -25.10528878458325 -25.10528878458325 ../testing_datasets/H3_epi.csv NeighborSum 20.1
0.0 0.09912888619017882 -33.783964033565645 -33.783964033565645 ../testing_datasets/H3_epi.csv NeighborSum 20.1
0.0 0.09377839190341614 -37.08315724384694 -37.08315724384694 ../testing_datasets/H3_epi.csv NeighborSum 20.1
0.0 0.13091887099595206 -21.284037991491463 -21.284037991491463 ../testing_datasets/H3_epi.csv NeighborSum 20.1
0.0 0.13361599784596542 -17.422741515561267 -17.422741515561267 ../testing_datasets/H3_epi.csv NeighborSum 20.1
0.0 0.10510449656712098 -28.308559816099972 -28.308559816099972 ../testing_datasets/H3_epi.csv NeighborSum 20.1
0.0 0.12457472720922841 -22.749390612809318 -22.749390612809318 ../testing_datasets/H3_epi.csv NeighborSum 20.1
0.0 0.14887409781131034 -14.660530254543035 -14.660530254543035 ../testing_datasets/H3_epi.csv NeighborSum 20.1
0.0 0.13748859079511178 -17.464408302942402 -17.464408302942402 ../testing_datasets/H3_epi.csv NeighborSum 20.1
0.0 0.11672746405303787 -21.02589166847034 -21.02589166847034 ../testing_datasets/H3_epi.csv NeighborSum 20.1
0.0 0.13396956772399052 -14.549469720401778 -14.549469720401778 ../testing_datasets/H3_epi.csv NeighborSum 20.1
0.0 0.14184753045817844 -12.96094965862643 -12.96094965862643 ../testing_datasets/H3_epi.csv NeighborSum 20.1
0.0 0.1268111680546548 -24.718437766444215 -24.718437766444215 ../testing_datasets/H3_epi.csv NeighborSum 20.1
0.0 0.12060237734719335 -26.863043271520855 -26.863043271520855 ../testing_datasets/H3_epi.csv NeighborSum 20.1
0.0 0.13232044666603576 -19.55478977942971 -19.55478977942971 ../testing_datasets/H3_epi.csv NeighborSum 20.1
0.0 0.1338915221344522 -22.36984052824512 -22.36984052824512 ../testing_datasets/H3_epi.csv NeighborSum 20.1
0.0 0.1052784037085136 -29.23120337484338 -29.23120337484338 ../testing_datasets/H3_epi.csv NeighborSum 20.1
0.0 0.11652321045387896 -29.985534765201418 -29.985534765201418 ../testing_datasets/H3_epi.csv NeighborSum 20.1
0.0 0.11927284360837166 -25.524206119968255 -25.524206119968255 ../testing_datasets/H3_epi.csv NeighborSum 20.1
0.0 0.09883991185980859 -24.65263377375123 -24.65263377375123 ../testing_datasets/H3_epi.csv NeighborSum 20.1
0.0 0.09880730502569639 -35.40201941505381 -35.40201941505381 ../testing_datasets/H3_epi.csv NeighborSum 20.1
0.0 0.10783285863782432 -29.487155212055278 -29.487155212055278 ../testing_datasets/H3_epi.csv NeighborSum 20.1
0.0 0.11302741407644304 -31.743765475434696 -31.743765475434696 ../testing_datasets/H3_epi.csv NeighborSum 20.1
0.0 0.09411859886751352 -40.80414941021213 -40.80414941021213 ../testing_datasets/H3_epi.csv NeighborSum 20.1
0.0 0.0983224222329717 -35.53942625910083 -35.53942625910083 ../testing_datasets/H3_epi.csv NeighborSum 20.1
0.0 0.10907911322017921 -30.729525392268936 -30.729525392268936 ../testing_datasets/H3_epi.csv NeighborSum 20.1
0.0 0.10177983138191611 -32.88529224140744 -32.88529224140744 ../testing_datasets/H3_epi.csv NeighborSum 20.1
0.0 0.09049954333623676 -36.322183928810844 -36.322183928810844 ../testing_datasets/H3_epi.csv NeighborSum 20.1
0.0 0.11373359839728252 -29.075605725548186 -29.075605725548186 ../testing_datasets/H3_epi.csv NeighborSum 20.1
0.0 0.11367442543147735 -27.392330512007014 -27.392330512007014 ../testing_datasets/H3_epi.csv NeighborSum 20.1
0.0 0.10941179748901164 -31.063449913781966 -31.063449913781966 ../testing_datasets/H3_epi.csv NeighborSum 20.1
0.0 0.11118583861518648 -28.3201828222627 -28.3201828222627 ../testing_datasets/H3_epi.csv NeighborSum 20.1
0.0 0.12847219486017983 -23.551424209196483 -23.551424209196483 ../testing_datasets/H3_epi.csv NeighborSum 20.1
0.0 0.1162294569533934 -18.728050623655594 -18.728050623655594 ../testing_datasets/H3_epi.csv NeighborSum 20.1
0.0 0.13899936416133116 -28.963521906866138 -28.963521906866138 ../testing_datasets/H3_epi.csv NeighborSum 20.1
0.0 0.14705967345580406 -21.758783010730447 -21.758783010730447 ../testing_datasets/H3_epi.csv NeighborSum 20.1
0.0 0.13427583720879466 -13.906304400136195 -13.906304400136195 ../testing_datasets/H3_epi.csv NeighborSum 20.1
0.0 0.12978618711045736 -19.5211859363598 -19.5211859363598 ../testing_datasets/H3_epi.csv NeighborSum 20.1
0.0 0.12847313393524049 -14.864085365921435 -14.864085365921435 ../testing_datasets/H3_epi.csv NeighborSum 20.1
0.0 0.1127075463286803 -24.113887593546046 -24.113887593546046 ../testing_datasets/H3_epi.csv NeighborSum 20.1
0.0 0.13117901895283907 -19.073844607017207 -19.073844607017207 ../testing_datasets/H3_epi.csv NeighborSum 20.1
0.0 0.11223163991905834 -25.899125649644837 -25.899125649644837 ../testing_datasets/H3_epi.csv NeighborSum 20.1
0.0 0.1302726708288655 -14.546270376533862 -14.546270376533862 ../testing_datasets/H3_epi.csv NeighborSum 20.1
0.0 0.11111626418643225 -28.24695187305636 -28.24695187305636 ../testing_datasets/H3_epi.csv NeighborSum 20.1
0.0 0.13082923370457183 -21.47548542603216 -21.47548542603216 ../testing_datasets/H3_epi.csv NeighborSum 20.1
0.0 0.11751882214668742 -20.33240332707861 -20.33240332707861 ../testing_datasets/H3_epi.csv NeighborSum 20.1
0.0 0.13578130851287173 -14.659768436558732 -14.659768436558732 ../testing_datasets/H3_epi.csv NeighborSum 20.1
0.0 0.13009901055487458 -19.533735472084246 -19.533735472084246 ../testing_datasets/H3_epi.csv NeighborSum 20.1
0.0 0.1407888875892579 -8.306932347991644 -8.306932347991644 ../testing_datasets/H3_epi.csv NeighborSum 20.1
0.0 0.13825642230487142 -11.825682369539553 -11.825682369539553 ../testing_datasets/H3_epi.csv NeighborSum 20.1
0.0 0.14256296447980918 -12.636022629910023 -12.636022629910023 ../testing_datasets/H3_epi.csv NeighborSum 20.1
0.0 0.13862235225546385 -21.348777197441514 -21.348777197441514 ../testing_datasets/H3_epi.csv NeighborSum 20.1
0.0 0.14188442077164437 -8.704328882781292 -8.704328882781292 ../testing_datasets/H3_epi.csv NeighborSum 20.1
0.0 0.14698806625686284 -6.583225340635369 -6.583225340635369 ../testing_datasets/H3_epi.csv NeighborSum 20.1
0.0 0.15001093576372923 -10.404616271950928 -10.404616271950928 ../testing_datasets/H3_epi.csv NeighborSum 20.1
0.0 0.13802081587656131 -16.096630404096246 -16.096630404096246 ../testing_datasets/H3_epi.csv NeighborSum 20.1
0.0 0.13718747085588223 -16.061731153233048 -16.061731153233048 ../testing_datasets/H3_epi.csv NeighborSum 20.1
0.0 0.14343024041562644 -13.598287203642048 -13.598287203642048 ../testing_datasets/H3_epi.csv NeighborSum 20.1
0.0 0.1405371615186081 -10.198095472836174 -10.198095472836174 ../testing_datasets/H3_epi.csv NeighborSum 20.1
0.0 0.1223346628970659 -18.283942483313666 -18.283942483313666 ../testing_datasets/H3_epi.csv NeighborSum 20.1
1.0 0.13565844122713402 -18.60270450007392 -18.60270450007392 ../testing_datasets/H3_epi.csv NeighborSum 20.1
1.0 0.1282596059311138 -15.892020833363098 -15.892020833363098 ../testing_datasets/H3_epi.csv NeighborSum 20.1
1.0 0.1376507453925357 -15.980904637281883 -15.980904637281883 ../testing_datasets/H3_epi.csv NeighborSum 20.1
0.0 0.12081868099197363 -24.531108654971195 -24.531108654971195 ../testing_datasets/H3_epi.csv NeighborSum 20.1
0.0 0.11638224416720136 -23.561280721443982 -23.561280721443982 ../testing_datasets/H3_epi.csv NeighborSum 20.1
1.0 0.13499599225788436 -15.721942131664752 -15.721942131664752 ../testing_datasets/H3_epi.csv NeighborSum 20.1
1.0 0.13477851250764158 -11.890261711619974 -11.890261711619974 ../testing_datasets/H3_epi.csv NeighborSum 20.1
0.0 0.12534998607128672 -22.296227602659513 -22.296227602659513 ../testing_datasets/H3_epi.csv NeighborSum 20.1
1.0 0.13169472295308285 -16.00549327448468 -16.00549327448468 ../testing_datasets/H3_epi.csv NeighborSum 20.1
1.0 0.14947537409820566 -8.449621799740491 -8.449621799740491 ../testing_datasets/H3_epi.csv NeighborSum 20.1
1.0 0.16014152651212663 -6.0654478191176855 -6.0654478191176855 ../testing_datasets/H3_epi.csv NeighborSum 20.1
0.0 0.14060653393596548 -14.874274723280548 -14.874274723280548 ../testing_datasets/H3_epi.csv NeighborSum 20.1
1.0 0.15647945980852096 -5.997681664077627 -5.997681664077627 ../testing_datasets/H3_epi.csv NeighborSum 20.1
1.0 0.16277471927027617 -1.0902796795557783 -1.0902796795557783 ../testing_datasets/H3_epi.csv NeighborSum 20.1
0.0 0.1584755672175316 -4.957063630277558 -4.957063630277558 ../testing_datasets/H3_epi.csv NeighborSum 20.1
0.0 0.15654680761316347 -6.047936944690295 -6.047936944690295 ../testing_datasets/H3_epi.csv NeighborSum 20.1
1.0 0.17810694193456325 -0.8448898718087338 -0.8448898718087338 ../testing_datasets/H3_epi.csv NeighborSum 20.1
0.0 0.18089909540585017 3.254352343795362 3.254352343795362 ../testing_datasets/H3_epi.csv NeighborSum 20.1
1.0 0.18140937575034907 3.0635217938857204 3.0635217938857204 ../testing_datasets/H3_epi.csv NeighborSum 20.1
1.0 0.1753032384997006 -1.8831038396471407 -1.8831038396471407 ../testing_datasets/H3_epi.csv NeighborSum 20.1
1.0 0.16345463122445153 -4.936648044312148 -4.936648044312148 ../testing_datasets/H3_epi.csv NeighborSum 20.1
0.0 0.17712282885134065 3.8089082384519295 3.8089082384519295 ../testing_datasets/H3_epi.csv NeighborSum 20.1
0.0 0.13854022180649592 -11.074406113122391 -11.074406113122391 ../testing_datasets/H3_epi.csv NeighborSum 20.1
0.0 0.17819235867952168 -4.457972218814284 -4.457972218814284 ../testing_datasets/H3_epi.csv NeighborSum 20.1
0.0 0.15373239816788156 -12.815659582794787 -12.815659582794787 ../testing_datasets/H3_epi.csv NeighborSum 20.1
0.0 0.1294543820311355 -22.38097525899192 -22.38097525899192 ../testing_datasets/H3_epi.csv NeighborSum 20.1
0.0 0.0971148225101938 -41.02480882570155 -41.02480882570155 ../testing_datasets/H3_epi.csv NeighborSum 20.1
0.0 0.13595567717711324 -20.68016789307001 -20.68016789307001 ../testing_datasets/H3_epi.csv NeighborSum 20.1
0.0 0.12775049912888942 -21.723784335637667 -21.723784335637667 ../testing_datasets/H3_epi.csv NeighborSum 20.1
0.0 0.15659563323439318 -8.094865534612195 -8.094865534612195 ../testing_datasets/H3_epi.csv NeighborSum 20.1
0.0 0.1509981435625483 -10.090829521241911 -10.090829521241911 ../testing_datasets/H3_epi.csv NeighborSum 20.1
0.0 0.1720992128253517 0.00512034201368397 0.00512034201368397 ../testing_datasets/H3_epi.csv NeighborSum 20.1
0.0 0.16792376375522738 -0.7781512996639394 -0.7781512996639394 ../testing_datasets/H3_epi.csv NeighborSum 20.1
0.0 0.16881899360938343 -6.690028159379843 -6.690028159379843 ../testing_datasets/H3_epi.csv NeighborSum 20.1
0.0 0.14393145186863632 -11.33986834975786 -11.33986834975786 ../testing_datasets/H3_epi.csv NeighborSum 20.1
0.0 0.14889279928204677 -10.922324750556646 -10.922324750556646 ../testing_datasets/H3_epi.csv NeighborSum 20.1
0.0 0.11714283685147761 -23.271045271652774 -23.271045271652774 ../testing_datasets/H3_epi.csv NeighborSum 20.1
0.0 0.10149403248872141 -36.34514446150216 -36.34514446150216 ../testing_datasets/H3_epi.csv NeighborSum 20.1
0.0 0.12275083672831934 -22.200234220958123 -22.200234220958123 ../testing_datasets/H3_epi.csv NeighborSum 20.1
0.0 0.11335708568992564 -24.467353954043542 -24.467353954043542 ../testing_datasets/H3_epi.csv NeighborSum 20.1
0.0 0.06575673970386382 -46.36821740471152 -46.36821740471152 ../testing_datasets/H3_epi.csv NeighborSum 20.1
0.0 0.07860183212465977 -39.79472693195568 -39.79472693195568 ../testing_datasets/H3_epi.csv NeighborSum 20.1
0.0 0.1079319125785575 -29.056713709800835 -29.056713709800835 ../testing_datasets/H3_epi.csv NeighborSum 20.1
0.0 0.07537716500905456 -46.068541858727116 -46.068541858727116 ../testing_datasets/H3_epi.csv NeighborSum 20.1
0.0 0.040737040828477455 -62.104462470957046 -62.104462470957046 ../testing_datasets/H3_epi.csv NeighborSum 20.1
0.0 0.08160930351089718 -42.45428342357197 -42.45428342357197 ../testing_datasets/H3_epi.csv NeighborSum 20.1
0.0 0.10388043617177184 -35.722452620228886 -35.722452620228886 ../testing_datasets/H3_epi.csv NeighborSum 20.1
0.0 0.06043138423349059 -55.63855121226924 -55.63855121226924 ../testing_datasets/H3_epi.csv NeighborSum 20.1
0.0 0.05983128789250605 -55.51921623450488 -55.51921623450488 ../testing_datasets/H3_epi.csv NeighborSum 20.1
0.0 0.10777842883532558 -34.67978935732713 -34.67978935732713 ../testing_datasets/H3_epi.csv NeighborSum 20.1
0.0 0.09988038552246253 -30.447349484144016 -30.447349484144016 ../testing_datasets/H3_epi.csv NeighborSum 20.1
0.0 0.06165284879584182 -48.67802130753233 -48.67802130753233 ../testing_datasets/H3_epi.csv NeighborSum 20.1
0.0 0.09752769095346936 -38.311642723190296 -38.311642723190296 ../testing_datasets/H3_epi.csv NeighborSum 20.1
0.0 0.1227601323675137 -25.36518924257215 -25.36518924257215 ../testing_datasets/H3_epi.csv NeighborSum 20.1
0.0 0.10102654671981809 -32.75141325537903 -32.75141325537903 ../testing_datasets/H3_epi.csv NeighborSum 20.1
0.0 0.09232618256510783 -38.80534757978149 -38.80534757978149 ../testing_datasets/H3_epi.csv NeighborSum 20.1
0.0 0.12757389743419492 -23.00444118919376 -23.00444118919376 ../testing_datasets/H3_epi.csv NeighborSum 20.1
0.0 0.1320045399728656 -18.0744774904606 -18.0744774904606 ../testing_datasets/H3_epi.csv NeighborSum 20.1
0.0 0.10532973099512463 -28.94930902929559 -28.94930902929559 ../testing_datasets/H3_epi.csv NeighborSum 20.1
0.0 0.12111361875917247 -25.156825449551427 -25.156825449551427 ../testing_datasets/H3_epi.csv NeighborSum 20.1
0.0 0.14331719328195444 -15.024503745725013 -15.024503745725013 ../testing_datasets/H3_epi.csv NeighborSum 20.1
0.0 0.13585087703238485 -17.371924718457368 -17.371924718457368 ../testing_datasets/H3_epi.csv NeighborSum 20.1
0.0 0.11662235368715203 -21.56176076122419 -21.56176076122419 ../testing_datasets/H3_epi.csv NeighborSum 20.1
0.0 0.13171167297267514 -15.451446032979593 -15.451446032979593 ../testing_datasets/H3_epi.csv NeighborSum 20.1
0.0 0.14069783313540296 -13.56790515392339 -13.56790515392339 ../testing_datasets/H3_epi.csv NeighborSum 20.1
0.0 0.12687002305879802 -25.37808549979025 -25.37808549979025 ../testing_datasets/H3_epi.csv NeighborSum 20.1
0.0 0.11984141623969141 -27.735964321034967 -27.735964321034967 ../testing_datasets/H3_epi.csv NeighborSum 20.1
0.0 0.13124094784085213 -20.057988477179666 -20.057988477179666 ../testing_datasets/H3_epi.csv NeighborSum 20.1
0.0 0.13366078957067304 -22.36709053336168 -22.36709053336168 ../testing_datasets/H3_epi.csv NeighborSum 20.1
0.0 0.10602524626007831 -29.38725013029114 -29.38725013029114 ../testing_datasets/H3_epi.csv NeighborSum 20.1
0.0 0.1159500389335454 -30.329331441510742 -30.329331441510742 ../testing_datasets/H3_epi.csv NeighborSum 20.1
0.0 0.11947632902299633 -25.11215318315373 -25.11215318315373 ../testing_datasets/H3_epi.csv NeighborSum 20.1
0.0 0.10044583587274884 -25.279543550590773 -25.279543550590773 ../testing_datasets/H3_epi.csv NeighborSum 20.1
0.0 0.09821017261747532 -35.35781567496189 -35.35781567496189 ../testing_datasets/H3_epi.csv NeighborSum 20.1
0.0 0.10749781730043337 -29.657430738576757 -29.657430738576757 ../testing_datasets/H3_epi.csv NeighborSum 20.1
0.0 0.11243963427393505 -32.15745404306621 -32.15745404306621 ../testing_datasets/H3_epi.csv NeighborSum 20.1
0.0 0.09285021201999397 -41.735058519033586 -41.735058519033586 ../testing_datasets/H3_epi.csv NeighborSum 20.1
0.0 0.09598751915052933 -36.322208068334724 -36.322208068334724 ../testing_datasets/H3_epi.csv NeighborSum 20.1
0.0 0.10633026547374502 -32.50265942709973 -32.50265942709973 ../testing_datasets/H3_epi.csv NeighborSum 20.1
0.0 0.09662621271711078 -36.02103979623294 -36.02103979623294 ../testing_datasets/H3_epi.csv NeighborSum 20.1
0.0 0.08700729963331871 -38.47619556608658 -38.47619556608658 ../testing_datasets/H3_epi.csv NeighborSum 20.1
0.0 0.10976944964540336 -30.8189071392081 -30.8189071392081 ../testing_datasets/H3_epi.csv NeighborSum 20.1
0.0 0.1062456445949426 -31.913196202757977 -31.913196202757977 ../testing_datasets/H3_epi.csv NeighborSum 20.1
0.0 0.10311957811359504 -34.287400543153474 -34.287400543153474 ../testing_datasets/H3_epi.csv NeighborSum 20.1
0.0 0.10859777013641114 -28.771614200583475 -28.771614200583475 ../testing_datasets/H3_epi.csv NeighborSum 20.1
0.0 0.12440166702101821 -26.29749103310493 -26.29749103310493 ../testing_datasets/H3_epi.csv NeighborSum 20.1
0.0 0.10916964879788901 -23.59056748411913 -23.59056748411913 ../testing_datasets/H3_epi.csv NeighborSum 20.1
0.0 0.13644871503488146 -29.77495657881002 -29.77495657881002 ../testing_datasets/H3_epi.csv NeighborSum 20.1
0.0 0.1448152815695765 -20.829673240715117 -20.829673240715117 ../testing_datasets/H3_epi.csv NeighborSum 20.1
0.0 0.1291615199847935 -17.31526666574464 -17.31526666574464 ../testing_datasets/H3_epi.csv NeighborSum 20.1
0.0 0.11977369001404431 -24.382997674861972 -24.382997674861972 ../testing_datasets/H3_epi.csv NeighborSum 20.1
0.0 0.1173439027846987 -16.832128520434026 -16.832128520434026 ../testing_datasets/H3_epi.csv NeighborSum 20.1
0.0 0.10395258965347534 -27.514383442217692 -27.514383442217692 ../testing_datasets/H3_epi.csv NeighborSum 20.1
0.0 0.12459022790334119 -23.69838940991638 -23.69838940991638 ../testing_datasets/H3_epi.csv NeighborSum 20.1
0.0 0.10990331357874124 -29.107712153443547 -29.107712153443547 ../testing_datasets/H3_epi.csv NeighborSum 20.1
0.0 0.12747070820084955 -17.270461153322046 -17.270461153322046 ../testing_datasets/H3_epi.csv NeighborSum 20.1
0.0 0.10552963855036362 -30.717416208014704 -30.717416208014704 ../testing_datasets/H3_epi.csv NeighborSum 20.1
0.0 0.11937475226001229 -25.43713590932334 -25.43713590932334 ../testing_datasets/H3_epi.csv NeighborSum 20.1
0.0 0.10496965050373132 -25.325210248380323 -25.325210248380323 ../testing_datasets/H3_epi.csv NeighborSum 20.1
0.0 0.12497258231398961 -19.839434435608222 -19.839434435608222 ../testing_datasets/H3_epi.csv NeighborSum 20.1
0.0 0.1199562912675916 -23.58962514665079 -23.58962514665079 ../testing_datasets/H3_epi.csv NeighborSum 20.1
0.0 0.13493753820381052 -11.724459800802801 -11.724459800802801 ../testing_datasets/H3_epi.csv NeighborSum 20.1
0.0 0.13494081910486855 -13.964541034671605 -13.964541034671605 ../testing_datasets/H3_epi.csv NeighborSum 20.1
0.0 0.14270763185501537 -14.348158124532857 -14.348158124532857 ../testing_datasets/H3_epi.csv NeighborSum 20.1
0.0 0.13326177902572287 -24.35805060671626 -24.35805060671626 ../testing_datasets/H3_epi.csv NeighborSum 20.1
0.0 0.13762836292212527 -8.772577101770194 -8.772577101770194 ../testing_datasets/H3_epi.csv NeighborSum 20.1
0.0 0.14381511293948307 -9.270854955964628 -9.270854955964628 ../testing_datasets/H3_epi.csv NeighborSum 20.1
0.0 0.14830604631114339 -11.513155128259312 -11.513155128259312 ../testing_datasets/H3_epi.csv NeighborSum 20.1
0.0 0.13472284531699952 -18.012279192656052 -18.012279192656052 ../testing_datasets/H3_epi.csv NeighborSum 20.1
0.0 0.1289221647585303 -18.467966503928057 -18.467966503928057 ../testing_datasets/H3_epi.csv NeighborSum 20.1
0.0 0.14116559406589083 -14.554169464017054 -14.554169464017054 ../testing_datasets/H3_epi.csv NeighborSum 20.1
0.0 0.13927441824289366 -11.62734803793894 -11.62734803793894 ../testing_datasets/H3_epi.csv NeighborSum 20.1
0.0 0.11788562073655326 -22.018864719520757 -22.018864719520757 ../testing_datasets/H3_epi.csv NeighborSum 20.1
1.0 0.13388211153345123 -18.894112548965968 -18.894112548965968 ../testing_datasets/H3_epi.csv NeighborSum 20.1
