0 -11.159
0 -12.887
0 -15.003
0 -12.328
0 -7.722
0 -9.73
0 -8.795
1 -11.448
1 -12.899
0 -14.221
0 -14.57
1 -14.504
1 -14.207
0 -12.735
0 -10.922
0 -5.797
0 -3.134
0 -6.535
0 -11.06
0 -12.296
0 -13.884
0 -15.805
0 -17.396
0 -17.156
0 -18.528
0 -17.54
0 -15.99
0 -14.103
0 -17.034
0 -17.785
0 -17.073
0 -16.352
0 -15.508
0 -14.965
0 -13.302
0 -8.312
0 -9.361
0 -12.612
0 -13.401
0 -15.415
0 -15.505
0 -16.339
0 -17.62
0 -16.679
0 -16.639
0 -13.785
0 -14.387
0 -13.268
0 -9.365
0 -8.109
0 -4.029
0 -2.581
0 -5.025
1 -4.904
1 -5.291
1 -6.975
0 -7.949
0 -9.804
0 -14.754
0 -14.853
0 -14.54
0 -14.366
0 -13.388
0 -11.008
0 -12.823
0 -11.366
0 -10.713
0 -11.479
1 -8.95
0 -8.986
0 -6.565
0 -5.542
0 -3.804
0 -3.842
0 -2.049
0 -1.179
0 -2.611
0 -2.775
0 -3.113
0 -4.957
0 -4.803
0 -6.649
0 -5.003
0 -9.278
0 -9.146
0 -6.16
0 -7.559
0 -8.984
0 -10.386
0 -10.902
0 -11.644
0 -11.487
0 -9.69
0 -6.598
0 -5.832
0 -4.628
0 -3.973
0 -1.902
0 -2.221
1 -0.452
1 -1.187
0 0.22
1 -1.276
1 -2.088
0 -2.456
0 -2.647
1 -2.133
1 -1.083
0 -0.247
0 -1.719
1 -3.062
0 -4.248
0 -6.412
0 -7.789
0 -9.986
0 -11.774
0 -13.298
0 -10.991
0 -12.732
0 -12.266
0 -12.738
0 -10.984
0 -11.65
0 -11.439
0 -11.827
0 -9.161
0 -8.993
0 -6.231
1 -6.223
0 -8.173
1 -6.071
1 -8.249
1 -6.653
1 -6.535
0 -10.578
0 -11.725
0 -14.582
0 -13.535
0 -15.404
0 -13.132
0 -16.012
0 -14.113
0 -12.983
0 -12.436
0 -9.615
0 -9.249
0 -8.122
0 -5.235
0 -5.354
0 -6.885
0 -8.719
0 -8.584
0 -6.827
0 -7.379
0 -4.191
0 -9.808
0 -4.433
0 -7.11
0 -10.56
1 -11.177
1 -10.76
1 -11.712
1 -10.271
0 -12.549
0 -11.236
1 -9.535
0 -5.774
0 -6.695
0 -6.415
1 -9.767
1 -10.433
0 -10.34
1 -11.53
1 -9.621
0 -10.818
1 -6.928
1 -3.259
0 -9.473
0 -10.154
1 -10.36
0 -12.989
0 -11.941
0 -13.203
0 -14.065
0 -14.867
0 -13.444
0 -13.275
0 -13.135
0 -12.957
0 -12.121
0 -10.035
0 -8.572
0 -8.477
0 -5.398
0 -6.697
0 -7.954
0 -8.118
0 -9.793
0 -9.844
0 -7.652
0 -9.273
0 -6.585
0 -6.844
0 -7.334
0 -9.78
0 -10.539
0 -10.584
0 -9.562
0 -8.799
0 -7.832
0 -8.377
0 -10.583
0 -11.604
0 -10.013
0 -10.792
0 -12.664
0 -14.131
0 -15.004
0 -14.416
0 -12.593
0 -9.236
0 -5.062
0 -4.604
0 -2.655
0 -2.585
0 -2.363
0 -3.441
0 -6.504
0 -8.628
0 -8.351
0 -10.986
0 -10.84
0 -10.692
0 -12.753
0 -13.389
0 -13.038
0 -14.551
0 -14.252
0 -12.814
0 -11.015
0 -7.181
0 -6.281
0 -4.828
0 -2.955
0 -3.932
1 -3.857
1 -5.75
0 -8
0 -10.054
0 -11.95
0 -13.67
0 -14.212
0 -13.758
0 -12.78
0 -13.711
0 -13.341
0 -11.327
0 -9.42
0 -11.66
0 -13.527
0 -10.998
0 -9.372
0 -11.578
0 -12.024
0 -8.582
0 -9.161
0 -9.551
0 -10.321
0 -9.917
0 -10.918
0 -8.998
0 -6.746
0 -4.951
0 -3.19
0 -3.93
0 -6.24
0 -9.48
0 -12.309
0 -12.877
0 -14.011
0 -15.13
0 -16.062
0 -19.148
0 -16.949
0 -16.504
0 -15.014
0 -13.955
0 -12.265
0 -10.846
0 -7.793
0 -6.8
0 -11.385
0 -8.328
0 -7.345
0 -5.402
0 -2.298
0 -2.818
0 -2.253
0 -2.789
0 -2.852
0 -4.002
0 -4.747
1 -4.355
1 -4.263
1 -5.269
0 -6.81
1 -6.319
0 -6.709
1 -5.691
1 -5.606
1 -6.814
0 -8
0 -7.86
0 -7.975
0 -8.114
1 -7.543
0 -8.142
1 -8.434
0 -9.357
0 -9.289
0 -9.827
0 -9.327
0 -6.313
0 -7.494
0 -4.768
0 -5.495
0 -3.982
0 -2.594
0 -0.934
0 -2.801
0 -1.642
0 -3.642
0 -5.121
0 -5.521
0 -7.663
0 -6.595
0 -7.664
0 -8.072
0 -8.804
0 -6.297
0 -3.739
0 -4.011
0 -2.146
0 -3.78
0 -2.026
0 -2.366
0 -4.315
0 -4.675
0 -8.105
0 -10.544
0 -11.915
0 -14.611
0 -12.963
0 -10.829
0 -9.191
0 -8.631
0 -6.769
0 -5.336
0 -2.429
0 -1.498
0 -2.031
1 -0.399
1 -3.428
1 -5.059
0 -6.437
0 -8.677
0 -10.033
0 -11.471
0 -11.572
0 -9.904
0 -6.782
0 -4.378
0 -3.681
0 -3.69
0 -4.104
0 -4.857
0 -6.107
0 -7.691
0 -6.882
0 -7.141
0 -6.199
0 -5.507
0 -3.773
0 -2.408
0 -4.202
0 -5.695
0 -7.169
0 -6.971
0 -7.599
0 -5.809
0 -5.333
0 -5.026
0 -5.356
0 -3.137
0 -9.809
0 -11.478
0 -16.853
0 -18.669
0 -16.016
0 -15.914
0 -12.203
0 -9.008
0 -9.241
0 -13.989
0 -12.562
0 -9.369
0 -6.433
0 -4.998
0 -2.303
0 -2.957
0 -4.672
0 -6.345
0 -10.005
0 -12.132
0 -14.107
0 -15.732
0 -18.359
0 -20.672
0 -20.515
0 -21.678
0 -20.162
0 -19.402
0 -20.962
0 -21.031
0 -19.495
0 -16.254
0 -14.214
0 -11.239
0 -9.6
0 -4.029
0 -1.314
0 -4.053
0 -5.945
0 -9.52
0 -12.155
0 -13.807
0 -18.202
0 -18.004
0 -19.385
0 -16.312
0 -16.199
0 -15.606
0 -11.04
0 -8.594
0 -3.124
0 -2.799
0 -4.194
0 -4.259
0 -4.809
0 -5.297
0 -7.758
0 -9.808
0 -13.614
0 -14.955
0 -14.82
0 -14.212
0 -13.344
0 -11.113
0 -12.577
0 -11.189
0 -10.077
0 -11.127
0 -8.561
0 -8.73
0 -6.149
0 -5.585
0 -3.649
0 -3.392
0 -2.174
0 -0.836
0 -2.355
0 -2.599
0 -2.951
0 -4.408
0 -4.839
0 -6.481
0 -4.803
0 -7.874
0 -8.162
0 -6.184
0 -7.276
0 -8.75
0 -9.949
0 -10.599
0 -12.082
0 -10.654
0 -9.216
0 -6.54
0 -5.857
0 -4.518
0 -4.305
0 -2.472
0 -2.296
0 -0.545
0 -1.291
0 -0.104
0 -1.278
0 -1.133
0 -2.024
0 -2.362
0 -2.094
0 -1.094
0 0.158
0 -1.88
0 -3.272
0 -4.115
0 -5.914
0 -7.43
0 -10.728
0 -11.185
0 -11.501
0 -11.096
0 -12.108
0 -12.481
0 -12.895
0 -11.266
0 -12.121
0 -11.894
0 -10.545
0 -8.921
0 -8.606
0 -6.58
0 -5.275
0 -6.653
0 -4.473
0 -5.001
0 -4.698
0 -5.571
0 -10.593
0 -10.826
0 -15.398
0 -14.537
0 -15.107
0 -14.178
0 -13.72
0 -10.514
0 -9.097
0 -8.036
0 -7.554
0 -7.459
0 -7.484
0 -4.58
0 -2.483
0 -2.972
0 -1.797
0 -0.012
0 -0.969
0 -2.719
0 -6.125
0 -8.371
0 -6.282
0 -6.725
0 -8.03
0 -8.152
0 -9.409
0 -12.132
0 -11.259
0 -13.638
0 -11.363
0 -10.118
0 -6.355
0 -8.061
0 -11.462
0 -12.152
0 -12.112
0 -10.451
0 -10.428
0 -9.397
0 -9.655
0 -6.531
0 -5.114
0 -8.773
0 -7.285
0 -8.981
0 -11.505
0 -11.61
0 -14.149
0 -14.697
0 -16.449
0 -14.729
0 -14.226
0 -16.02
0 -16.305
0 -13.985
0 -11.27
0 -8.021
0 -6.173
0 -4.268
0 -4.291
0 -6.513
0 -7.17
0 -8.42
0 -9.662
0 -7.754
0 -8.366
0 -6.572
0 -5.764
0 -6.766
0 -8.252
0 -9.203
0 -9.648
0 -8.373
0 -7.401
0 -6.254
0 -7.251
0 -10.217
0 -9.835
0 -9.993
0 -10.21
0 -13.18
0 -13.814
0 -14.821
0 -14.677
0 -12.505
0 -9.88
0 -5.898
0 -3.006
0 -1.747
0 -3.923
0 -1.405
0 -3.128
0 -6.559
0 -8.268
0 -8.873
0 -11.981
0 -11.539
0 -11.333
0 -12.583
0 -12.353
0 -13.334
0 -14.223
0 -14.198
0 -13.031
0 -10.922
0 -8.761
0 -6.354
0 -6.024
0 -5.556
0 -4.852
0 -5.554
0 -6.68
0 -8.046
0 -8.58
0 -11.157
0 -13.421
0 -14.513
0 -13.558
0 -12.678
0 -13.521
0 -13.847
0 -11.517
0 -9.578
0 -11.343
0 -11.801
0 -8.988
0 -7.689
0 -11.52
0 -11.907
0 -8.081
0 -9.981
0 -8.997
0 -9.533
0 -7.825
0 -7.678
0 -6.362
0 -5.074
0 -3.851
0 -2.447
0 -2.107
0 -4.011
0 -7.308
0 -12.288
0 -13.462
0 -17.079
0 -17.937
0 -19.241
0 -19.313
0 -18.853
0 -17.733
0 -14.902
0 -14.096
0 -11.652
0 -10.866
0 -5.751
0 -4.516
0 -4.261
0 -3.96
0 -8.694
0 -7.528
0 -11.151
0 -9.144
0 -8.239
0 -7.83
0 -8.514
0 -8.82
0 -9.074
0 -5.439
0 -4.453
0 -5.872
0 -7.675
0 -7.723
0 -7.759
0 -8.41
0 -8.667
0 -7.27
0 -10.093
0 -14.524
0 -13.83
0 -15.023
0 -13.063
0 -13.469
0 -11.383
0 -15.678
0 -15.911
0 -17.874
0 -13.49
0 -12.216
0 -11.079
0 -9.357
0 -8.54
0 -4.964
0 -4.412
0 -4.276
0 -4.67
0 -6.974
0 -9.396
0 -11.39
0 -12.465
0 -11.709
0 -10.678
0 -11.093
0 -7.376
0 -6.389
0 -4.882
0 -3.388
0 -3.159
0 -1.321
0 -2.497
0 -1.928
0 -4.163
0 -3.558
0 -4.199
0 -9.093
0 -9.735
0 -14.059
0 -18.896
0 -19.263
0 -16.745
0 -15.594
0 -16.333
0 -16.193
0 -14.282
0 -13.381
0 -9.403
0 -6.177
0 -4.983
0 -10.232
0 -11.705
0 -15.255
0 -17.237
0 -17.465
0 -19.402
0 -15.691
0 -11.026
0 -6.262
0 -3.314
0 -4.36
0 -4.414
0 -3.804
0 -4.813
0 -5.786
0 -7.079
0 -7.416
0 -11.115
0 -10.182
0 -7.024
0 -4.65
0 -2.945
0 -4.421
0 -6.449
0 -7.604
0 -7.199
0 -6.832
0 -5.341
0 -7.521
0 -6.575
0 -6.812
0 -6.985
0 -10.597
0 -11.353
0 -14.073
0 -12.379
0 -7.871
0 -9.859
0 -8.71
1 -11.853
1 -14.611
0 -15.577
0 -15.731
1 -16.135
1 -13.958
0 -13.242
0 -7.505
0 -7.597
0 -7.935
0 -7.726
0 -9.811
0 -11.436
0 -13.878
0 -14.906
0 -16.336
0 -16.876
0 -18.353
0 -16.406
0 -15.297
0 -14.702
0 -17.212
0 -17.634
0 -17.763
0 -16.954
0 -17.282
0 -15.815
0 -14.4
0 -10.385
0 -10.056
0 -13.791
0 -14.931
0 -17.822
0 -16.353
0 -15.784
0 -17.711
0 -16.536
0 -16.019
0 -13.686
0 -13.428
0 -13.045
0 -9.886
0 -9.081
0 -4.773
0 -2.925
0 -5.332
1 -4.329
1 -5.933
1 -7.358
0 -8.902
0 -10.914
0 -14.519
0 -15.333
0 -15.631
0 -14.308
0 -13.285
0 -11.003
0 -12.87
0 -11.623
0 -9.951
0 -10.652
1 -8.343
0 -8.593
0 -6.075
0 -5.562
0 -3.778
0 -3.55
0 -2.342
0 -0.915
0 -2.554
0 -2.457
0 -3.182
0 -4.515
0 -4.579
0 -6.413
0 -5.314
0 -9.042
0 -8.165
0 -6.428
0 -6.865
0 -8.63
0 -9.5
0 -10.615
0 -12.188
0 -11.087
0 -9.782
0 -7.49
0 -5.655
0 -4.627
0 -4.631
0 -2.452
0 -2.242
1 -0.687
1 -1.634
0 -0.358
1 -1.621
1 -1.697
0 -2.539
0 -2.759
1 -2.148
1 -1.095
0 -0.15
0 -1.924
1 -3.061
0 -3.791
0 -5.784
0 -8.224
0 -10.781
0 -10.819
0 -11.537
0 -11.002
0 -11.947
0 -11.966
0 -12.946
0 -11.22
0 -12.347
0 -13.384
0 -11.271
0 -10.274
0 -10.131
0 -6.655
1 -6.357
0 -8.35
1 -6.386
1 -7.975
1 -7.262
1 -7.354
0 -10.598
0 -11.602
0 -14.191
0 -13.592
0 -15.384
0 -14.791
0 -15.692
0 -13.351
0 -13.631
0 -15.614
0 -13.4
0 -11.225
0 -8.728
0 -8.212
0 -6.085
0 -8.328
0 -9.793
0 -7.485
0 -7.044
0 -6.512
0 -10.622
0 -8.705
0 -4.305
0 -7.593
0 -11.701
1 -11.081
1 -11.005
1 -11.728
1 -11.72
0 -11.942
0 -11.441
1 -9.94
0 -5.843
0 -8.3
0 -8.131
1 -10.488
1 -11.301
0 -11.407
1 -11.102
1 -9.16
0 -10.787
1 -4.196
1 -3.323
0 -10.044
0 -9.43
1 -11.58
0 -12.04
0 -13.05
0 -15.002
0 -13.034
0 -14.614
0 -11.721
0 -12.69
0 -11.522
0 -8.208
0 -8.857
0 -11.453
0 -8.647
0 -8.666
0 -5.796
0 -5.837
0 -7.792
0 -8.441
0 -9.918
0 -10.731
0 -9.013
0 -9.28
0 -7.303
0 -6.237
0 -7.402
0 -9.043
0 -10.267
0 -10.25
0 -9.472
0 -8.175
0 -7.978
0 -8.323
0 -11.085
0 -12.106
0 -10.937
0 -10.802
0 -14.061
0 -14.451
0 -15.119
0 -14.764
0 -13.556
0 -9.956
0 -6.82
0 -3.829
0 -2.073
0 -4.392
0 -1.188
0 -2.503
0 -5.54
0 -8.666
0 -9.014
0 -12.133
0 -11.901
0 -12.179
0 -12.807
0 -12.929
0 -13.787
0 -13.874
0 -14.207
0 -12.256
0 -10.807
0 -8.15
0 -6.278
0 -5.989
0 -5.549
0 -5.214
1 -5.033
1 -6.491
0 -8.122
0 -9.115
0 -11.082
0 -13.234
0 -14.505
0 -13.689
0 -12.946
0 -14.433
0 -13.694
0 -11.691
0 -9.518
0 -11.899
0 -12.882
0 -10.666
0 -9.306
0 -12.477
0 -12.082
0 -9.652
0 -8.298
0 -9.089
0 -10.439
0 -9.634
0 -9.556
0 -7.329
0 -5.823
0 -3.351
0 -1.846
0 -4.085
0 -5.482
0 -8.151
0 -9.87
0 -12.137
0 -13.923
0 -16.174
0 -15.578
0 -16.87
0 -15.66
0 -16.592
0 -15.473
0 -15.777
0 -12.69
0 -12.277
0 -9.242
0 -9.485
0 -10.999
0 -7.817
0 -8.19
0 -5.418
0 -3.518
0 -2.992
0 -2.507
0 -2.106
0 -2.246
0 -4.569
0 -4.535
1 -3.46
1 -3.046
1 -3.973
0 -6.25
1 -6.258
0 -7.024
1 -5.819
1 -5.266
1 -6.915
0 -8.714
0 -8.698
0 -8.477
0 -9.127
1 -8.115
0 -9.538
1 -8.925
0 -10.101
0 -9.345
0 -10.343
0 -9.826
0 -7.798
0 -6.962
0 -5.704
0 -4.882
0 -2.793
0 -2.767
0 -1.76
0 -1.809
0 -1.714
0 -2.623
0 -4.968
0 -5.816
0 -8.633
0 -7.499
0 -9.194
0 -8.731
0 -8.919
0 -5.432
0 -3.846
0 -4.325
0 -1.835
0 -3.93
0 -1.302
0 -2.413
0 -4.903
0 -4.139
0 -7.219
0 -10.768
0 -13.391
0 -15.776
0 -14.804
0 -13.113
0 -10.452
0 -10.506
0 -8.88
0 -5.428
0 -3.476
0 -0.581
0 -0.591
1 -1.874
1 -3.432
1 -4.41
0 -8.2
0 -9.467
0 -11.503
0 -14.072
0 -13.558
0 -10.948
0 -7.283
0 -4.579
0 -3.573
0 -3.268
0 -4.015
0 -5.261
0 -6.351
0 -9.944
0 -8.139
0 -9.195
0 -6.633
0 -5.569
0 -4.812
0 -2.721
0 -4.743
0 -6.084
0 -7.642
0 -7.288
0 -7.257
0 -5.147
0 -5.76
0 -4.002
0 -4.589
0 -1.955
0 -7.206
0 -9.368
0 -13.583
0 -11.194
0 -8.421
0 -9.012
0 -8.163
1 -11.458
1 -13.882
0 -15.316
0 -15.68
1 -15.397
1 -14.09
0 -12.727
0 -8.261
0 -5.937
0 -6.768
0 -9.975
0 -10.282
0 -11.405
0 -15.459
0 -14.607
0 -16.449
0 -16.981
0 -17.205
0 -15.27
0 -14.788
0 -15.36
0 -17.453
0 -16.673
0 -17.364
0 -16.207
0 -15.584
0 -15.256
0 -13.673
0 -9.422
0 -8.214
0 -11.738
0 -12.835
0 -16.093
0 -16.172
0 -15.813
0 -17.889
0 -17.339
0 -16.013
0 -12.67
0 -12.867
0 -12.935
0 -9.685
0 -7.673
0 -3.82
0 -3.579
0 -5.125
1 -4.481
1 -4.518
1 -7.256
0 -8.762
0 -10.943
0 -14.599
0 -14.448
0 -14.916
0 -14.093
0 -13.217
0 -11.331
0 -12.971
0 -11.165
0 -9.596
0 -11.04
1 -8.426
0 -8.695
0 -6.086
0 -5.219
0 -3.692
0 -3.493
0 -2.228
0 -1.499
0 -2.465
0 -2.127
0 -3.126
0 -4.514
0 -4.941
0 -6.492
0 -5.067
0 -8.268
0 -7.894
0 -6.125
0 -6.68
0 -8.166
0 -9.783
0 -10.509
0 -11.959
0 -10.86
0 -9.365
0 -6.469
0 -5.405
0 -4.439
0 -4.028
0 -1.931
0 -2.149
1 -0.296
1 -1.63
0 -0.455
1 -1.554
1 -1.653
0 -2.52
0 -2.525
1 -2.155
1 -1.343
0 -0.159
0 -1.744
1 -3.198
0 -3.894
0 -5.894
0 -8.096
0 -10.729
0 -11.251
0 -11.999
0 -10.535
0 -12.016
0 -12.309
0 -13.369
0 -11.094
0 -12.196
0 -11.988
0 -11.596
0 -10.279
0 -10.126
0 -7.031
1 -7.31
0 -9.214
1 -6.799
1 -6.575
1 -5.814
1 -5.119
0 -9.665
0 -11.042
0 -13.961
0 -12.569
0 -14.524
0 -13.493
0 -15.399
0 -14.01
0 -13.328
0 -14.025
0 -13.013
0 -10.678
0 -7.796
0 -7.094
0 -5.349
0 -8.369
0 -9.694
0 -8.229
0 -8.592
0 -3.686
0 -1.263
0 -0.12
0 -2.309
0 -6.327
0 -10.146
1 -11.04
1 -11.012
1 -10.835
1 -11.143
0 -11.09
0 -10.517
1 -8.7
0 -4.826
0 -6.448
0 -6.806
1 -9.796
1 -10.307
0 -10.154
1 -11.218
1 -9.082
0 -10.059
1 -4.95
1 -1.664
0 -9.498
0 -8.079
1 -9.509
0 -12.399
0 -11.707
0 -14.379
0 -12.751
0 -14.765
0 -12.438
0 -11.828
0 -9.987
0 -9.182
0 -9.199
0 -7.23
0 -5.148
0 -4.99
0 -6.367
0 -7.027
0 -8.371
0 -8.916
0 -9.896
0 -10.362
0 -8.56
0 -8.662
0 -6.495
0 -5.718
0 -6.879
0 -9.053
0 -9.796
0 -10.118
0 -10.261
0 -9.685
0 -8.643
0 -8.548
0 -10.589
0 -12.463
0 -12.036
0 -11.117
0 -13.49
0 -13.86
0 -14.877
0 -13.889
0 -13.015
0 -9.424
0 -6.004
0 -5.471
0 -3.071
0 -1.663
0 -0.787
0 -3.614
0 -5.59
0 -8.344
0 -9.142
0 -11.336
0 -11.524
0 -11.453
0 -12.179
0 -12.557
0 -13.508
0 -14.195
0 -14.299
0 -12.724
0 -11.009
0 -7.926
0 -6.229
0 -6.078
0 -5.357
0 -4.714
1 -5.413
1 -6.61
0 -7.978
0 -9.23
0 -10.824
0 -13.435
0 -14.304
0 -13.611
0 -12.862
0 -13.861
0 -13.656
0 -11.26
0 -9.519
0 -11.395
0 -11.876
0 -9.836
0 -9.498
0 -11.356
0 -12.244
0 -8.464
0 -9.117
0 -9.603
0 -9.544
0 -8.235
0 -8.184
0 -7.56
0 -5.016
0 -2.704
0 -1.712
0 -3.613
0 -5.207
0 -7.766
0 -9.888
0 -11.717
0 -12.934
0 -14.658
0 -15.533
0 -15.686
0 -15.109
0 -15.891
0 -14.891
0 -15.1
0 -12.44
0 -12.108
0 -9.162
0 -7.841
0 -10.047
0 -6.62
0 -5.826
0 -3.962
0 -1.586
0 -3.06
0 -3.224
0 -3.513
0 -3.979
0 -5.427
0 -4.725
1 -5.241
1 -3.795
1 -4.696
0 -6.002
1 -6.449
0 -7.737
1 -5.547
1 -5.037
1 -5.275
0 -8.302
0 -8.556
0 -8.952
0 -9.864
1 -7.891
0 -10.02
1 -8.841
0 -11.083
0 -9.951
0 -10.727
0 -9.224
0 -8.165
0 -7.056
0 -5.195
0 -3.878
0 -4.253
0 -3.042
0 -1.363
0 -2.452
0 -2.024
0 -2.98
0 -5.138
0 -5.927
0 -7.08
0 -6.616
0 -8.574
0 -7.769
0 -8.406
0 -5.95
0 -4.413
0 -3.832
0 -2.211
0 -3.671
0 -2.214
0 -3.424
0 -5.909
0 -5.742
0 -7.487
0 -10.748
0 -12.856
0 -15.626
0 -14.361
0 -11.132
0 -9.916
0 -8.485
0 -6.387
0 -4.231
0 -1.72
0 0.15
0 -0.422
1 -2.097
1 -3.529
1 -4.699
0 -8.243
0 -9.224
0 -11.862
0 -14.349
0 -12.664
0 -11.378
0 -7.706
0 -5.529
0 -4.088
0 -3.476
0 -3.756
0 -4.733
0 -5.598
0 -8.008
0 -7.314
0 -7.459
0 -6.03
0 -5.315
0 -3.353
0 -2.463
0 -4.077
0 -5.31
0 -6.813
0 -6.619
0 -6.076
0 -5.318
0 -6.498
0 -6.043
0 -5.174
0 -3.694
0 -13.548
0 -14.308
0 -15.919
0 -10.698
0 -8.918
0 -10.844
0 -7.562
1 -11.612
1 -12.885
0 -15.522
0 -15.618
1 -15.913
1 -12.377
0 -11.729
0 -11.773
0 -8.605
0 -7.707
0 -6.906
0 -11.382
0 -12.129
0 -14.812
0 -14.973
0 -18.046
0 -19.225
0 -19.405
0 -18.441
0 -17.665
0 -16.315
0 -18.854
0 -18.609
0 -18.208
0 -16.841
0 -16.852
0 -15.293
0 -12.253
0 -8.97
0 -9.917
0 -12.623
0 -13.493
0 -15.548
0 -16.013
0 -17.016
0 -19.877
0 -19.519
0 -19.876
0 -16.622
0 -13.306
0 -13.174
0 -8.913
0 -7.845
0 -3.861
0 -1.9
0 -3.795
1 -3.762
1 -5.525
1 -7.153
0 -7.076
0 -8.078
0 -12.476
0 -14.606
0 -14.876
0 -13.704
0 -12.925
0 -10.848
0 -12.427
0 -11.353
0 -9.219
0 -11.038
1 -8.71
0 -8.131
0 -6.356
0 -5.578
0 -4.162
0 -4.165
0 -2.651
0 -2.835
0 -2.737
0 -3.618
0 -3.611
0 -4.647
0 -4.958
0 -4.735
0 -4.896
0 -7.528
0 -7.728
0 -5.207
0 -6.708
0 -7.101
0 -8.474
0 -10.401
0 -12.272
0 -11.136
0 -9.331
0 -7.033
0 -6.131
0 -4.204
0 -3.996
0 -1.918
0 -2.151
1 -0.742
1 -2.156
0 -1.173
1 -1.469
1 -2.421
0 -3.353
0 -3.388
1 -2.824
1 -1.487
0 0.024
0 -1.883
1 -3.376
0 -4.549
0 -6.589
0 -7.745
0 -9.903
0 -12.003
0 -12.81
0 -10.78
0 -11.763
0 -11.403
0 -12.899
0 -11.324
0 -9.166
0 -9.83
0 -9.851
0 -7.865
0 -8.222
0 -6.028
1 -6.713
0 -6.722
1 -6.185
1 -6.917
1 -5.896
1 -5.697
0 -9.75
0 -10.807
0 -14.61
0 -14.909
0 -16.395
0 -15.973
0 -17.589
0 -14.507
0 -12.891
0 -13.777
0 -11.5
0 -10.799
0 -7.177
0 -5.859
0 -5.162
0 -8.872
0 -8.919
0 -5.459
0 -4.469
0 -4.902
0 -3.702
0 -3.244
0 -5.133
0 -9.909
0 -13.512
1 -9.383
1 -10.861
1 -13.005
1 -10.981
0 -13.606
0 -10.891
1 -8.533
0 -5.446
0 -6.498
0 -9.909
1 -11.215
1 -12.193
0 -9.95
1 -10.949
1 -9.305
0 -10.914
1 -4.089
1 -4.104
0 -8.184
0 -7.578
1 -10.731
0 -13.168
0 -12.863
0 -15.173
0 -13.572
0 -16.066
0 -13.844
0 -13.813
0 -11.435
0 -10.895
0 -15.14
0 -13.985
0 -10.471
0 -8.835
0 -7.827
0 -8.337
0 -10.481
0 -9.263
0 -9.745
0 -10.277
0 -8.847
0 -10.116
0 -7.454
0 -5.749
0 -6.977
0 -8.773
0 -9.703
0 -11.198
0 -10.551
0 -9.026
0 -7.5
0 -7.696
0 -10.114
0 -10.716
0 -9.487
0 -9.915
0 -11.988
0 -13.594
0 -15.254
0 -14.22
0 -12.567
0 -8.908
0 -5.267
0 -3.49
0 -2.183
0 -3.599
0 -0.159
0 -1.087
0 -3.996
0 -7.93
0 -8.198
0 -10.377
0 -10.554
0 -11.058
0 -12.786
0 -13.248
0 -13.214
0 -13.964
0 -14.149
0 -12.41
0 -11.212
0 -7.732
0 -6.229
0 -4.039
0 -3.675
0 -4.572
1 -5.527
1 -6.627
0 -7.789
0 -8.875
0 -12.217
0 -13.394
0 -13.75
0 -12.451
0 -11.885
0 -13.276
0 -13.579
0 -11.938
0 -10.444
0 -11.789
0 -12.535
0 -11.129
0 -9.834
0 -11.51
0 -12.209
0 -9.275
0 -9.799
0 -10.194
0 -11.021
0 -10.12
0 -9.885
0 -7.257
0 -5.621
0 -3.302
0 -2.211
0 -2.978
0 -3.491
0 -9.487
0 -12.098
0 -13.142
0 -14.059
0 -17.374
0 -17.511
0 -18.652
0 -18.354
0 -16.492
0 -14.985
0 -16.078
0 -12.556
0 -12.25
0 -9.271
0 -5.57
0 -10.436
0 -7.495
0 -7.794
0 -6.927
0 -4.318
0 -3.739
0 -2.39
0 -2.783
0 -3.516
0 -4.326
0 -4.359
1 -5.181
1 -4.31
1 -4.43
0 -5.299
1 -5.142
0 -5.816
1 -5.299
1 -6.043
1 -8.092
0 -8.139
0 -9.401
0 -8.959
0 -10.16
1 -8.969
0 -8.521
1 -8.713
0 -12
0 -9.174
0 -10.641
0 -9.439
0 -8.442
0 -6.471
0 -5.384
0 -5.092
0 -2.004
0 -1.349
0 -1.475
0 -2.05
0 -1.278
0 -2.897
0 -4.582
0 -5.95
0 -6.783
0 -5.966
0 -7.312
0 -6.928
0 -7.364
0 -4.051
0 -2.458
0 -2.348
0 -0.721
0 -0.332
0 -1.904
0 -2.434
0 -3.081
0 -2.871
0 -6.319
0 -10.58
0 -12.362
0 -14.465
0 -14.081
0 -11.783
0 -9.3
0 -9.821
0 -7.091
0 -5.143
0 -2.75
0 -0.87
0 -1.001
1 -0.472
1 -3.782
1 -4.319
0 -7.932
0 -9.917
0 -10.871
0 -13.407
0 -12.257
0 -9.36
0 -6.991
0 -4.148
0 -4.333
0 -2.264
0 -2.4
0 -3.99
0 -4.61
0 -8.546
0 -6.721
0 -7.406
0 -6.155
0 -5.629
0 -3.794
0 -3.847
0 -5.768
0 -5.688
0 -6.762
0 -6.356
0 -7.285
0 -5.331
0 -5.852
0 -4.572
0 -5.973
0 -2.185
0 -13.548
0 -14.308
0 -15.919
0 -10.698
0 -8.918
0 -10.844
0 -7.562
1 -11.612
1 -12.885
0 -15.522
0 -15.618
1 -15.913
1 -12.377
0 -11.729
0 -11.773
0 -8.605
0 -7.707
0 -6.906
0 -11.382
0 -12.129
0 -14.812
0 -14.973
0 -18.046
0 -19.225
0 -19.405
0 -18.441
0 -17.665
0 -16.315
0 -18.854
0 -18.609
0 -18.208
0 -16.841
0 -16.852
0 -15.293
0 -12.253
0 -8.97
0 -9.917
0 -12.623
0 -13.493
0 -15.548
0 -16.013
0 -17.016
0 -19.877
0 -19.519
0 -19.876
0 -16.622
0 -13.306
0 -13.174
0 -8.913
0 -7.845
0 -3.861
0 -1.9
0 -3.795
1 -3.762
1 -5.525
1 -7.153
0 -7.076
0 -8.078
0 -12.476
0 -14.606
0 -14.876
0 -13.704
0 -12.925
0 -10.848
0 -12.427
0 -11.353
0 -9.219
0 -11.038
1 -8.71
0 -8.131
0 -6.356
0 -5.578
0 -4.162
0 -4.165
0 -2.651
0 -2.835
0 -2.737
0 -3.618
0 -3.611
0 -4.647
0 -4.958
0 -4.735
0 -4.896
0 -7.528
0 -7.728
0 -5.207
0 -6.708
0 -7.101
0 -8.474
0 -10.401
0 -12.272
0 -11.136
0 -9.331
0 -7.033
0 -6.131
0 -4.204
0 -3.996
0 -1.918
0 -2.151
1 -0.742
1 -2.156
0 -1.173
1 -1.469
1 -2.421
0 -3.353
0 -3.388
1 -2.824
1 -1.487
0 0.024
0 -1.883
1 -3.376
0 -4.549
0 -6.589
0 -7.745
0 -9.903
0 -12.003
0 -12.81
0 -10.78
0 -11.763
0 -11.403
0 -12.899
0 -11.324
0 -9.166
0 -9.83
0 -9.851
0 -7.865
0 -8.222
0 -6.028
1 -6.713
0 -6.722
1 -6.185
1 -6.917
1 -5.896
1 -5.697
0 -9.75
0 -10.807
0 -14.61
0 -14.909
0 -16.395
0 -15.973
0 -17.589
0 -14.507
0 -12.891
0 -13.777
0 -11.5
0 -10.799
0 -7.177
0 -5.859
0 -5.162
0 -8.872
0 -8.919
0 -5.459
0 -4.469
0 -4.902
0 -3.702
0 -3.244
0 -5.133
0 -9.909
0 -13.512
1 -9.383
1 -10.861
1 -13.005
1 -10.981
0 -13.606
0 -10.891
1 -8.533
0 -5.446
0 -6.498
0 -9.909
1 -11.215
1 -12.193
0 -9.95
1 -10.949
1 -9.305
0 -10.914
1 -4.089
1 -4.104
0 -8.184
0 -7.578
1 -10.731
0 -13.168
0 -12.863
0 -15.173
0 -13.572
0 -16.066
0 -13.844
0 -13.813
0 -11.435
0 -10.895
0 -15.14
0 -13.985
0 -10.471
0 -8.835
0 -7.827
0 -8.337
0 -10.481
0 -9.263
0 -9.745
0 -10.277
0 -8.847
0 -10.116
0 -7.454
0 -5.749
0 -6.977
0 -8.773
0 -9.703
0 -11.198
0 -10.551
0 -9.026
0 -7.5
0 -7.696
0 -10.114
0 -10.716
0 -9.487
0 -9.915
0 -11.988
0 -13.594
0 -15.254
0 -14.22
0 -12.567
0 -8.908
0 -5.267
0 -3.49
0 -2.183
0 -3.599
0 -0.159
0 -1.087
0 -3.996
0 -7.93
0 -8.198
0 -10.377
0 -10.554
0 -11.058
0 -12.786
0 -13.248
0 -13.214
0 -13.964
0 -14.149
0 -12.41
0 -11.212
0 -7.732
0 -6.229
0 -4.039
0 -3.675
0 -4.572
1 -5.527
1 -6.627
0 -7.789
0 -8.875
0 -12.217
0 -13.394
0 -13.75
0 -12.451
0 -11.885
0 -13.276
0 -13.579
0 -11.938
0 -10.444
0 -11.789
0 -12.535
0 -11.129
0 -9.834
0 -11.51
0 -12.209
0 -9.275
0 -9.799
0 -10.194
0 -11.021
0 -10.12
0 -9.885
0 -7.257
0 -5.621
0 -3.302
0 -2.211
0 -2.978
0 -3.491
0 -9.487
0 -12.098
0 -13.142
0 -14.059
0 -17.374
0 -17.511
0 -18.652
0 -18.354
0 -16.492
0 -14.985
0 -16.078
0 -12.556
0 -12.25
0 -9.271
0 -5.57
0 -10.436
0 -7.495
0 -7.794
0 -6.927
0 -4.318
0 -3.739
0 -2.39
0 -2.783
0 -3.516
0 -4.326
0 -4.359
1 -5.181
1 -4.31
1 -4.43
0 -5.299
1 -5.142
0 -5.816
1 -5.299
1 -6.043
1 -8.092
0 -8.139
0 -9.401
0 -8.959
0 -10.16
1 -8.969
0 -8.521
1 -8.713
0 -12
0 -9.174
0 -10.641
0 -9.439
0 -8.442
0 -6.471
0 -5.384
0 -5.092
0 -2.004
0 -1.349
0 -1.475
0 -2.05
0 -1.278
0 -2.897
0 -4.582
0 -5.95
0 -6.783
0 -5.966
0 -7.312
0 -6.928
0 -7.364
0 -4.051
0 -2.458
0 -2.348
0 -0.721
0 -0.332
0 -1.904
0 -2.434
0 -3.081
0 -2.871
0 -6.319
0 -10.58
0 -12.362
0 -14.465
0 -14.081
0 -11.783
0 -9.3
0 -9.821
0 -7.091
0 -5.143
0 -2.75
0 -0.87
0 -1.001
1 -0.472
1 -3.782
1 -4.319
0 -7.932
0 -9.917
0 -10.871
0 -13.407
0 -12.257
0 -9.36
0 -6.991
0 -4.148
0 -4.333
0 -2.264
0 -2.4
0 -3.99
0 -4.61
0 -8.546
0 -6.721
0 -7.406
0 -6.155
0 -5.629
0 -3.794
0 -3.847
0 -5.768
0 -5.688
0 -6.762
0 -6.356
0 -7.285
0 -5.331
0 -5.852
0 -4.572
0 -5.973
0 -2.185
