-11.159
-12.887
-15.003
-12.328
-7.722
-9.73
-8.795
-11.448
-12.899
-14.221
-14.57
-14.504
-14.207
-12.735
-10.922
-5.797
-3.134
-6.535
-11.06
-12.296
-13.884
-15.805
-17.396
-17.156
-18.528
-17.54
-15.99
-14.103
-17.034
-17.785
-17.073
-16.352
-15.508
-14.965
-13.302
-8.312
-9.361
-12.612
-13.401
-15.415
-15.505
-16.339
-17.62
-16.679
-16.639
-13.785
-14.387
-13.268
-9.365
-8.109
-4.029
-2.581
-5.025
-4.904
-5.291
-6.975
-7.949
-9.804
-14.754
-14.853
-14.54
-14.366
-13.388
-11.008
-12.823
-11.366
-10.713
-11.479
-8.95
-8.986
-6.565
-5.542
-3.804
-3.842
-2.049
-1.179
-2.611
-2.775
-3.113
-4.957
-4.803
-6.649
-5.003
-9.278
-9.146
-6.16
-7.559
-8.984
-10.386
-10.902
-11.644
-11.487
-9.69
-6.598
-5.832
-4.628
-3.973
-1.902
-2.221
-0.452
-1.187
0.22
-1.276
-2.088
-2.456
-2.647
-2.133
-1.083
-0.247
-1.719
-3.062
-4.248
-6.412
-7.789
-9.986
-11.774
-13.298
-10.991
-12.732
-12.266
-12.738
-10.984
-11.65
-11.439
-11.827
-9.161
-8.993
-6.231
-6.223
-8.173
-6.071
-8.249
-6.653
-6.535
-10.578
-11.725
-14.582
-13.535
-15.404
-13.132
-16.012
-14.113
-12.983
-12.436
-9.615
-9.249
-8.122
-5.235
-5.354
-6.885
-8.719
-8.584
-6.827
-7.379
-4.191
-9.808
-4.433
-7.11
-10.56
-11.177
-10.76
-11.712
-10.271
-12.549
-11.236
-9.535
-5.774
-6.695
-6.415
-9.767
-10.433
-10.34
-11.53
-9.621
-10.818
-6.928
-3.259
-9.473
-10.154
-10.36
-12.989
-11.941
-13.203
-14.065
-14.867
-13.444
-13.275
-13.135
-12.957
-12.121
-10.035
-8.572
-8.477
-5.398
-6.697
-7.954
-8.118
-9.793
-9.844
-7.652
-9.273
-6.585
-6.844
-7.334
-9.78
-10.539
-10.584
-9.562
-8.799
-7.832
-8.377
-10.583
-11.604
-10.013
-10.792
-12.664
-14.131
-15.004
-14.416
-12.593
-9.236
-5.062
-4.604
-2.655
-2.585
-2.363
-3.441
-6.504
-8.628
-8.351
-10.986
-10.84
-10.692
-12.753
-13.389
-13.038
-14.551
-14.252
-12.814
-11.015
-7.181
-6.281
-4.828
-2.955
-3.932
-3.857
-5.75
-8
-10.054
-11.95
-13.67
-14.212
-13.758
-12.78
-13.711
-13.341
-11.327
-9.42
-11.66
-13.527
-10.998
-9.372
-11.578
-12.024
-8.582
-9.161
-9.551
-10.321
-9.917
-10.918
-8.998
-6.746
-4.951
-3.19
-3.93
-6.24
-9.48
-12.309
-12.877
-14.011
-15.13
-16.062
-19.148
-16.949
-16.504
-15.014
-13.955
-12.265
-10.846
-7.793
-6.8
-11.385
-8.328
-7.345
-5.402
-2.298
-2.818
-2.253
-2.789
-2.852
-4.002
-4.747
-4.355
-4.263
-5.269
-6.81
-6.319
-6.709
-5.691
-5.606
-6.814
-8
-7.86
-7.975
-8.114
-7.543
-8.142
-8.434
-9.357
-9.289
-9.827
-9.327
-6.313
-7.494
-4.768
-5.495
-3.982
-2.594
-0.934
-2.801
-1.642
-3.642
-5.121
-5.521
-7.663
-6.595
-7.664
-8.072
-8.804
-6.297
-3.739
-4.011
-2.146
-3.78
-2.026
-2.366
-4.315
-4.675
-8.105
-10.544
-11.915
-14.611
-12.963
-10.829
-9.191
-8.631
-6.769
-5.336
-2.429
-1.498
-2.031
-0.399
-3.428
-5.059
-6.437
-8.677
-10.033
-11.471
-11.572
-9.904
-6.782
-4.378
-3.681
-3.69
-4.104
-4.857
-6.107
-7.691
-6.882
-7.141
-6.199
-5.507
-3.773
-2.408
-4.202
-5.695
-7.169
-6.971
-7.599
-5.809
-5.333
-5.026
-5.356
-3.137
-9.809
-11.478
-16.853
-18.669
-16.016
-15.914
-12.203
-9.008
-9.241
-13.989
-12.562
-9.369
-6.433
-4.998
-2.303
-2.957
-4.672
-6.345
-10.005
-12.132
-14.107
-15.732
-18.359
-20.672
-20.515
-21.678
-20.162
-19.402
-20.962
-21.031
-19.495
-16.254
-14.214
-11.239
-9.6
-4.029
-1.314
-4.053
-5.945
-9.52
-12.155
-13.807
-18.202
-18.004
-19.385
-16.312
-16.199
-15.606
-11.04
-8.594
-3.124
-2.799
-4.194
-4.259
-4.809
-5.297
-7.758
-9.808
-13.614
-14.955
-14.82
-14.212
-13.344
-11.113
-12.577
-11.189
-10.077
-11.127
-8.561
-8.73
-6.149
-5.585
-3.649
-3.392
-2.174
-0.836
-2.355
-2.599
-2.951
-4.408
-4.839
-6.481
-4.803
-7.874
-8.162
-6.184
-7.276
-8.75
-9.949
-10.599
-12.082
-10.654
-9.216
-6.54
-5.857
-4.518
-4.305
-2.472
-2.296
-0.545
-1.291
-0.104
-1.278
-1.133
-2.024
-2.362
-2.094
-1.094
0.158
-1.88
-3.272
-4.115
-5.914
-7.43
-10.728
-11.185
-11.501
-11.096
-12.108
-12.481
-12.895
-11.266
-12.121
-11.894
-10.545
-8.921
-8.606
-6.58
-5.275
-6.653
-4.473
-5.001
-4.698
-5.571
-10.593
-10.826
-15.398
-14.537
-15.107
-14.178
-13.72
-10.514
-9.097
-8.036
-7.554
-7.459
-7.484
-4.58
-2.483
-2.972
-1.797
-0.012
-0.969
-2.719
-6.125
-8.371
-6.282
-6.725
-8.03
-8.152
-9.409
-12.132
-11.259
-13.638
-11.363
-10.118
-6.355
-8.061
-11.462
-12.152
-12.112
-10.451
-10.428
-9.397
-9.655
-6.531
-5.114
-8.773
-7.285
-8.981
-11.505
-11.61
-14.149
-14.697
-16.449
-14.729
-14.226
-16.02
-16.305
-13.985
-11.27
-8.021
-6.173
-4.268
-4.291
-6.513
-7.17
-8.42
-9.662
-7.754
-8.366
-6.572
-5.764
-6.766
-8.252
-9.203
-9.648
-8.373
-7.401
-6.254
-7.251
-10.217
-9.835
-9.993
-10.21
-13.18
-13.814
-14.821
-14.677
-12.505
-9.88
-5.898
-3.006
-1.747
-3.923
-1.405
-3.128
-6.559
-8.268
-8.873
-11.981
-11.539
-11.333
-12.583
-12.353
-13.334
-14.223
-14.198
-13.031
-10.922
-8.761
-6.354
-6.024
-5.556
-4.852
-5.554
-6.68
-8.046
-8.58
-11.157
-13.421
-14.513
-13.558
-12.678
-13.521
-13.847
-11.517
-9.578
-11.343
-11.801
-8.988
-7.689
-11.52
-11.907
-8.081
-9.981
-8.997
-9.533
-7.825
-7.678
-6.362
-5.074
-3.851
-2.447
-2.107
-4.011
-7.308
-12.288
-13.462
-17.079
-17.937
-19.241
-19.313
-18.853
-17.733
-14.902
-14.096
-11.652
-10.866
-5.751
-4.516
-4.261
-3.96
-8.694
-7.528
-11.151
-9.144
-8.239
-7.83
-8.514
-8.82
-9.074
-5.439
-4.453
-5.872
-7.675
-7.723
-7.759
-8.41
-8.667
-7.27
-10.093
-14.524
-13.83
-15.023
-13.063
-13.469
-11.383
-15.678
-15.911
-17.874
-13.49
-12.216
-11.079
-9.357
-8.54
-4.964
-4.412
-4.276
-4.67
-6.974
-9.396
-11.39
-12.465
-11.709
-10.678
-11.093
-7.376
-6.389
-4.882
-3.388
-3.159
-1.321
-2.497
-1.928
-4.163
-3.558
-4.199
-9.093
-9.735
-14.059
-18.896
-19.263
-16.745
-15.594
-16.333
-16.193
-14.282
-13.381
-9.403
-6.177
-4.983
-10.232
-11.705
-15.255
-17.237
-17.465
-19.402
-15.691
-11.026
-6.262
-3.314
-4.36
-4.414
-3.804
-4.813
-5.786
-7.079
-7.416
-11.115
-10.182
-7.024
-4.65
-2.945
-4.421
-6.449
-7.604
-7.199
-6.832
-5.341
-7.521
-6.575
-6.812
-6.985
-10.597
-11.353
-14.073
-12.379
-7.871
-9.859
-8.71
-11.853
-14.611
-15.577
-15.731
-16.135
-13.958
-13.242
-7.505
-7.597
-7.935
-7.726
-9.811
-11.436
-13.878
-14.906
-16.336
-16.876
-18.353
-16.406
-15.297
-14.702
-17.212
-17.634
-17.763
-16.954
-17.282
-15.815
-14.4
-10.385
-10.056
-13.791
-14.931
-17.822
-16.353
-15.784
-17.711
-16.536
-16.019
-13.686
-13.428
-13.045
-9.886
-9.081
-4.773
-2.925
-5.332
-4.329
-5.933
-7.358
-8.902
-10.914
-14.519
-15.333
-15.631
-14.308
-13.285
-11.003
-12.87
-11.623
-9.951
-10.652
-8.343
-8.593
-6.075
-5.562
-3.778
-3.55
-2.342
-0.915
-2.554
-2.457
-3.182
-4.515
-4.579
-6.413
-5.314
-9.042
-8.165
-6.428
-6.865
-8.63
-9.5
-10.615
-12.188
-11.087
-9.782
-7.49
-5.655
-4.627
-4.631
-2.452
-2.242
-0.687
-1.634
-0.358
-1.621
-1.697
-2.539
-2.759
-2.148
-1.095
-0.15
-1.924
-3.061
-3.791
-5.784
-8.224
-10.781
-10.819
-11.537
-11.002
-11.947
-11.966
-12.946
-11.22
-12.347
-13.384
-11.271
-10.274
-10.131
-6.655
-6.357
-8.35
-6.386
-7.975
-7.262
-7.354
-10.598
-11.602
-14.191
-13.592
-15.384
-14.791
-15.692
-13.351
-13.631
-15.614
-13.4
-11.225
-8.728
-8.212
-6.085
-8.328
-9.793
-7.485
-7.044
-6.512
-10.622
-8.705
-4.305
-7.593
-11.701
-11.081
-11.005
-11.728
-11.72
-11.942
-11.441
-9.94
-5.843
-8.3
-8.131
-10.488
-11.301
-11.407
-11.102
-9.16
-10.787
-4.196
-3.323
-10.044
-9.43
-11.58
-12.04
-13.05
-15.002
-13.034
-14.614
-11.721
-12.69
-11.522
-8.208
-8.857
-11.453
-8.647
-8.666
-5.796
-5.837
-7.792
-8.441
-9.918
-10.731
-9.013
-9.28
-7.303
-6.237
-7.402
-9.043
-10.267
-10.25
-9.472
-8.175
-7.978
-8.323
-11.085
-12.106
-10.937
-10.802
-14.061
-14.451
-15.119
-14.764
-13.556
-9.956
-6.82
-3.829
-2.073
-4.392
-1.188
-2.503
-5.54
-8.666
-9.014
-12.133
-11.901
-12.179
-12.807
-12.929
-13.787
-13.874
-14.207
-12.256
-10.807
-8.15
-6.278
-5.989
-5.549
-5.214
-5.033
-6.491
-8.122
-9.115
-11.082
-13.234
-14.505
-13.689
-12.946
-14.433
-13.694
-11.691
-9.518
-11.899
-12.882
-10.666
-9.306
-12.477
-12.082
-9.652
-8.298
-9.089
-10.439
-9.634
-9.556
-7.329
-5.823
-3.351
-1.846
-4.085
-5.482
-8.151
-9.87
-12.137
-13.923
-16.174
-15.578
-16.87
-15.66
-16.592
-15.473
-15.777
-12.69
-12.277
-9.242
-9.485
-10.999
-7.817
-8.19
-5.418
-3.518
-2.992
-2.507
-2.106
-2.246
-4.569
-4.535
-3.46
-3.046
-3.973
-6.25
-6.258
-7.024
-5.819
-5.266
-6.915
-8.714
-8.698
-8.477
-9.127
-8.115
-9.538
-8.925
-10.101
-9.345
-10.343
-9.826
-7.798
-6.962
-5.704
-4.882
-2.793
-2.767
-1.76
-1.809
-1.714
-2.623
-4.968
-5.816
-8.633
-7.499
-9.194
-8.731
-8.919
-5.432
-3.846
-4.325
-1.835
-3.93
-1.302
-2.413
-4.903
-4.139
-7.219
-10.768
-13.391
-15.776
-14.804
-13.113
-10.452
-10.506
-8.88
-5.428
-3.476
-0.581
-0.591
-1.874
-3.432
-4.41
-8.2
-9.467
-11.503
-14.072
-13.558
-10.948
-7.283
-4.579
-3.573
-3.268
-4.015
-5.261
-6.351
-9.944
-8.139
-9.195
-6.633
-5.569
-4.812
-2.721
-4.743
-6.084
-7.642
-7.288
-7.257
-5.147
-5.76
-4.002
-4.589
-1.955
-7.206
-9.368
-13.583
-11.194
-8.421
-9.012
-8.163
-11.458
-13.882
-15.316
-15.68
-15.397
-14.09
-12.727
-8.261
-5.937
-6.768
-9.975
-10.282
-11.405
-15.459
-14.607
-16.449
-16.981
-17.205
-15.27
-14.788
-15.36
-17.453
-16.673
-17.364
-16.207
-15.584
-15.256
-13.673
-9.422
-8.214
-11.738
-12.835
-16.093
-16.172
-15.813
-17.889
-17.339
-16.013
-12.67
-12.867
-12.935
-9.685
-7.673
-3.82
-3.579
-5.125
-4.481
-4.518
-7.256
-8.762
-10.943
-14.599
-14.448
-14.916
-14.093
-13.217
-11.331
-12.971
-11.165
-9.596
-11.04
-8.426
-8.695
-6.086
-5.219
-3.692
-3.493
-2.228
-1.499
-2.465
-2.127
-3.126
-4.514
-4.941
-6.492
-5.067
-8.268
-7.894
-6.125
-6.68
-8.166
-9.783
-10.509
-11.959
-10.86
-9.365
-6.469
-5.405
-4.439
-4.028
-1.931
-2.149
-0.296
-1.63
-0.455
-1.554
-1.653
-2.52
-2.525
-2.155
-1.343
-0.159
-1.744
-3.198
-3.894
-5.894
-8.096
-10.729
-11.251
-11.999
-10.535
-12.016
-12.309
-13.369
-11.094
-12.196
-11.988
-11.596
-10.279
-10.126
-7.031
-7.31
-9.214
-6.799
-6.575
-5.814
-5.119
-9.665
-11.042
-13.961
-12.569
-14.524
-13.493
-15.399
-14.01
-13.328
-14.025
-13.013
-10.678
-7.796
-7.094
-5.349
-8.369
-9.694
-8.229
-8.592
-3.686
-1.263
-0.12
-2.309
-6.327
-10.146
-11.04
-11.012
-10.835
-11.143
-11.09
-10.517
-8.7
-4.826
-6.448
-6.806
-9.796
-10.307
-10.154
-11.218
-9.082
-10.059
-4.95
-1.664
-9.498
-8.079
-9.509
-12.399
-11.707
-14.379
-12.751
-14.765
-12.438
-11.828
-9.987
-9.182
-9.199
-7.23
-5.148
-4.99
-6.367
-7.027
-8.371
-8.916
-9.896
-10.362
-8.56
-8.662
-6.495
-5.718
-6.879
-9.053
-9.796
-10.118
-10.261
-9.685
-8.643
-8.548
-10.589
-12.463
-12.036
-11.117
-13.49
-13.86
-14.877
-13.889
-13.015
-9.424
-6.004
-5.471
-3.071
-1.663
-0.787
-3.614
-5.59
-8.344
-9.142
-11.336
-11.524
-11.453
-12.179
-12.557
-13.508
-14.195
-14.299
-12.724
-11.009
-7.926
-6.229
-6.078
-5.357
-4.714
-5.413
-6.61
-7.978
-9.23
-10.824
-13.435
-14.304
-13.611
-12.862
-13.861
-13.656
-11.26
-9.519
-11.395
-11.876
-9.836
-9.498
-11.356
-12.244
-8.464
-9.117
-9.603
-9.544
-8.235
-8.184
-7.56
-5.016
-2.704
-1.712
-3.613
-5.207
-7.766
-9.888
-11.717
-12.934
-14.658
-15.533
-15.686
-15.109
-15.891
-14.891
-15.1
-12.44
-12.108
-9.162
-7.841
-10.047
-6.62
-5.826
-3.962
-1.586
-3.06
-3.224
-3.513
-3.979
-5.427
-4.725
-5.241
-3.795
-4.696
-6.002
-6.449
-7.737
-5.547
-5.037
-5.275
-8.302
-8.556
-8.952
-9.864
-7.891
-10.02
-8.841
-11.083
-9.951
-10.727
-9.224
-8.165
-7.056
-5.195
-3.878
-4.253
-3.042
-1.363
-2.452
-2.024
-2.98
-5.138
-5.927
-7.08
-6.616
-8.574
-7.769
-8.406
-5.95
-4.413
-3.832
-2.211
-3.671
-2.214
-3.424
-5.909
-5.742
-7.487
-10.748
-12.856
-15.626
-14.361
-11.132
-9.916
-8.485
-6.387
-4.231
-1.72
0.15
-0.422
-2.097
-3.529
-4.699
-8.243
-9.224
-11.862
-14.349
-12.664
-11.378
-7.706
-5.529
-4.088
-3.476
-3.756
-4.733
-5.598
-8.008
-7.314
-7.459
-6.03
-5.315
-3.353
-2.463
-4.077
-5.31
-6.813
-6.619
-6.076
-5.318
-6.498
-6.043
-5.174
-3.694
-13.548
-14.308
-15.919
-10.698
-8.918
-10.844
-7.562
-11.612
-12.885
-15.522
-15.618
-15.913
-12.377
-11.729
-11.773
-8.605
-7.707
-6.906
-11.382
-12.129
-14.812
-14.973
-18.046
-19.225
-19.405
-18.441
-17.665
-16.315
-18.854
-18.609
-18.208
-16.841
-16.852
-15.293
-12.253
-8.97
-9.917
-12.623
-13.493
-15.548
-16.013
-17.016
-19.877
-19.519
-19.876
-16.622
-13.306
-13.174
-8.913
-7.845
-3.861
-1.9
-3.795
-3.762
-5.525
-7.153
-7.076
-8.078
-12.476
-14.606
-14.876
-13.704
-12.925
-10.848
-12.427
-11.353
-9.219
-11.038
-8.71
-8.131
-6.356
-5.578
-4.162
-4.165
-2.651
-2.835
-2.737
-3.618
-3.611
-4.647
-4.958
-4.735
-4.896
-7.528
-7.728
-5.207
-6.708
-7.101
-8.474
-10.401
-12.272
-11.136
-9.331
-7.033
-6.131
-4.204
-3.996
-1.918
-2.151
-0.742
-2.156
-1.173
-1.469
-2.421
-3.353
-3.388
-2.824
-1.487
0.024
-1.883
-3.376
-4.549
-6.589
-7.745
-9.903
-12.003
-12.81
-10.78
-11.763
-11.403
-12.899
-11.324
-9.166
-9.83
-9.851
-7.865
-8.222
-6.028
-6.713
-6.722
-6.185
-6.917
-5.896
-5.697
-9.75
-10.807
-14.61
-14.909
-16.395
-15.973
-17.589
-14.507
-12.891
-13.777
-11.5
-10.799
-7.177
-5.859
-5.162
-8.872
-8.919
-5.459
-4.469
-4.902
-3.702
-3.244
-5.133
-9.909
-13.512
-9.383
-10.861
-13.005
-10.981
-13.606
-10.891
-8.533
-5.446
-6.498
-9.909
-11.215
-12.193
-9.95
-10.949
-9.305
-10.914
-4.089
-4.104
-8.184
-7.578
-10.731
-13.168
-12.863
-15.173
-13.572
-16.066
-13.844
-13.813
-11.435
-10.895
-15.14
-13.985
-10.471
-8.835
-7.827
-8.337
-10.481
-9.263
-9.745
-10.277
-8.847
-10.116
-7.454
-5.749
-6.977
-8.773
-9.703
-11.198
-10.551
-9.026
-7.5
-7.696
-10.114
-10.716
-9.487
-9.915
-11.988
-13.594
-15.254
-14.22
-12.567
-8.908
-5.267
-3.49
-2.183
-3.599
-0.159
-1.087
-3.996
-7.93
-8.198
-10.377
-10.554
-11.058
-12.786
-13.248
-13.214
-13.964
-14.149
-12.41
-11.212
-7.732
-6.229
-4.039
-3.675
-4.572
-5.527
-6.627
-7.789
-8.875
-12.217
-13.394
-13.75
-12.451
-11.885
-13.276
-13.579
-11.938
-10.444
-11.789
-12.535
-11.129
-9.834
-11.51
-12.209
-9.275
-9.799
-10.194
-11.021
-10.12
-9.885
-7.257
-5.621
-3.302
-2.211
-2.978
-3.491
-9.487
-12.098
-13.142
-14.059
-17.374
-17.511
-18.652
-18.354
-16.492
-14.985
-16.078
-12.556
-12.25
-9.271
-5.57
-10.436
-7.495
-7.794
-6.927
-4.318
-3.739
-2.39
-2.783
-3.516
-4.326
-4.359
-5.181
-4.31
-4.43
-5.299
-5.142
-5.816
-5.299
-6.043
-8.092
-8.139
-9.401
-8.959
-10.16
-8.969
-8.521
-8.713
-12
-9.174
-10.641
-9.439
-8.442
-6.471
-5.384
-5.092
-2.004
-1.349
-1.475
-2.05
-1.278
-2.897
-4.582
-5.95
-6.783
-5.966
-7.312
-6.928
-7.364
-4.051
-2.458
-2.348
-0.721
-0.332
-1.904
-2.434
-3.081
-2.871
-6.319
-10.58
-12.362
-14.465
-14.081
-11.783
-9.3
-9.821
-7.091
-5.143
-2.75
-0.87
-1.001
-0.472
-3.782
-4.319
-7.932
-9.917
-10.871
-13.407
-12.257
-9.36
-6.991
-4.148
-4.333
-2.264
-2.4
-3.99
-4.61
-8.546
-6.721
-7.406
-6.155
-5.629
-3.794
-3.847
-5.768
-5.688
-6.762
-6.356
-7.285
-5.331
-5.852
-4.572
-5.973
-2.185
-13.548
-14.308
-15.919
-10.698
-8.918
-10.844
-7.562
-11.612
-12.885
-15.522
-15.618
-15.913
-12.377
-11.729
-11.773
-8.605
-7.707
-6.906
-11.382
-12.129
-14.812
-14.973
-18.046
-19.225
-19.405
-18.441
-17.665
-16.315
-18.854
-18.609
-18.208
-16.841
-16.852
-15.293
-12.253
-8.97
-9.917
-12.623
-13.493
-15.548
-16.013
-17.016
-19.877
-19.519
-19.876
-16.622
-13.306
-13.174
-8.913
-7.845
-3.861
-1.9
-3.795
-3.762
-5.525
-7.153
-7.076
-8.078
-12.476
-14.606
-14.876
-13.704
-12.925
-10.848
-12.427
-11.353
-9.219
-11.038
-8.71
-8.131
-6.356
-5.578
-4.162
-4.165
-2.651
-2.835
-2.737
-3.618
-3.611
-4.647
-4.958
-4.735
-4.896
-7.528
-7.728
-5.207
-6.708
-7.101
-8.474
-10.401
-12.272
-11.136
-9.331
-7.033
-6.131
-4.204
-3.996
-1.918
-2.151
-0.742
-2.156
-1.173
-1.469
-2.421
-3.353
-3.388
-2.824
-1.487
0.024
-1.883
-3.376
-4.549
-6.589
-7.745
-9.903
-12.003
-12.81
-10.78
-11.763
-11.403
-12.899
-11.324
-9.166
-9.83
-9.851
-7.865
-8.222
-6.028
-6.713
-6.722
-6.185
-6.917
-5.896
-5.697
-9.75
-10.807
-14.61
-14.909
-16.395
-15.973
-17.589
-14.507
-12.891
-13.777
-11.5
-10.799
-7.177
-5.859
-5.162
-8.872
-8.919
-5.459
-4.469
-4.902
-3.702
-3.244
-5.133
-9.909
-13.512
-9.383
-10.861
-13.005
-10.981
-13.606
-10.891
-8.533
-5.446
-6.498
-9.909
-11.215
-12.193
-9.95
-10.949
-9.305
-10.914
-4.089
-4.104
-8.184
-7.578
-10.731
-13.168
-12.863
-15.173
-13.572
-16.066
-13.844
-13.813
-11.435
-10.895
-15.14
-13.985
-10.471
-8.835
-7.827
-8.337
-10.481
-9.263
-9.745
-10.277
-8.847
-10.116
-7.454
-5.749
-6.977
-8.773
-9.703
-11.198
-10.551
-9.026
-7.5
-7.696
-10.114
-10.716
-9.487
-9.915
-11.988
-13.594
-15.254
-14.22
-12.567
-8.908
-5.267
-3.49
-2.183
-3.599
-0.159
-1.087
-3.996
-7.93
-8.198
-10.377
-10.554
-11.058
-12.786
-13.248
-13.214
-13.964
-14.149
-12.41
-11.212
-7.732
-6.229
-4.039
-3.675
-4.572
-5.527
-6.627
-7.789
-8.875
-12.217
-13.394
-13.75
-12.451
-11.885
-13.276
-13.579
-11.938
-10.444
-11.789
-12.535
-11.129
-9.834
-11.51
-12.209
-9.275
-9.799
-10.194
-11.021
-10.12
-9.885
-7.257
-5.621
-3.302
-2.211
-2.978
-3.491
-9.487
-12.098
-13.142
-14.059
-17.374
-17.511
-18.652
-18.354
-16.492
-14.985
-16.078
-12.556
-12.25
-9.271
-5.57
-10.436
-7.495
-7.794
-6.927
-4.318
-3.739
-2.39
-2.783
-3.516
-4.326
-4.359
-5.181
-4.31
-4.43
-5.299
-5.142
-5.816
-5.299
-6.043
-8.092
-8.139
-9.401
-8.959
-10.16
-8.969
-8.521
-8.713
-12
-9.174
-10.641
-9.439
-8.442
-6.471
-5.384
-5.092
-2.004
-1.349
-1.475
-2.05
-1.278
-2.897
-4.582
-5.95
-6.783
-5.966
-7.312
-6.928
-7.364
-4.051
-2.458
-2.348
-0.721
-0.332
-1.904
-2.434
-3.081
-2.871
-6.319
-10.58
-12.362
-14.465
-14.081
-11.783
-9.3
-9.821
-7.091
-5.143
-2.75
-0.87
-1.001
-0.472
-3.782
-4.319
-7.932
-9.917
-10.871
-13.407
-12.257
-9.36
-6.991
-4.148
-4.333
-2.264
-2.4
-3.99
-4.61
-8.546
-6.721
-7.406
-6.155
-5.629
-3.794
-3.847
-5.768
-5.688
-6.762
-6.356
-7.285
-5.331
-5.852
-4.572
-5.973
-2.185
