0 -25.82
0 -27.847
0 -26.572
0 -26.478
0 -23.543
0 -18.825
0 -15.21
0 -11.184
0 -9.099
0 -8.831
0 -11.473
0 -14.943
0 -15.888
0 -20.219
1 -20.27
0 -22.183
0 -18.977
1 -15.796
0 -14.955
0 -15.906
0 -11.996
0 -10.709
0 -10.473
0 -15.744
0 -14.008
0 -18.478
0 -17.146
0 -20.461
0 -27.218
0 -23.985
0 -21.416
0 -26.535
1 -27.683
0 -30.193
0 -28.808
0 -30.361
0 -26.551
0 -26.755
0 -23.817
0 -18.295
0 -18.276
0 -17.147
0 -12.377
0 -15.64
0 -12.588
0 -13.846
0 -8.204
0 -12.185
0 -10.175
0 -11.846
0 -15.331
0 -14.596
0 -11.96
0 -18.172
0 -19.876
0 -18.741
0 -18.398
0 -16.817
0 -12.448
0 -14.563
0 -19.795
0 -21.343
0 -24.779
0 -27.037
0 -30.597
0 -30.197
0 -31.047
0 -30.662
0 -28.079
0 -25.489
0 -25.566
0 -22.748
0 -19.122
0 -18.852
0 -14.201
0 -17.018
0 -20.965
0 -17.086
0 -16.226
0 -15.454
0 -11.24
0 -11.063
1 -7.692
1 -4.881
1 -3.152
1 -2.827
1 -4.057
1 -5.213
1 -9.216
0 -12.39
0 -13.474
0 -12.207
0 -13.409
0 -17.282
0 -19.232
0 -19.792
0 -25.61
0 -23.022
0 -20.992
0 -19.096
0 -21.999
0 -19.293
0 -18.3
0 -16.379
0 -11.306
0 -12.027
0 -14.694
0 -13.122
0 -12.822
0 -12.556
0 -10.009
1 -8.941
1 -6.523
1 -6.264
1 -5.941
0 -10.016
1 -8.917
1 -12.602
0 -13.337
0 -18.231
0 -21.565
0 -24.231
0 -26.563
0 -22.068
0 -24.884
0 -29.554
0 -33.431
0 -33.99
0 -31.484
0 -30.596
0 -25.844
0 -25.121
0 -27.551
0 -27.84
0 -33.433
0 -29.647
0 -29.085
0 -26.523
0 -23.262
0 -19.723
0 -14.125
0 -13.459
0 -16.544
0 -17.835
0 -23.528
0 -25.655
0 -27.602
0 -31.337
0 -32.503
0 -33.218
0 -29.835
0 -30.254
0 -25.705
1 -23.001
0 -17.57
0 -12.14
0 -12.011
0 -14.105
0 -19.364
0 -20.885
0 -22.347
0 -21.156
0 -19.94
1 -13.663
1 -15.289
1 -12.316
1 -11.066
1 -16.886
1 -16.002
1 -20.266
1 -24.148
0 -23.936
0 -21.506
0 -17.376
0 -14.319
0 -13.745
0 -16.921
0 -21.268
0 -15.968
0 -13.37
0 -16.596
0 -17.656
0 -15.246
0 -14.045
0 -11.52
0 -10.92
0 -11.173
1 -6.852
1 -8.787
1 -6.082
1 -7.428
1 -9.756
1 -13.86
1 -17.08
1 -16.549
0 -17.409
0 -24.236
0 -24.775
0 -23.53
0 -26.703
0 -29.933
0 -28.143
0 -25.645
0 -29.602
0 -31.227
0 -26.984
0 -28.68
0 -31.364
0 -26.143
0 -23.957
0 -28.34
0 -27.428
0 -25.132
0 -27.152
0 -30.986
0 -28.153
0 -26.808
0 -24.518
0 -25.725
0 -29.642
0 -30.902
0 -33.031
0 -31.567
0 -30.034
0 -31.313
0 -32.019
0 -28.397
0 -26.784
0 -26.176
0 -24.465
0 -22.918
0 -21.702
0 -19.728
0 -17.301
0 -13.857
0 -15.773
0 -24.175
0 -28.245
0 -26.22
0 -26.091
0 -24.013
0 -19.245
0 -15.461
0 -11.15
0 -8.349
0 -9.138
0 -11.83
0 -14.499
0 -16.401
0 -19.934
1 -20.241
0 -22.907
0 -18.017
1 -13.659
0 -14.315
0 -15.435
0 -11.919
0 -10.044
0 -9.508
0 -14.039
0 -14.655
0 -19.303
0 -17.862
0 -21.455
0 -29.479
0 -26.305
0 -22.775
0 -28.082
1 -28.654
0 -30.445
0 -29.064
0 -30.424
0 -26.815
0 -27.301
0 -24.251
0 -18.166
0 -18.251
0 -17.888
0 -13.66
0 -16.216
0 -12.977
0 -14.152
0 -10.126
0 -11.927
0 -9.881
0 -11.714
0 -15.056
0 -14.693
0 -10.986
0 -18.425
0 -20.06
0 -18.534
0 -18.206
0 -16.93
0 -14.503
0 -16.744
0 -20.904
0 -20.941
0 -23.916
0 -27.297
0 -30.086
0 -30.263
0 -30.554
0 -29.732
0 -28.035
0 -25.27
0 -24.756
0 -22.686
0 -19.988
0 -18.741
0 -13.771
0 -16.538
0 -20.843
0 -17.604
0 -15.813
0 -15.766
0 -11.098
0 -11.197
1 -7.404
1 -4.943
1 -3.564
1 -3.288
1 -4.102
1 -4.653
1 -8.253
0 -12.029
0 -14.49
0 -13.079
0 -13.835
0 -17.614
0 -18.816
0 -22.193
0 -25.722
0 -25.06
0 -22.932
0 -19.438
0 -21.68
0 -18.614
0 -18.127
0 -16.88
0 -10.967
0 -12.541
0 -14.386
0 -13.317
0 -13.002
0 -12.289
0 -9.285
1 -6.824
1 -6.706
1 -7.057
1 -6.6
0 -10.819
1 -8.562
1 -12.18
0 -12.616
0 -18.691
0 -21.78
0 -24.575
0 -25.887
0 -23.134
0 -25.168
0 -30.215
0 -33.136
0 -34.334
0 -31.862
0 -30.849
0 -25.131
0 -26.225
0 -28.585
0 -28.019
0 -32.996
0 -30.367
0 -28.917
0 -26.383
0 -23.134
0 -19.414
0 -13.73
0 -12.967
0 -16.469
0 -17.21
0 -22.806
0 -26.44
0 -27.504
0 -32.28
0 -31.698
0 -33.883
0 -30.234
0 -29.744
0 -25.172
1 -23.732
0 -17.815
0 -11.677
0 -9.071
0 -14.265
0 -19.453
0 -20.307
0 -22.574
0 -21.652
0 -14.432
1 -15.11
1 -13.384
1 -10.431
1 -11.065
1 -16.077
1 -15.682
1 -20.34
1 -23.395
0 -23.428
0 -21.007
0 -17.277
0 -15.465
0 -14.516
0 -17.612
0 -20.391
0 -17.042
0 -13.415
0 -18.061
0 -17.944
0 -13.614
0 -13.651
0 -11.031
0 -9.607
0 -9.471
1 -7.488
1 -8.4
1 -5.948
1 -5.808
1 -10.334
1 -13.881
1 -16.414
1 -15.825
0 -17.481
0 -23.671
0 -24.253
0 -23.33
0 -26.43
0 -30.306
0 -27.27
0 -25.108
0 -29.966
0 -31.221
0 -27.085
0 -27.948
0 -30.685
0 -27.019
0 -22.892
0 -28.207
0 -28.179
0 -25.285
0 -26.17
0 -30.075
0 -27.249
0 -25.467
0 -25.369
0 -26.326
0 -29.383
0 -31.284
0 -33.965
0 -32.032
0 -30.401
0 -32.031
0 -30.951
0 -27.221
0 -27.663
0 -26.273
0 -23.478
0 -23.934
0 -21.06
0 -20.137
0 -16.58
0 -14.855
0 -14.371
0 -25.964
0 -28.759
0 -25.954
0 -26.832
0 -23.301
0 -19.546
0 -15.143
0 -10.633
0 -8.479
0 -9.473
0 -11.765
0 -15.461
0 -16.294
0 -20.041
1 -20.389
0 -23.433
0 -19.483
1 -16.038
0 -14.967
0 -16.256
0 -13.112
0 -11.685
0 -10.848
0 -14.077
0 -14.206
0 -18.436
0 -18.113
0 -21.488
0 -28.729
0 -25.346
0 -22.747
0 -27.624
1 -27.382
0 -31.487
0 -29.182
0 -29.919
0 -26.418
0 -27.255
0 -23.484
0 -17.726
0 -18.783
0 -17.095
0 -13.082
0 -15.894
0 -13.075
0 -14.581
0 -9.472
0 -11.709
0 -9.92
0 -11.792
0 -14.755
0 -14.156
0 -11.812
0 -17.979
0 -19.672
0 -18.744
0 -18.036
0 -16.646
0 -13.922
0 -17.068
0 -21.055
0 -22.359
0 -24.571
0 -26.972
0 -29.84
0 -29.511
0 -30.556
0 -29.456
0 -27.819
0 -26.006
0 -26.135
0 -22.558
0 -20.068
0 -18.592
0 -13.866
0 -16.506
0 -20.78
0 -17.204
0 -15.254
0 -15.33
0 -11.171
0 -11.155
1 -7.265
1 -5.053
1 -3.468
1 -3.664
1 -3.942
1 -5.007
1 -8.943
0 -12.517
0 -14.373
0 -12.794
0 -12.56
0 -15.947
0 -18.415
0 -18.373
0 -23.371
0 -23.101
0 -21.134
0 -18.802
0 -22.536
0 -18.997
0 -18.269
0 -16.698
0 -11.243
0 -12.588
0 -14.5
0 -13.151
0 -12.723
0 -12.357
0 -10.742
1 -7.37
1 -6.671
1 -6.59
1 -5.4
0 -10.516
1 -8.256
1 -12.621
0 -13.593
0 -18.896
0 -21.678
0 -23.89
0 -25.502
0 -21.996
0 -24.332
0 -30.012
0 -32.546
0 -34.046
0 -31.348
0 -30.411
0 -24.974
0 -24.222
0 -27.525
0 -28.615
0 -33.171
0 -30.03
0 -28.647
0 -26.796
0 -23.271
0 -19.842
0 -14.358
0 -13.342
0 -17.02
0 -17.711
0 -22.795
0 -25.469
0 -27.376
0 -31.492
0 -31.363
0 -33.53
0 -30.007
0 -30.168
0 -25.24
1 -22.853
0 -18.139
0 -12.549
0 -9.651
0 -14.267
0 -19.995
0 -20.8
0 -22.502
0 -21.072
0 -18.338
1 -13.361
1 -15.23
1 -14.702
1 -12.663
1 -15.989
1 -14.831
1 -21.188
1 -23.799
0 -23.284
0 -21.268
0 -17.15
0 -14.712
0 -13.451
0 -15.882
0 -19.541
0 -15.492
0 -13.038
0 -17.042
0 -17.683
0 -14.774
0 -13.827
0 -11.948
0 -11.289
0 -11.324
1 -7.117
1 -8.915
1 -5.964
1 -6.372
1 -8.81
1 -13.94
1 -16.997
1 -16.655
0 -17.417
0 -22.904
0 -23.821
0 -22.483
0 -25.361
0 -30.211
0 -28.114
0 -25.151
0 -30.769
0 -30.815
0 -27.012
0 -27.898
0 -30.329
0 -27.267
0 -23.384
0 -29.153
0 -28.156
0 -26.942
0 -27.553
0 -30.43
0 -29.194
0 -26.863
0 -24.114
0 -25.532
0 -29.455
0 -29.848
0 -33.219
0 -33.286
0 -31.846
0 -31.837
0 -31.108
0 -27.551
0 -26.814
0 -25.52
0 -24.182
0 -23.828
0 -21.483
0 -19.274
0 -17.286
0 -14.064
0 -13.279
0 -26.144
0 -29.182
0 -27.11
0 -27.483
0 -23.909
0 -18.686
0 -15.696
0 -11.242
0 -8.845
0 -10.247
0 -11.976
0 -16.032
0 -16.394
0 -21.077
1 -20.896
0 -22.269
0 -19.619
1 -16.143
0 -14.937
0 -17.113
0 -13.247
0 -12.738
0 -11.922
0 -15.065
0 -16.18
0 -19.203
0 -19.373
0 -23.082
0 -29.922
0 -27.636
0 -24.215
0 -28.661
1 -29.516
0 -31.762
0 -29.006
0 -29.96
0 -26.848
0 -27.017
0 -23.311
0 -17.722
0 -11.939
0 -7.859
0 -7.459
0 -13.203
0 -11.398
0 -12.047
0 -10.954
0 -12.527
0 -9.273
0 -11.097
0 -14.093
0 -14.795
0 -11.903
0 -18.614
0 -20.09
0 -19.076
0 -18.615
0 -17.182
0 -14.01
0 -14.298
0 -20.366
0 -20.312
0 -23.677
0 -27.088
0 -30.286
0 -30.685
0 -31.226
0 -30.985
0 -28.333
0 -26.45
0 -25.822
0 -22.221
0 -19.081
0 -18.587
0 -13.674
0 -17.211
0 -20.624
0 -17.537
0 -15.89
0 -15.441
0 -11.564
0 -11.418
1 -6.927
1 -5.025
1 -3.676
1 -3.527
1 -3.844
1 -4.628
1 -8.109
0 -11.874
0 -13.257
0 -12.413
0 -13.473
0 -19.01
0 -20.101
0 -19.764
0 -25.063
0 -23.955
0 -22.504
0 -19.249
0 -21.715
0 -18.842
0 -18.317
0 -16.046
0 -11.324
0 -12.185
0 -15.109
0 -13.333
0 -12.52
0 -11.922
0 -10.386
1 -8.192
1 -6.874
1 -8.04
1 -5.628
0 -11.009
1 -8.228
1 -12.118
0 -13.562
0 -18.751
0 -21.015
0 -24.946
0 -26.013
0 -22.381
0 -24.935
0 -30.054
0 -32.745
0 -34.737
0 -31.324
0 -31.581
0 -27.102
0 -26.205
0 -27.872
0 -27.445
0 -34.187
0 -30.775
0 -28.969
0 -27.379
0 -23.572
0 -19.819
0 -14.488
0 -13.727
0 -17.403
0 -18.12
0 -24
0 -27.119
0 -28.367
0 -31.888
0 -32.483
0 -34.047
0 -30.846
0 -30.531
0 -27.024
1 -23.247
0 -18.126
0 -12.108
0 -13.86
0 -13.179
0 -17.966
0 -20.823
0 -22.55
0 -20.294
0 -15.118
1 -13.442
1 -14.672
1 -10.916
1 -11.523
1 -16.492
1 -15.35
1 -20.087
1 -24.121
0 -23.473
0 -21.514
0 -17.104
0 -16.222
0 -14.449
0 -17.506
0 -20.579
0 -17.227
0 -13.301
0 -18.098
0 -17.543
0 -13.207
0 -13.187
0 -10.52
0 -8.503
0 -8.507
1 -4.872
1 -3.482
1 -6.871
1 -8.479
1 -9.561
1 -13.356
1 -17.08
1 -16.335
0 -17.2
0 -23.768
0 -24.846
0 -22.969
0 -25.053
0 -31.058
0 -27.658
0 -25.771
0 -30.304
0 -31.804
0 -27.05
0 -28.362
0 -31.101
0 -27.796
0 -23.77
0 -27.435
0 -26.928
0 -23.796
0 -26.052
0 -29.273
0 -26.912
0 -25.865
0 -23.976
0 -25.209
0 -29.588
0 -30.477
0 -34.108
0 -33.67
0 -31.401
0 -32.321
0 -33.262
0 -29.58
0 -29.929
0 -27.918
0 -24.582
0 -25.683
0 -23.412
0 -22.184
0 -19.029
0 -15.341
0 -16.264
0 -25.674
0 -29.599
0 -27.178
0 -26.9
0 -23.789
0 -18.606
0 -15.024
0 -11.093
0 -8.852
0 -10.441
0 -11.872
0 -16.145
0 -16.538
0 -20.63
1 -20.867
0 -22.438
0 -19.58
1 -16.842
0 -14.888
0 -16.587
0 -12.992
0 -12.393
0 -10.792
0 -14.739
0 -14.548
0 -18.568
0 -18.355
0 -22.096
0 -29.293
0 -26.33
0 -24.135
0 -28.353
1 -29.557
0 -31.864
0 -28.901
0 -30.582
0 -27.002
0 -26.961
0 -23.85
0 -17.636
0 -12.402
0 -7.96
0 -8.006
0 -13.266
0 -11.494
0 -11.307
0 -11.04
0 -12.451
0 -9.431
0 -11.153
0 -14.407
0 -14.89
0 -12.016
0 -18.741
0 -20.194
0 -19.014
0 -18.432
0 -16.722
0 -14.513
0 -16.435
0 -20.392
0 -20.678
0 -23.82
0 -27.214
0 -30.309
0 -29.999
0 -31.19
0 -30.966
0 -28.703
0 -25.904
0 -25.846
0 -22.248
0 -18.961
0 -18.637
0 -13.664
0 -17.175
0 -20.984
0 -17.463
0 -15.788
0 -15.353
0 -11.589
0 -11.417
1 -6.919
1 -5.02
1 -3.914
1 -3.525
1 -3.836
1 -4.351
1 -7.836
0 -12.357
0 -13.32
0 -11.992
0 -13.171
0 -18.641
0 -20.184
0 -19.21
0 -25.426
0 -23.787
0 -22.6
0 -17.694
0 -22.372
0 -17.939
0 -18.664
0 -16.112
0 -11.35
0 -12.125
0 -15.097
0 -13.307
0 -12.522
0 -11.963
0 -10.964
1 -8.177
1 -7.1
1 -8.157
1 -5.595
0 -10.921
1 -8.329
1 -12.599
0 -13.664
0 -18.68
0 -21.688
0 -24.545
0 -25.883
0 -22.395
0 -25.2
0 -30.156
0 -32.654
0 -34.685
0 -31.732
0 -31.51
0 -26.979
0 -24.615
0 -27.88
0 -26.974
0 -34.078
0 -31.131
0 -28.999
0 -26.897
0 -23.333
0 -19.554
0 -14.647
0 -13.461
0 -17.326
0 -18.083
0 -24.449
0 -26.844
0 -28.474
0 -32.332
0 -32.322
0 -34.181
0 -30.724
0 -31.055
0 -26.441
1 -22.648
0 -18.513
0 -12.069
0 -13.319
0 -12.734
0 -17.695
0 -20.54
0 -22.317
0 -21.659
0 -16.231
1 -14.448
1 -15.936
1 -12.04
1 -12.195
1 -16.72
1 -15.227
1 -20.032
1 -24.397
0 -23.019
0 -21.254
0 -17.293
0 -16.29
0 -14.391
0 -16.865
0 -20.626
0 -15.767
0 -13.181
0 -18.186
0 -17.923
0 -14.367
0 -13.192
0 -10.738
0 -8.29
0 -8.058
1 -4.945
1 -3.781
1 -7.159
1 -8.531
1 -9.518
1 -13.403
1 -17.469
1 -17.009
0 -16.965
0 -24.14
0 -25.068
0 -23.946
0 -25.808
0 -31.118
0 -28.393
0 -26.118
0 -30.181
0 -32.06
0 -26.458
0 -28.49
0 -30.949
0 -27.637
0 -24.129
0 -28.488
0 -27.583
0 -26.562
0 -26.704
0 -30.448
0 -28.472
0 -28.648
0 -24.959
0 -25.288
0 -29.505
0 -31.51
0 -34.988
0 -33.248
0 -30.794
0 -32.649
0 -33.06
0 -29.365
0 -29.604
0 -27.436
0 -25.534
0 -25.709
0 -22.721
0 -21.617
0 -18.397
0 -14.872
0 -15.911
0 -26.418
0 -29.755
0 -27.112
0 -27.435
0 -23.739
0 -19.408
0 -15.539
0 -10.928
0 -9.018
0 -10.3
0 -12.119
0 -16.126
0 -16.599
0 -21.309
1 -21.144
0 -22.675
0 -20.019
1 -16.742
0 -15.017
0 -17.024
0 -12.61
0 -12.653
0 -12.35
0 -15.488
0 -15.403
0 -19.597
0 -19.47
0 -23.072
0 -29.555
0 -27.337
0 -23.651
0 -28.428
1 -29.445
0 -31.319
0 -29.694
0 -30.602
0 -27.399
0 -26.84
0 -24.434
0 -17.773
0 -12.309
0 -7.863
0 -7.714
0 -13.172
0 -12.421
0 -12.134
0 -10.99
0 -12.431
0 -9.304
0 -11.173
0 -14.44
0 -14.653
0 -11.762
0 -18.612
0 -20.332
0 -19.134
0 -18.511
0 -15.936
0 -14.019
0 -15.636
0 -19.906
0 -21.137
0 -23.705
0 -26.94
0 -30.223
0 -30.323
0 -31.066
0 -30.609
0 -28.638
0 -25.697
0 -25.241
0 -21.111
0 -18.697
0 -18.557
0 -13.58
0 -16.933
0 -20.46
0 -17.166
0 -15.667
0 -15.359
0 -11.581
0 -11.515
1 -7.488
1 -5.247
1 -4.189
1 -3.325
1 -4.144
1 -4.481
1 -8.07
0 -11.839
0 -13.31
0 -11.793
0 -12.731
0 -18.237
0 -20.881
0 -18.981
0 -24.808
0 -22.644
0 -20.668
0 -18.352
0 -22.474
0 -18.117
0 -17.447
0 -16.098
0 -11.462
0 -12.655
0 -14.95
0 -12.996
0 -12.39
0 -11.975
0 -10.333
1 -7.822
1 -7.308
1 -8.026
1 -5.645
0 -11.256
1 -8.25
1 -12.001
0 -13.697
0 -17.86
0 -20.947
0 -24.469
0 -25.703
0 -22.05
0 -24.919
0 -29.533
0 -32.633
0 -34.332
0 -32.07
0 -32.145
0 -27.678
0 -24.749
0 -27.804
0 -28.638
0 -34.136
0 -30.252
0 -29.054
0 -26.847
0 -23.248
0 -20.12
0 -14.451
0 -13.393
0 -17.285
0 -17.975
0 -25.007
0 -26.89
0 -28.433
0 -32.219
0 -32.897
0 -34.028
0 -30.523
0 -30.827
0 -26.46
1 -22.605
0 -18.033
0 -11.911
0 -13.967
0 -13.088
0 -17.555
0 -19.278
0 -21.797
0 -19.987
0 -14.886
1 -13.458
1 -14.271
1 -11.141
1 -11.018
1 -16.458
1 -15.681
1 -20.761
1 -25.031
0 -24.13
0 -21.888
0 -17.802
0 -16.212
0 -13.054
0 -17.263
0 -19.506
0 -14.932
0 -12.76
0 -16.368
0 -16.516
0 -13.076
0 -12.297
0 -9.209
0 -8.574
0 -8.446
1 -4.798
1 -3.916
1 -6.554
1 -8.886
1 -9.541
1 -13.717
1 -17.546
1 -17.25
0 -17.805
0 -24.274
0 -25.428
0 -23.786
0 -26.186
0 -31.146
0 -28.046
0 -26.158
0 -30.103
0 -31.994
0 -27.186
0 -28.673
0 -30.66
0 -27.276
0 -23.612
0 -28.818
0 -27.397
0 -26.215
0 -25.99
0 -30.239
0 -28.259
0 -27.798
0 -24.174
0 -25.486
0 -29.229
0 -30.659
0 -34.38
0 -32.413
0 -31.484
0 -33.286
0 -33.348
0 -28.293
0 -29.157
0 -27.863
0 -25.606
0 -25.9
0 -22.755
0 -21.896
0 -18.972
0 -15.351
0 -16.414
0 -26.827
0 -30.135
0 -27.369
0 -26.407
0 -23.501
0 -18.499
0 -14.789
0 -10.623
0 -8.283
0 -8.932
0 -11.382
0 -15.078
0 -16.699
0 -20.386
1 -20.105
0 -18.89
0 -18.749
1 -14.461
0 -13.062
0 -14.84
0 -13.089
0 -11.673
0 -10.691
0 -15.161
0 -15.765
0 -19.465
0 -18.892
0 -23.315
0 -29.588
0 -27.838
0 -23.521
0 -29.381
1 -28.688
0 -31.38
0 -28.631
0 -30.298
0 -26.521
0 -27.277
0 -23.643
0 -17.66
0 -18.035
0 -16.614
0 -12.014
0 -15.453
0 -12.566
0 -14.406
0 -10.202
0 -12.375
0 -10.185
0 -11.192
0 -15.726
0 -14.901
0 -12.254
0 -17.758
0 -19.515
0 -18.544
0 -17.797
0 -16.644
0 -13.731
0 -14.967
0 -20.383
0 -20.02
0 -24.727
0 -26.906
0 -29.55
0 -29.992
0 -29.205
0 -29.471
0 -27.749
0 -26.163
0 -25.422
0 -22.951
0 -19.204
0 -19.028
0 -14.007
0 -17.107
0 -20.603
0 -16.53
0 -15.529
0 -15.698
0 -11.292
0 -11.483
1 -7.402
1 -5.104
1 -3.591
1 -3.176
1 -3.66
1 -4.459
1 -8.079
0 -11.569
0 -12.89
0 -12.276
0 -12.512
0 -16.518
0 -18.566
0 -19.647
0 -22.386
0 -21.675
0 -20.765
0 -18.894
0 -22.994
0 -19.191
0 -17.412
0 -16.147
0 -11.269
0 -11.823
0 -15.192
0 -12.857
0 -12.291
0 -12.552
0 -10.474
1 -7.789
1 -6.853
1 -7.536
1 -6.145
0 -10.467
1 -8.614
1 -11.609
0 -13.478
0 -17.731
0 -21.551
0 -24.726
0 -26.551
0 -22.086
0 -25.015
0 -29.765
0 -33.017
0 -33.775
0 -31.206
0 -30.901
0 -25.655
0 -25.367
0 -27.146
0 -27.859
0 -33.208
0 -28.152
0 -28.467
0 -26.594
0 -23.616
0 -20.063
0 -14.577
0 -13.377
0 -17.115
0 -18.083
0 -23.679
0 -26.119
0 -27.54
0 -30.687
0 -32.19
0 -32.962
0 -30.741
0 -29.487
0 -25.068
1 -23.459
0 -19.298
0 -12.881
0 -11.18
0 -13.229
0 -18.734
0 -20.495
0 -22.005
0 -22.535
0 -22.622
1 -14.9
1 -11.759
1 -12.044
1 -11.933
1 -16.405
1 -15.262
1 -20.36
1 -23.943
0 -23.667
0 -21.204
0 -16.898
0 -13.813
0 -13.222
0 -16.305
0 -20.616
0 -14.701
0 -12.809
0 -16.036
0 -17.045
0 -14.826
0 -14.098
0 -11.061
0 -9.524
0 -9.79
1 -8.075
1 -9.248
1 -6.211
1 -5.932
1 -9.211
1 -13.874
1 -17.099
1 -16.74
0 -17.24
0 -23.94
0 -24.647
0 -23.83
0 -26.044
0 -30.035
0 -27.965
0 -26.079
0 -30.575
0 -31.169
0 -27.495
0 -29.103
0 -30.701
0 -26.927
0 -24.262
0 -27.421
0 -27.373
0 -24.932
0 -25.663
0 -29.361
0 -24.302
0 -24.472
0 -22.873
0 -25.255
0 -28.926
0 -30.198
0 -34.19
0 -31.785
0 -31.199
0 -31.957
0 -32.833
0 -28.274
0 -28.109
0 -28.398
0 -25.532
0 -24.196
0 -22.538
0 -21.299
0 -18.377
0 -16.193
0 -16.56
0 -27.779
0 -29.728
0 -26.854
0 -26.801
0 -23.398
0 -19.293
0 -15.557
0 -11.227
0 -9.144
0 -9.204
0 -11.021
0 -14.579
0 -16.198
0 -20.637
1 -20.135
0 -17.245
0 -16.014
1 -12.583
0 -12.673
0 -14.035
0 -13.002
0 -11.279
0 -11.329
0 -15.496
0 -16.068
0 -19.872
0 -19.782
0 -23.742
0 -30.006
0 -28.106
0 -23.982
0 -29.58
1 -29.111
0 -32.667
0 -28.575
0 -29.666
0 -26.818
0 -26.624
0 -24.083
0 -17.829
0 -17.971
0 -16.449
0 -11.958
0 -15.494
0 -12.495
0 -14.596
0 -9.93
0 -12.097
0 -10.209
0 -11.515
0 -15.324
0 -14.856
0 -12.051
0 -17.995
0 -19.095
0 -17.951
0 -17.71
0 -16.354
0 -13.294
0 -13.945
0 -20.28
0 -20.471
0 -24.704
0 -26.984
0 -29.106
0 -30.884
0 -29.788
0 -29.204
0 -27.96
0 -25.59
0 -25.546
0 -22.245
0 -18.92
0 -18.836
0 -13.934
0 -17.481
0 -21.295
0 -16.645
0 -15.254
0 -15.407
0 -11.41
0 -11.689
1 -7.399
1 -5.243
1 -3.915
1 -3.756
1 -3.907
1 -4.465
1 -7.624
0 -11.418
0 -12.524
0 -12.386
0 -11.892
0 -17.342
0 -18.438
0 -19.749
0 -23.155
0 -21.982
0 -20.181
0 -18.098
0 -22.826
0 -18.729
0 -18.001
0 -16.072
0 -10.8
0 -11.707
0 -15.208
0 -12.835
0 -12.399
0 -12.613
0 -10.692
1 -7.696
1 -6.579
1 -6.184
1 -5.498
0 -10.229
1 -8.402
1 -11.472
0 -13.303
0 -17.832
0 -21.075
0 -24.651
0 -26.281
0 -21.998
0 -24.698
0 -29.734
0 -33.083
0 -34.074
0 -31.09
0 -31.541
0 -26.308
0 -24.974
0 -26.837
0 -28.468
0 -33.959
0 -28.217
0 -28.046
0 -25.848
0 -23.347
0 -19.33
0 -14.311
0 -13.698
0 -17.026
0 -18.29
0 -24.035
0 -26.107
0 -27.565
0 -30.674
0 -31.425
0 -33.285
0 -30.376
0 -29.89
0 -26.689
1 -23.712
0 -20.633
0 -12.938
0 -12.344
0 -12.874
0 -18.588
0 -20.771
0 -23.186
0 -21.723
0 -22.199
1 -13.755
1 -11.417
1 -12.245
1 -10.912
1 -16.299
1 -15.503
1 -19.124
1 -24.886
0 -24.046
0 -21.296
0 -17.242
0 -13.989
0 -13.11
0 -15.867
0 -19.912
0 -15.065
0 -12.591
0 -16.999
0 -17.467
0 -14.82
0 -13.965
0 -10.639
0 -9.094
0 -9.394
1 -6.952
1 -8.846
1 -5.926
1 -5.548
1 -9.348
1 -13.987
1 -16.932
1 -17.473
0 -18.925
0 -24.597
0 -24.526
0 -24.008
0 -26.13
0 -30.111
0 -28.439
0 -25.9
0 -30.552
0 -31.959
0 -26.931
0 -28.993
0 -30.741
0 -26.515
0 -23.85
0 -28.013
0 -27.56
0 -25.449
0 -26.73
0 -30.184
0 -25.996
0 -25.636
0 -23.568
0 -25.467
0 -28.412
0 -30.729
0 -34.744
0 -32.516
0 -31.876
0 -32.364
0 -32.815
0 -28.711
0 -27.935
0 -28.935
0 -25.726
0 -24.95
0 -22.258
0 -21.504
0 -18.623
0 -15.742
0 -16.715
0 -27.473
0 -30.465
0 -27.492
0 -26.479
0 -24.568
0 -19.7
0 -15.484
0 -11.838
0 -8.821
0 -9.178
0 -10.903
0 -15.405
0 -16.597
0 -20.49
1 -20.772
0 -19.668
0 -17.445
1 -14.614
0 -13.317
0 -14.456
0 -12.871
0 -12.402
0 -11.186
0 -15.637
0 -15.462
0 -19.692
0 -19.661
0 -23.629
0 -30.263
0 -28.44
0 -23.599
0 -29.077
1 -28.312
0 -31.55
0 -28.837
0 -29.847
0 -26.841
0 -26.295
0 -23.968
0 -17.368
0 -17.797
0 -16.028
0 -11.35
0 -14.574
0 -12.505
0 -13.939
0 -10.847
0 -12.217
0 -10.351
0 -11.55
0 -15.605
0 -14.773
0 -11.841
0 -18.693
0 -19.321
0 -17.671
0 -17.465
0 -15.509
0 -13.639
0 -14.312
0 -19.887
0 -20.63
0 -24.881
0 -27.177
0 -29.575
0 -30.08
0 -29.486
0 -28.994
0 -28.23
0 -26.12
0 -26.302
0 -22.33
0 -18.946
0 -18.71
0 -13.774
0 -17.087
0 -20.492
0 -16.924
0 -16.341
0 -15.544
0 -11.396
0 -11.43
1 -6.685
1 -5.005
1 -3.559
1 -3.314
1 -3.918
1 -4.731
1 -8.258
0 -11.629
0 -13.742
0 -12.482
0 -12.49
0 -17.158
0 -19.125
0 -17.719
0 -23.183
0 -20.59
0 -19.148
0 -18.097
0 -22.43
0 -18.849
0 -17.433
0 -16.255
0 -10.677
0 -12.263
0 -15.229
0 -13.045
0 -12.282
0 -12.946
0 -10.41
1 -7.512
1 -6.237
1 -6.028
1 -5.131
0 -9.869
1 -8.624
1 -11.989
0 -13.871
0 -18.316
0 -21.341
0 -24.329
0 -26.522
0 -22.201
0 -24.507
0 -29.8
0 -33.21
0 -34.207
0 -31.242
0 -30.091
0 -25.029
0 -24.506
0 -27.4
0 -26.962
0 -32.704
0 -28.145
0 -28.258
0 -26.384
0 -23.72
0 -20.319
0 -14.414
0 -13.024
0 -16.804
0 -18.399
0 -23.824
0 -26.062
0 -28.339
0 -30.652
0 -31.496
0 -32.419
0 -31.105
0 -29.685
0 -25.842
1 -24.909
0 -19.44
0 -13.154
0 -11.866
0 -12.591
0 -18.512
0 -19.804
0 -22.326
0 -20.494
0 -22.452
1 -14.521
1 -10.733
1 -11.632
1 -11.377
1 -16.179
1 -15.169
1 -19.708
1 -23.743
0 -23.985
0 -21.061
0 -17.205
0 -13.884
0 -13.337
0 -16.804
0 -20.446
0 -14.725
0 -12.58
0 -16.503
0 -16.947
0 -14.196
0 -13.467
0 -10.761
0 -9.518
0 -10.285
1 -6.913
1 -9.121
1 -5.843
1 -5.578
1 -8.563
1 -13.839
1 -16.67
1 -16.756
0 -18.294
0 -24.109
0 -24.681
0 -23.42
0 -25.349
0 -29.67
0 -27.594
0 -25.031
0 -28.495
0 -31.262
0 -27.075
0 -28.596
0 -31.188
0 -27.48
0 -24.638
0 -28.178
0 -27.744
0 -25.558
0 -26.092
0 -30.448
0 -26.159
0 -25.299
0 -21.994
0 -24.21
0 -27.608
0 -30.909
0 -33.869
0 -33.374
0 -32.809
0 -32.333
0 -32.915
0 -29.134
0 -28.228
0 -27.737
0 -25.11
0 -24.751
0 -22.506
0 -21.3
0 -18.475
0 -15.383
0 -16.19
