-25.82
-27.847
-26.572
-26.478
-23.543
-18.825
-15.21
-11.184
-9.099
-8.831
-11.473
-14.943
-15.888
-20.219
-20.27
-22.183
-18.977
-15.796
-14.955
-15.906
-11.996
-10.709
-10.473
-15.744
-14.008
-18.478
-17.146
-20.461
-27.218
-23.985
-21.416
-26.535
-27.683
-30.193
-28.808
-30.361
-26.551
-26.755
-23.817
-18.295
-18.276
-17.147
-12.377
-15.64
-12.588
-13.846
-8.204
-12.185
-10.175
-11.846
-15.331
-14.596
-11.96
-18.172
-19.876
-18.741
-18.398
-16.817
-12.448
-14.563
-19.795
-21.343
-24.779
-27.037
-30.597
-30.197
-31.047
-30.662
-28.079
-25.489
-25.566
-22.748
-19.122
-18.852
-14.201
-17.018
-20.965
-17.086
-16.226
-15.454
-11.24
-11.063
-7.692
-4.881
-3.152
-2.827
-4.057
-5.213
-9.216
-12.39
-13.474
-12.207
-13.409
-17.282
-19.232
-19.792
-25.61
-23.022
-20.992
-19.096
-21.999
-19.293
-18.3
-16.379
-11.306
-12.027
-14.694
-13.122
-12.822
-12.556
-10.009
-8.941
-6.523
-6.264
-5.941
-10.016
-8.917
-12.602
-13.337
-18.231
-21.565
-24.231
-26.563
-22.068
-24.884
-29.554
-33.431
-33.99
-31.484
-30.596
-25.844
-25.121
-27.551
-27.84
-33.433
-29.647
-29.085
-26.523
-23.262
-19.723
-14.125
-13.459
-16.544
-17.835
-23.528
-25.655
-27.602
-31.337
-32.503
-33.218
-29.835
-30.254
-25.705
-23.001
-17.57
-12.14
-12.011
-14.105
-19.364
-20.885
-22.347
-21.156
-19.94
-13.663
-15.289
-12.316
-11.066
-16.886
-16.002
-20.266
-24.148
-23.936
-21.506
-17.376
-14.319
-13.745
-16.921
-21.268
-15.968
-13.37
-16.596
-17.656
-15.246
-14.045
-11.52
-10.92
-11.173
-6.852
-8.787
-6.082
-7.428
-9.756
-13.86
-17.08
-16.549
-17.409
-24.236
-24.775
-23.53
-26.703
-29.933
-28.143
-25.645
-29.602
-31.227
-26.984
-28.68
-31.364
-26.143
-23.957
-28.34
-27.428
-25.132
-27.152
-30.986
-28.153
-26.808
-24.518
-25.725
-29.642
-30.902
-33.031
-31.567
-30.034
-31.313
-32.019
-28.397
-26.784
-26.176
-24.465
-22.918
-21.702
-19.728
-17.301
-13.857
-15.773
-24.175
-28.245
-26.22
-26.091
-24.013
-19.245
-15.461
-11.15
-8.349
-9.138
-11.83
-14.499
-16.401
-19.934
-20.241
-22.907
-18.017
-13.659
-14.315
-15.435
-11.919
-10.044
-9.508
-14.039
-14.655
-19.303
-17.862
-21.455
-29.479
-26.305
-22.775
-28.082
-28.654
-30.445
-29.064
-30.424
-26.815
-27.301
-24.251
-18.166
-18.251
-17.888
-13.66
-16.216
-12.977
-14.152
-10.126
-11.927
-9.881
-11.714
-15.056
-14.693
-10.986
-18.425
-20.06
-18.534
-18.206
-16.93
-14.503
-16.744
-20.904
-20.941
-23.916
-27.297
-30.086
-30.263
-30.554
-29.732
-28.035
-25.27
-24.756
-22.686
-19.988
-18.741
-13.771
-16.538
-20.843
-17.604
-15.813
-15.766
-11.098
-11.197
-7.404
-4.943
-3.564
-3.288
-4.102
-4.653
-8.253
-12.029
-14.49
-13.079
-13.835
-17.614
-18.816
-22.193
-25.722
-25.06
-22.932
-19.438
-21.68
-18.614
-18.127
-16.88
-10.967
-12.541
-14.386
-13.317
-13.002
-12.289
-9.285
-6.824
-6.706
-7.057
-6.6
-10.819
-8.562
-12.18
-12.616
-18.691
-21.78
-24.575
-25.887
-23.134
-25.168
-30.215
-33.136
-34.334
-31.862
-30.849
-25.131
-26.225
-28.585
-28.019
-32.996
-30.367
-28.917
-26.383
-23.134
-19.414
-13.73
-12.967
-16.469
-17.21
-22.806
-26.44
-27.504
-32.28
-31.698
-33.883
-30.234
-29.744
-25.172
-23.732
-17.815
-11.677
-9.071
-14.265
-19.453
-20.307
-22.574
-21.652
-14.432
-15.11
-13.384
-10.431
-11.065
-16.077
-15.682
-20.34
-23.395
-23.428
-21.007
-17.277
-15.465
-14.516
-17.612
-20.391
-17.042
-13.415
-18.061
-17.944
-13.614
-13.651
-11.031
-9.607
-9.471
-7.488
-8.4
-5.948
-5.808
-10.334
-13.881
-16.414
-15.825
-17.481
-23.671
-24.253
-23.33
-26.43
-30.306
-27.27
-25.108
-29.966
-31.221
-27.085
-27.948
-30.685
-27.019
-22.892
-28.207
-28.179
-25.285
-26.17
-30.075
-27.249
-25.467
-25.369
-26.326
-29.383
-31.284
-33.965
-32.032
-30.401
-32.031
-30.951
-27.221
-27.663
-26.273
-23.478
-23.934
-21.06
-20.137
-16.58
-14.855
-14.371
-25.964
-28.759
-25.954
-26.832
-23.301
-19.546
-15.143
-10.633
-8.479
-9.473
-11.765
-15.461
-16.294
-20.041
-20.389
-23.433
-19.483
-16.038
-14.967
-16.256
-13.112
-11.685
-10.848
-14.077
-14.206
-18.436
-18.113
-21.488
-28.729
-25.346
-22.747
-27.624
-27.382
-31.487
-29.182
-29.919
-26.418
-27.255
-23.484
-17.726
-18.783
-17.095
-13.082
-15.894
-13.075
-14.581
-9.472
-11.709
-9.92
-11.792
-14.755
-14.156
-11.812
-17.979
-19.672
-18.744
-18.036
-16.646
-13.922
-17.068
-21.055
-22.359
-24.571
-26.972
-29.84
-29.511
-30.556
-29.456
-27.819
-26.006
-26.135
-22.558
-20.068
-18.592
-13.866
-16.506
-20.78
-17.204
-15.254
-15.33
-11.171
-11.155
-7.265
-5.053
-3.468
-3.664
-3.942
-5.007
-8.943
-12.517
-14.373
-12.794
-12.56
-15.947
-18.415
-18.373
-23.371
-23.101
-21.134
-18.802
-22.536
-18.997
-18.269
-16.698
-11.243
-12.588
-14.5
-13.151
-12.723
-12.357
-10.742
-7.37
-6.671
-6.59
-5.4
-10.516
-8.256
-12.621
-13.593
-18.896
-21.678
-23.89
-25.502
-21.996
-24.332
-30.012
-32.546
-34.046
-31.348
-30.411
-24.974
-24.222
-27.525
-28.615
-33.171
-30.03
-28.647
-26.796
-23.271
-19.842
-14.358
-13.342
-17.02
-17.711
-22.795
-25.469
-27.376
-31.492
-31.363
-33.53
-30.007
-30.168
-25.24
-22.853
-18.139
-12.549
-9.651
-14.267
-19.995
-20.8
-22.502
-21.072
-18.338
-13.361
-15.23
-14.702
-12.663
-15.989
-14.831
-21.188
-23.799
-23.284
-21.268
-17.15
-14.712
-13.451
-15.882
-19.541
-15.492
-13.038
-17.042
-17.683
-14.774
-13.827
-11.948
-11.289
-11.324
-7.117
-8.915
-5.964
-6.372
-8.81
-13.94
-16.997
-16.655
-17.417
-22.904
-23.821
-22.483
-25.361
-30.211
-28.114
-25.151
-30.769
-30.815
-27.012
-27.898
-30.329
-27.267
-23.384
-29.153
-28.156
-26.942
-27.553
-30.43
-29.194
-26.863
-24.114
-25.532
-29.455
-29.848
-33.219
-33.286
-31.846
-31.837
-31.108
-27.551
-26.814
-25.52
-24.182
-23.828
-21.483
-19.274
-17.286
-14.064
-13.279
-26.144
-29.182
-27.11
-27.483
-23.909
-18.686
-15.696
-11.242
-8.845
-10.247
-11.976
-16.032
-16.394
-21.077
-20.896
-22.269
-19.619
-16.143
-14.937
-17.113
-13.247
-12.738
-11.922
-15.065
-16.18
-19.203
-19.373
-23.082
-29.922
-27.636
-24.215
-28.661
-29.516
-31.762
-29.006
-29.96
-26.848
-27.017
-23.311
-17.722
-11.939
-7.859
-7.459
-13.203
-11.398
-12.047
-10.954
-12.527
-9.273
-11.097
-14.093
-14.795
-11.903
-18.614
-20.09
-19.076
-18.615
-17.182
-14.01
-14.298
-20.366
-20.312
-23.677
-27.088
-30.286
-30.685
-31.226
-30.985
-28.333
-26.45
-25.822
-22.221
-19.081
-18.587
-13.674
-17.211
-20.624
-17.537
-15.89
-15.441
-11.564
-11.418
-6.927
-5.025
-3.676
-3.527
-3.844
-4.628
-8.109
-11.874
-13.257
-12.413
-13.473
-19.01
-20.101
-19.764
-25.063
-23.955
-22.504
-19.249
-21.715
-18.842
-18.317
-16.046
-11.324
-12.185
-15.109
-13.333
-12.52
-11.922
-10.386
-8.192
-6.874
-8.04
-5.628
-11.009
-8.228
-12.118
-13.562
-18.751
-21.015
-24.946
-26.013
-22.381
-24.935
-30.054
-32.745
-34.737
-31.324
-31.581
-27.102
-26.205
-27.872
-27.445
-34.187
-30.775
-28.969
-27.379
-23.572
-19.819
-14.488
-13.727
-17.403
-18.12
-24
-27.119
-28.367
-31.888
-32.483
-34.047
-30.846
-30.531
-27.024
-23.247
-18.126
-12.108
-13.86
-13.179
-17.966
-20.823
-22.55
-20.294
-15.118
-13.442
-14.672
-10.916
-11.523
-16.492
-15.35
-20.087
-24.121
-23.473
-21.514
-17.104
-16.222
-14.449
-17.506
-20.579
-17.227
-13.301
-18.098
-17.543
-13.207
-13.187
-10.52
-8.503
-8.507
-4.872
-3.482
-6.871
-8.479
-9.561
-13.356
-17.08
-16.335
-17.2
-23.768
-24.846
-22.969
-25.053
-31.058
-27.658
-25.771
-30.304
-31.804
-27.05
-28.362
-31.101
-27.796
-23.77
-27.435
-26.928
-23.796
-26.052
-29.273
-26.912
-25.865
-23.976
-25.209
-29.588
-30.477
-34.108
-33.67
-31.401
-32.321
-33.262
-29.58
-29.929
-27.918
-24.582
-25.683
-23.412
-22.184
-19.029
-15.341
-16.264
-25.674
-29.599
-27.178
-26.9
-23.789
-18.606
-15.024
-11.093
-8.852
-10.441
-11.872
-16.145
-16.538
-20.63
-20.867
-22.438
-19.58
-16.842
-14.888
-16.587
-12.992
-12.393
-10.792
-14.739
-14.548
-18.568
-18.355
-22.096
-29.293
-26.33
-24.135
-28.353
-29.557
-31.864
-28.901
-30.582
-27.002
-26.961
-23.85
-17.636
-12.402
-7.96
-8.006
-13.266
-11.494
-11.307
-11.04
-12.451
-9.431
-11.153
-14.407
-14.89
-12.016
-18.741
-20.194
-19.014
-18.432
-16.722
-14.513
-16.435
-20.392
-20.678
-23.82
-27.214
-30.309
-29.999
-31.19
-30.966
-28.703
-25.904
-25.846
-22.248
-18.961
-18.637
-13.664
-17.175
-20.984
-17.463
-15.788
-15.353
-11.589
-11.417
-6.919
-5.02
-3.914
-3.525
-3.836
-4.351
-7.836
-12.357
-13.32
-11.992
-13.171
-18.641
-20.184
-19.21
-25.426
-23.787
-22.6
-17.694
-22.372
-17.939
-18.664
-16.112
-11.35
-12.125
-15.097
-13.307
-12.522
-11.963
-10.964
-8.177
-7.1
-8.157
-5.595
-10.921
-8.329
-12.599
-13.664
-18.68
-21.688
-24.545
-25.883
-22.395
-25.2
-30.156
-32.654
-34.685
-31.732
-31.51
-26.979
-24.615
-27.88
-26.974
-34.078
-31.131
-28.999
-26.897
-23.333
-19.554
-14.647
-13.461
-17.326
-18.083
-24.449
-26.844
-28.474
-32.332
-32.322
-34.181
-30.724
-31.055
-26.441
-22.648
-18.513
-12.069
-13.319
-12.734
-17.695
-20.54
-22.317
-21.659
-16.231
-14.448
-15.936
-12.04
-12.195
-16.72
-15.227
-20.032
-24.397
-23.019
-21.254
-17.293
-16.29
-14.391
-16.865
-20.626
-15.767
-13.181
-18.186
-17.923
-14.367
-13.192
-10.738
-8.29
-8.058
-4.945
-3.781
-7.159
-8.531
-9.518
-13.403
-17.469
-17.009
-16.965
-24.14
-25.068
-23.946
-25.808
-31.118
-28.393
-26.118
-30.181
-32.06
-26.458
-28.49
-30.949
-27.637
-24.129
-28.488
-27.583
-26.562
-26.704
-30.448
-28.472
-28.648
-24.959
-25.288
-29.505
-31.51
-34.988
-33.248
-30.794
-32.649
-33.06
-29.365
-29.604
-27.436
-25.534
-25.709
-22.721
-21.617
-18.397
-14.872
-15.911
-26.418
-29.755
-27.112
-27.435
-23.739
-19.408
-15.539
-10.928
-9.018
-10.3
-12.119
-16.126
-16.599
-21.309
-21.144
-22.675
-20.019
-16.742
-15.017
-17.024
-12.61
-12.653
-12.35
-15.488
-15.403
-19.597
-19.47
-23.072
-29.555
-27.337
-23.651
-28.428
-29.445
-31.319
-29.694
-30.602
-27.399
-26.84
-24.434
-17.773
-12.309
-7.863
-7.714
-13.172
-12.421
-12.134
-10.99
-12.431
-9.304
-11.173
-14.44
-14.653
-11.762
-18.612
-20.332
-19.134
-18.511
-15.936
-14.019
-15.636
-19.906
-21.137
-23.705
-26.94
-30.223
-30.323
-31.066
-30.609
-28.638
-25.697
-25.241
-21.111
-18.697
-18.557
-13.58
-16.933
-20.46
-17.166
-15.667
-15.359
-11.581
-11.515
-7.488
-5.247
-4.189
-3.325
-4.144
-4.481
-8.07
-11.839
-13.31
-11.793
-12.731
-18.237
-20.881
-18.981
-24.808
-22.644
-20.668
-18.352
-22.474
-18.117
-17.447
-16.098
-11.462
-12.655
-14.95
-12.996
-12.39
-11.975
-10.333
-7.822
-7.308
-8.026
-5.645
-11.256
-8.25
-12.001
-13.697
-17.86
-20.947
-24.469
-25.703
-22.05
-24.919
-29.533
-32.633
-34.332
-32.07
-32.145
-27.678
-24.749
-27.804
-28.638
-34.136
-30.252
-29.054
-26.847
-23.248
-20.12
-14.451
-13.393
-17.285
-17.975
-25.007
-26.89
-28.433
-32.219
-32.897
-34.028
-30.523
-30.827
-26.46
-22.605
-18.033
-11.911
-13.967
-13.088
-17.555
-19.278
-21.797
-19.987
-14.886
-13.458
-14.271
-11.141
-11.018
-16.458
-15.681
-20.761
-25.031
-24.13
-21.888
-17.802
-16.212
-13.054
-17.263
-19.506
-14.932
-12.76
-16.368
-16.516
-13.076
-12.297
-9.209
-8.574
-8.446
-4.798
-3.916
-6.554
-8.886
-9.541
-13.717
-17.546
-17.25
-17.805
-24.274
-25.428
-23.786
-26.186
-31.146
-28.046
-26.158
-30.103
-31.994
-27.186
-28.673
-30.66
-27.276
-23.612
-28.818
-27.397
-26.215
-25.99
-30.239
-28.259
-27.798
-24.174
-25.486
-29.229
-30.659
-34.38
-32.413
-31.484
-33.286
-33.348
-28.293
-29.157
-27.863
-25.606
-25.9
-22.755
-21.896
-18.972
-15.351
-16.414
-26.827
-30.135
-27.369
-26.407
-23.501
-18.499
-14.789
-10.623
-8.283
-8.932
-11.382
-15.078
-16.699
-20.386
-20.105
-18.89
-18.749
-14.461
-13.062
-14.84
-13.089
-11.673
-10.691
-15.161
-15.765
-19.465
-18.892
-23.315
-29.588
-27.838
-23.521
-29.381
-28.688
-31.38
-28.631
-30.298
-26.521
-27.277
-23.643
-17.66
-18.035
-16.614
-12.014
-15.453
-12.566
-14.406
-10.202
-12.375
-10.185
-11.192
-15.726
-14.901
-12.254
-17.758
-19.515
-18.544
-17.797
-16.644
-13.731
-14.967
-20.383
-20.02
-24.727
-26.906
-29.55
-29.992
-29.205
-29.471
-27.749
-26.163
-25.422
-22.951
-19.204
-19.028
-14.007
-17.107
-20.603
-16.53
-15.529
-15.698
-11.292
-11.483
-7.402
-5.104
-3.591
-3.176
-3.66
-4.459
-8.079
-11.569
-12.89
-12.276
-12.512
-16.518
-18.566
-19.647
-22.386
-21.675
-20.765
-18.894
-22.994
-19.191
-17.412
-16.147
-11.269
-11.823
-15.192
-12.857
-12.291
-12.552
-10.474
-7.789
-6.853
-7.536
-6.145
-10.467
-8.614
-11.609
-13.478
-17.731
-21.551
-24.726
-26.551
-22.086
-25.015
-29.765
-33.017
-33.775
-31.206
-30.901
-25.655
-25.367
-27.146
-27.859
-33.208
-28.152
-28.467
-26.594
-23.616
-20.063
-14.577
-13.377
-17.115
-18.083
-23.679
-26.119
-27.54
-30.687
-32.19
-32.962
-30.741
-29.487
-25.068
-23.459
-19.298
-12.881
-11.18
-13.229
-18.734
-20.495
-22.005
-22.535
-22.622
-14.9
-11.759
-12.044
-11.933
-16.405
-15.262
-20.36
-23.943
-23.667
-21.204
-16.898
-13.813
-13.222
-16.305
-20.616
-14.701
-12.809
-16.036
-17.045
-14.826
-14.098
-11.061
-9.524
-9.79
-8.075
-9.248
-6.211
-5.932
-9.211
-13.874
-17.099
-16.74
-17.24
-23.94
-24.647
-23.83
-26.044
-30.035
-27.965
-26.079
-30.575
-31.169
-27.495
-29.103
-30.701
-26.927
-24.262
-27.421
-27.373
-24.932
-25.663
-29.361
-24.302
-24.472
-22.873
-25.255
-28.926
-30.198
-34.19
-31.785
-31.199
-31.957
-32.833
-28.274
-28.109
-28.398
-25.532
-24.196
-22.538
-21.299
-18.377
-16.193
-16.56
-27.779
-29.728
-26.854
-26.801
-23.398
-19.293
-15.557
-11.227
-9.144
-9.204
-11.021
-14.579
-16.198
-20.637
-20.135
-17.245
-16.014
-12.583
-12.673
-14.035
-13.002
-11.279
-11.329
-15.496
-16.068
-19.872
-19.782
-23.742
-30.006
-28.106
-23.982
-29.58
-29.111
-32.667
-28.575
-29.666
-26.818
-26.624
-24.083
-17.829
-17.971
-16.449
-11.958
-15.494
-12.495
-14.596
-9.93
-12.097
-10.209
-11.515
-15.324
-14.856
-12.051
-17.995
-19.095
-17.951
-17.71
-16.354
-13.294
-13.945
-20.28
-20.471
-24.704
-26.984
-29.106
-30.884
-29.788
-29.204
-27.96
-25.59
-25.546
-22.245
-18.92
-18.836
-13.934
-17.481
-21.295
-16.645
-15.254
-15.407
-11.41
-11.689
-7.399
-5.243
-3.915
-3.756
-3.907
-4.465
-7.624
-11.418
-12.524
-12.386
-11.892
-17.342
-18.438
-19.749
-23.155
-21.982
-20.181
-18.098
-22.826
-18.729
-18.001
-16.072
-10.8
-11.707
-15.208
-12.835
-12.399
-12.613
-10.692
-7.696
-6.579
-6.184
-5.498
-10.229
-8.402
-11.472
-13.303
-17.832
-21.075
-24.651
-26.281
-21.998
-24.698
-29.734
-33.083
-34.074
-31.09
-31.541
-26.308
-24.974
-26.837
-28.468
-33.959
-28.217
-28.046
-25.848
-23.347
-19.33
-14.311
-13.698
-17.026
-18.29
-24.035
-26.107
-27.565
-30.674
-31.425
-33.285
-30.376
-29.89
-26.689
-23.712
-20.633
-12.938
-12.344
-12.874
-18.588
-20.771
-23.186
-21.723
-22.199
-13.755
-11.417
-12.245
-10.912
-16.299
-15.503
-19.124
-24.886
-24.046
-21.296
-17.242
-13.989
-13.11
-15.867
-19.912
-15.065
-12.591
-16.999
-17.467
-14.82
-13.965
-10.639
-9.094
-9.394
-6.952
-8.846
-5.926
-5.548
-9.348
-13.987
-16.932
-17.473
-18.925
-24.597
-24.526
-24.008
-26.13
-30.111
-28.439
-25.9
-30.552
-31.959
-26.931
-28.993
-30.741
-26.515
-23.85
-28.013
-27.56
-25.449
-26.73
-30.184
-25.996
-25.636
-23.568
-25.467
-28.412
-30.729
-34.744
-32.516
-31.876
-32.364
-32.815
-28.711
-27.935
-28.935
-25.726
-24.95
-22.258
-21.504
-18.623
-15.742
-16.715
-27.473
-30.465
-27.492
-26.479
-24.568
-19.7
-15.484
-11.838
-8.821
-9.178
-10.903
-15.405
-16.597
-20.49
-20.772
-19.668
-17.445
-14.614
-13.317
-14.456
-12.871
-12.402
-11.186
-15.637
-15.462
-19.692
-19.661
-23.629
-30.263
-28.44
-23.599
-29.077
-28.312
-31.55
-28.837
-29.847
-26.841
-26.295
-23.968
-17.368
-17.797
-16.028
-11.35
-14.574
-12.505
-13.939
-10.847
-12.217
-10.351
-11.55
-15.605
-14.773
-11.841
-18.693
-19.321
-17.671
-17.465
-15.509
-13.639
-14.312
-19.887
-20.63
-24.881
-27.177
-29.575
-30.08
-29.486
-28.994
-28.23
-26.12
-26.302
-22.33
-18.946
-18.71
-13.774
-17.087
-20.492
-16.924
-16.341
-15.544
-11.396
-11.43
-6.685
-5.005
-3.559
-3.314
-3.918
-4.731
-8.258
-11.629
-13.742
-12.482
-12.49
-17.158
-19.125
-17.719
-23.183
-20.59
-19.148
-18.097
-22.43
-18.849
-17.433
-16.255
-10.677
-12.263
-15.229
-13.045
-12.282
-12.946
-10.41
-7.512
-6.237
-6.028
-5.131
-9.869
-8.624
-11.989
-13.871
-18.316
-21.341
-24.329
-26.522
-22.201
-24.507
-29.8
-33.21
-34.207
-31.242
-30.091
-25.029
-24.506
-27.4
-26.962
-32.704
-28.145
-28.258
-26.384
-23.72
-20.319
-14.414
-13.024
-16.804
-18.399
-23.824
-26.062
-28.339
-30.652
-31.496
-32.419
-31.105
-29.685
-25.842
-24.909
-19.44
-13.154
-11.866
-12.591
-18.512
-19.804
-22.326
-20.494
-22.452
-14.521
-10.733
-11.632
-11.377
-16.179
-15.169
-19.708
-23.743
-23.985
-21.061
-17.205
-13.884
-13.337
-16.804
-20.446
-14.725
-12.58
-16.503
-16.947
-14.196
-13.467
-10.761
-9.518
-10.285
-6.913
-9.121
-5.843
-5.578
-8.563
-13.839
-16.67
-16.756
-18.294
-24.109
-24.681
-23.42
-25.349
-29.67
-27.594
-25.031
-28.495
-31.262
-27.075
-28.596
-31.188
-27.48
-24.638
-28.178
-27.744
-25.558
-26.092
-30.448
-26.159
-25.299
-21.994
-24.21
-27.608
-30.909
-33.869
-33.374
-32.809
-32.333
-32.915
-29.134
-28.228
-27.737
-25.11
-24.751
-22.506
-21.3
-18.475
-15.383
-16.19
