0 -1.748
0 -1.503
0 -2.25
0 -2.223
0 -1.85
0 -1.116
0 -0.417
0 0.524
0 0.756
0 1.23
0 2.503
0 2.479
0 3.143
0 4.294
0 5.128
0 5.02
0 5.825
0 6.652
0 7.713
0 7.199
0 5.8
0 6.323
0 5.952
0 4.859
0 5.201
0 4.16
0 3.843
0 2.565
0 2.436
0 1.636
0 0.083
0 -2.908
0 -4.828
0 -4.897
0 -5.825
0 -6.254
0 -6.068
0 -6.243
0 -7.477
0 -8.165
0 -7.084
0 -6.165
0 -5.552
0 -6.965
0 -6.611
0 -6.194
0 -8.005
0 -9.012
0 -8.602
0 -10.804
0 -14.027
0 -12.453
0 -12.21
0 -13.591
0 -12.181
0 -12.233
0 -11.717
0 -12.967
0 -13.636
0 -12.559
0 -13.219
0 -13.045
0 -11.88
0 -8.213
0 -9.156
0 -7.92
0 -10.112
0 -11.473
0 -9.812
0 -11.034
0 -6.879
0 -6.123
0 -6.727
0 -9.358
0 -12.337
0 -10.313
0 -10.377
0 -13.035
0 -12.16
0 -7.499
0 -10.351
0 -10.169
0 -6.22
0 -5.674
0 -8.434
0 -7.099
0 -3.217
0 -3.147
0 -4.497
0 -4.571
0 -1.413
0 -1.109
0 -0.891
0 -1.295
0 -2.088
0 -2.64
0 -2.575
0 -2.696
0 -2.635
0 -4.172
0 -3.546
0 -3.141
0 -4.51
0 -4.647
0 -3.171
0 -2.088
0 -3.42
0 -5.129
0 -4.352
0 -4.375
0 -4.521
0 -5.391
0 -4.108
0 -1.518
0 -1.694
0 -2.306
0 -2.239
0 -2.248
0 -0.892
0 -0.332
0 0.571
0 0.924
0 1.573
0 2.716
0 2.838
0 3.268
0 4.116
0 4.872
0 5.268
0 5.589
0 6.717
0 7.3
0 7.049
0 5.701
0 6.09
0 6.206
0 4.895
0 5.484
0 4.309
0 4.504
0 3.241
0 2.775
0 1.581
0 0.553
0 -1.942
0 -4.613
0 -4.908
0 -6.258
0 -5.663
0 -6.12
0 -6.118
0 -7.283
0 -8.443
0 -6.975
0 -5.761
0 -5.946
0 -7.1
0 -6.86
0 -6.015
0 -8.381
0 -8.474
0 -7.628
0 -11.212
0 -14.051
0 -12.606
0 -12.57
0 -13.106
0 -12.232
0 -12.777
0 -11.35
0 -12.889
0 -13.359
0 -12.337
0 -13.02
0 -13.512
0 -11.992
0 -8.099
0 -8.53
0 -7.743
0 -10.281
0 -11.853
0 -10.399
0 -11.014
0 -6.731
0 -7.466
0 -7.384
0 -9.673
0 -12.094
0 -10.327
0 -9.659
0 -12.042
0 -12.07
0 -8.651
0 -10.122
0 -12.032
0 -6.158
0 -6.034
0 -8.422
0 -6.696
0 -3.702
0 -3.453
0 -4.798
0 -4.667
0 -0.813
0 -1.695
0 -1.141
0 -1.982
0 -2.39
0 -2.947
0 -3.071
0 -2.717
0 -2.518
0 -4.218
0 -3.223
0 -3.123
0 -4.028
0 -4.722
0 -2.581
0 -1.636
0 -3.061
0 -3.674
0 -4.023
0 -4.016
0 -4.766
0 -5.523
0 -3.725
0 -1.811
0 -1.659
0 -2.366
0 -2.311
0 -1.951
0 -1.281
0 -0.471
0 0.418
0 0.799
0 1.251
0 2.441
0 2.71
0 3.158
0 3.883
0 4.895
0 5.111
0 5.32
0 6.708
0 7.028
0 7.138
0 5.838
0 5.999
0 6.119
0 4.767
0 4.301
0 3.992
0 3.796
0 2.214
0 2.661
0 1.449
0 -0.195
0 -2.829
0 -5.016
0 -4.551
0 -5.802
0 -5.595
0 -7.249
0 -6.469
0 -7.975
0 -8.147
0 -6.181
0 -5.627
0 -5.425
0 -7.418
0 -7.017
0 -5.929
0 -8.755
0 -9.019
0 -8.511
0 -10.933
0 -13.166
0 -13.139
0 -11.687
0 -13.398
0 -12.443
0 -13.06
0 -11.784
0 -12.809
0 -13.508
0 -12.7
0 -13.471
0 -13.306
0 -11.985
0 -8.981
0 -9.367
0 -7.743
0 -10.212
0 -11.799
0 -10.495
0 -11.257
0 -7.183
0 -6.688
0 -7.047
0 -9.515
0 -12.411
0 -10.508
0 -9.949
0 -12.444
0 -12.55
0 -9.047
0 -8.832
0 -11.639
0 -6.245
0 -6.166
0 -8.278
0 -8.082
0 -4.993
0 -3.672
0 -4.952
0 -5.152
0 -1.597
0 -1.485
0 -0.9
0 -1.549
0 -2.272
0 -3.528
0 -3.126
0 -3.338
0 -1.88
0 -3.49
0 -3.729
0 -3.461
0 -4.72
0 -5.188
0 -2.809
0 -1.765
0 -3.303
0 -5.038
0 -4.734
0 -4.074
0 -4.14
0 -4.722
0 -4.079
1 0.457
1 0.932
0 0.32
0 -1.528
1 -1.281
1 -1.589
0 -3.678
1 -4.841
1 -3.134
1 -4.391
0 -6.657
1 -6.554
1 -4.018
0 -6.889
0 -8.05
1 -5.27
0 -4.228
1 -2.224
1 -3.501
1 -1.318
0 1.762
0 1.369
0 2.775
0 2.317
0 3.247
0 3.639
0 3.184
0 3.552
0 2.724
0 1.486
0 1.391
0 1.558
0 1.458
0 2.306
0 2.645
0 4.167
0 3.739
0 4.185
0 3.642
0 3.62
0 4.317
0 4.432
0 4.725
0 3.445
0 3.363
0 1.784
0 -0.526
0 -1.906
0 -4.059
0 -6.409
0 -8.991
0 -9.265
0 -9.194
0 -10.623
0 -11.514
0 -10.224
0 -10.235
0 -12.864
0 -13.25
0 -11.521
0 -12.918
0 -14.046
0 -11.547
0 -9.119
0 -9.074
0 -8.679
0 -6.635
0 -5.982
0 -4.789
0 -4.321
0 -0.974
0 0.795
0 2.728
0 2.325
0 3.599
0 4.783
0 5.248
0 2.153
0 2.133
0 2.963
0 1.984
0 1.773
0 2.749
0 3.478
0 1.488
0 1.144
0 2.949
0 2.806
0 1.312
0 1.128
0 1.666
0 3.168
0 1.007
0 1.574
0 0.13
0 0.505
0 -0.727
0 1.071
0 0.397
0 -1.013
0 -1.101
0 -1.165
0 -3.141
0 -4.725
0 -4.982
0 -4.987
0 -5.499
0 -5.255
0 -4.071
0 -4.123
0 -3.166
0 -2.956
1 -2.778
1 -0.109
1 1.028
0 -0.062
0 -1.214
1 -1.219
1 -1.552
0 -3.448
1 -4.575
1 -3.106
1 -3.995
0 -6.493
1 -6.357
1 -3.975
0 -6.967
0 -8.022
1 -5.278
0 -4.247
1 -2.436
1 -3.585
1 -1.058
0 1.526
0 1.216
0 2.462
0 2.679
0 3.209
0 3.631
0 3.176
0 3.558
0 2.711
0 1.497
0 1.419
0 1.559
0 1.609
0 2.607
0 2.649
0 3.935
0 3.864
0 4.175
0 3.89
0 3.628
0 4.322
0 4.445
0 4.703
0 3.628
0 3.368
0 2.138
0 -0.716
0 -1.865
0 -4.164
0 -6.383
0 -8.594
0 -8.784
0 -9.171
0 -10.461
0 -11.048
0 -10.188
0 -10.117
0 -12.195
0 -13.231
0 -11.568
0 -13.023
0 -14.039
0 -11.654
0 -9.521
0 -9.126
0 -8.771
0 -6.809
0 -5.854
0 -4.616
0 -4.461
0 -1.097
0 1.089
0 2.699
0 2.309
0 2.824
0 4.818
0 4.835
0 1.874
0 1.664
0 2.927
0 1.793
0 1.029
0 2.677
0 3.181
0 1.432
0 1.322
0 2.499
0 2.757
0 1.193
0 1.311
0 2.428
0 3.206
0 2.07
0 2.374
0 1.321
0 0.578
0 -0.681
0 1.199
0 0.462
0 -0.686
0 -0.554
0 -1.812
0 -3.039
0 -4.873
0 -4.895
0 -4.999
0 -5.472
0 -4.663
0 -4.018
0 -4.087
0 -3.205
0 -3.015
1 -2.799
1 0.709
1 0.948
0 0.028
0 -1.149
1 -0.836
1 -1.56
0 -3.682
1 -4.752
1 -3.04
1 -3.899
0 -6.369
1 -6.428
1 -3.841
0 -6.64
0 -8.134
1 -5.163
0 -4.119
1 -2.293
1 -3.479
1 -0.935
0 1.011
0 1.377
0 2.228
0 2.686
0 3.498
0 3.869
0 3.174
0 3.572
0 2.746
0 1.497
0 1.427
0 1.43
0 1.541
0 2.612
0 2.659
0 4.161
0 3.732
0 4.196
0 3.894
0 3.639
0 4.338
0 4.426
0 4.755
0 3.407
0 3.386
0 2.123
0 -0.47
0 -1.588
0 -4.15
0 -6.438
0 -9.088
0 -9.186
0 -9.109
0 -10.193
0 -11.26
0 -10.206
0 -10.193
0 -13.169
0 -13.268
0 -11.46
0 -13.099
0 -13.951
0 -11.416
0 -8.959
0 -8.981
0 -8.22
0 -6.213
0 -5.655
0 -4.58
0 -4.483
0 -0.611
0 0.744
0 2.655
0 2.31
0 3.538
0 4.723
0 5.148
0 2.134
0 1.896
0 2.967
0 1.974
0 1.494
0 2.732
0 3.421
0 1.816
0 1.331
0 3.234
0 2.788
0 1.112
0 0.773
0 2.713
0 3.955
0 1.826
0 2.484
0 1.258
0 0.221
0 -0.742
0 1.391
0 0.138
0 -0.981
0 -0.834
0 -1.447
0 -3.139
0 -4.734
0 -4.945
0 -4.949
0 -5.503
0 -5.126
0 -4.065
0 -4.128
0 -3.148
0 -3.219
1 -2.763
