-1.748
-1.503
-2.25
-2.223
-1.85
-1.116
-0.417
0.524
0.756
1.23
2.503
2.479
3.143
4.294
5.128
5.02
5.825
6.652
7.713
7.199
5.8
6.323
5.952
4.859
5.201
4.16
3.843
2.565
2.436
1.636
0.083
-2.908
-4.828
-4.897
-5.825
-6.254
-6.068
-6.243
-7.477
-8.165
-7.084
-6.165
-5.552
-6.965
-6.611
-6.194
-8.005
-9.012
-8.602
-10.804
-14.027
-12.453
-12.21
-13.591
-12.181
-12.233
-11.717
-12.967
-13.636
-12.559
-13.219
-13.045
-11.88
-8.213
-9.156
-7.92
-10.112
-11.473
-9.812
-11.034
-6.879
-6.123
-6.727
-9.358
-12.337
-10.313
-10.377
-13.035
-12.16
-7.499
-10.351
-10.169
-6.22
-5.674
-8.434
-7.099
-3.217
-3.147
-4.497
-4.571
-1.413
-1.109
-0.891
-1.295
-2.088
-2.64
-2.575
-2.696
-2.635
-4.172
-3.546
-3.141
-4.51
-4.647
-3.171
-2.088
-3.42
-5.129
-4.352
-4.375
-4.521
-5.391
-4.108
-1.518
-1.694
-2.306
-2.239
-2.248
-0.892
-0.332
0.571
0.924
1.573
2.716
2.838
3.268
4.116
4.872
5.268
5.589
6.717
7.3
7.049
5.701
6.09
6.206
4.895
5.484
4.309
4.504
3.241
2.775
1.581
0.553
-1.942
-4.613
-4.908
-6.258
-5.663
-6.12
-6.118
-7.283
-8.443
-6.975
-5.761
-5.946
-7.1
-6.86
-6.015
-8.381
-8.474
-7.628
-11.212
-14.051
-12.606
-12.57
-13.106
-12.232
-12.777
-11.35
-12.889
-13.359
-12.337
-13.02
-13.512
-11.992
-8.099
-8.53
-7.743
-10.281
-11.853
-10.399
-11.014
-6.731
-7.466
-7.384
-9.673
-12.094
-10.327
-9.659
-12.042
-12.07
-8.651
-10.122
-12.032
-6.158
-6.034
-8.422
-6.696
-3.702
-3.453
-4.798
-4.667
-0.813
-1.695
-1.141
-1.982
-2.39
-2.947
-3.071
-2.717
-2.518
-4.218
-3.223
-3.123
-4.028
-4.722
-2.581
-1.636
-3.061
-3.674
-4.023
-4.016
-4.766
-5.523
-3.725
-1.811
-1.659
-2.366
-2.311
-1.951
-1.281
-0.471
0.418
0.799
1.251
2.441
2.71
3.158
3.883
4.895
5.111
5.32
6.708
7.028
7.138
5.838
5.999
6.119
4.767
4.301
3.992
3.796
2.214
2.661
1.449
-0.195
-2.829
-5.016
-4.551
-5.802
-5.595
-7.249
-6.469
-7.975
-8.147
-6.181
-5.627
-5.425
-7.418
-7.017
-5.929
-8.755
-9.019
-8.511
-10.933
-13.166
-13.139
-11.687
-13.398
-12.443
-13.06
-11.784
-12.809
-13.508
-12.7
-13.471
-13.306
-11.985
-8.981
-9.367
-7.743
-10.212
-11.799
-10.495
-11.257
-7.183
-6.688
-7.047
-9.515
-12.411
-10.508
-9.949
-12.444
-12.55
-9.047
-8.832
-11.639
-6.245
-6.166
-8.278
-8.082
-4.993
-3.672
-4.952
-5.152
-1.597
-1.485
-0.9
-1.549
-2.272
-3.528
-3.126
-3.338
-1.88
-3.49
-3.729
-3.461
-4.72
-5.188
-2.809
-1.765
-3.303
-5.038
-4.734
-4.074
-4.14
-4.722
-4.079
0.457
0.932
0.32
-1.528
-1.281
-1.589
-3.678
-4.841
-3.134
-4.391
-6.657
-6.554
-4.018
-6.889
-8.05
-5.27
-4.228
-2.224
-3.501
-1.318
1.762
1.369
2.775
2.317
3.247
3.639
3.184
3.552
2.724
1.486
1.391
1.558
1.458
2.306
2.645
4.167
3.739
4.185
3.642
3.62
4.317
4.432
4.725
3.445
3.363
1.784
-0.526
-1.906
-4.059
-6.409
-8.991
-9.265
-9.194
-10.623
-11.514
-10.224
-10.235
-12.864
-13.25
-11.521
-12.918
-14.046
-11.547
-9.119
-9.074
-8.679
-6.635
-5.982
-4.789
-4.321
-0.974
0.795
2.728
2.325
3.599
4.783
5.248
2.153
2.133
2.963
1.984
1.773
2.749
3.478
1.488
1.144
2.949
2.806
1.312
1.128
1.666
3.168
1.007
1.574
0.13
0.505
-0.727
1.071
0.397
-1.013
-1.101
-1.165
-3.141
-4.725
-4.982
-4.987
-5.499
-5.255
-4.071
-4.123
-3.166
-2.956
-2.778
-0.109
1.028
-0.062
-1.214
-1.219
-1.552
-3.448
-4.575
-3.106
-3.995
-6.493
-6.357
-3.975
-6.967
-8.022
-5.278
-4.247
-2.436
-3.585
-1.058
1.526
1.216
2.462
2.679
3.209
3.631
3.176
3.558
2.711
1.497
1.419
1.559
1.609
2.607
2.649
3.935
3.864
4.175
3.89
3.628
4.322
4.445
4.703
3.628
3.368
2.138
-0.716
-1.865
-4.164
-6.383
-8.594
-8.784
-9.171
-10.461
-11.048
-10.188
-10.117
-12.195
-13.231
-11.568
-13.023
-14.039
-11.654
-9.521
-9.126
-8.771
-6.809
-5.854
-4.616
-4.461
-1.097
1.089
2.699
2.309
2.824
4.818
4.835
1.874
1.664
2.927
1.793
1.029
2.677
3.181
1.432
1.322
2.499
2.757
1.193
1.311
2.428
3.206
2.07
2.374
1.321
0.578
-0.681
1.199
0.462
-0.686
-0.554
-1.812
-3.039
-4.873
-4.895
-4.999
-5.472
-4.663
-4.018
-4.087
-3.205
-3.015
-2.799
0.709
0.948
0.028
-1.149
-0.836
-1.56
-3.682
-4.752
-3.04
-3.899
-6.369
-6.428
-3.841
-6.64
-8.134
-5.163
-4.119
-2.293
-3.479
-0.935
1.011
1.377
2.228
2.686
3.498
3.869
3.174
3.572
2.746
1.497
1.427
1.43
1.541
2.612
2.659
4.161
3.732
4.196
3.894
3.639
4.338
4.426
4.755
3.407
3.386
2.123
-0.47
-1.588
-4.15
-6.438
-9.088
-9.186
-9.109
-10.193
-11.26
-10.206
-10.193
-13.169
-13.268
-11.46
-13.099
-13.951
-11.416
-8.959
-8.981
-8.22
-6.213
-5.655
-4.58
-4.483
-0.611
0.744
2.655
2.31
3.538
4.723
5.148
2.134
1.896
2.967
1.974
1.494
2.732
3.421
1.816
1.331
3.234
2.788
1.112
0.773
2.713
3.955
1.826
2.484
1.258
0.221
-0.742
1.391
0.138
-0.981
-0.834
-1.447
-3.139
-4.734
-4.945
-4.949
-5.503
-5.126
-4.065
-4.128
-3.148
-3.219
-2.763
