0 -0.218
0 0.457
0 -2.391
0 -4.271
0 -5.638
0 -6.296
0 -6.73
0 -7.039
0 -8.464
0 -8.506
0 -5.957
0 -5.184
0 -8.169
0 -6.922
0 -8.949
0 -10.232
0 -12.392
0 -15.174
0 -18.816
0 -14.449
0 -11.367
0 -9.623
0 -7.176
0 -9.678
0 -8.854
0 -10.54
0 -11.636
0 -9.892
0 -9.988
0 -10.381
0 -11.158
0 -11.552
0 -10.75
0 -8.833
0 -6.414
0 -6.423
0 -4.538
0 -5.15
0 -3.511
0 -6.178
0 -9.158
0 -8.409
0 -10.001
0 -7.137
0 -6.101
0 -9.479
0 -11.317
0 -13.075
0 -15.695
0 -13.719
0 -16.695
0 -12.631
0 -12.168
0 -15.984
0 -14.679
0 -17.925
0 -18.626
0 -19.26
0 -18.377
0 -17.753
0 -20.201
0 -18.439
0 -17.206
0 -13.658
0 -13.004
0 -15.751
0 -14.778
0 -14.006
0 -16.942
0 -16.75
0 -13.604
0 -14.758
0 -11.965
0 -13.602
0 -11.64
0 -13.001
0 -15.87
0 -14.533
0 -14.14
0 -10.912
0 -7.454
0 -6.235
0 -10.249
0 -11.812
0 -15.461
0 -16.332
0 -13.425
0 -15.657
0 -14.797
0 -16.259
0 -18.505
0 -17.423
0 -15.209
0 -11.38
0 -12.772
0 -9.105
0 -10.497
0 -10.915
0 -13.656
0 -11.008
0 -10.866
0 -14.957
0 -13.497
0 -10.838
0 -12.388
0 -12.262
0 -12.465
0 -12.192
0 -10.701
0 -13.969
0 -10.232
0 -10.945
0 -10.463
0 -5.69
0 -8.556
0 -8.304
0 -6.748
0 -5.029
0 -3.791
1 -7.383
1 -7.041
0 -10.007
1 -8.746
1 -10.537
1 -11.325
1 -10.859
1 -8.269
0 -10.16
0 -10.891
1 -9.557
0 -8.147
1 -5.861
1 -5.691
1 -7.51
0 -11.107
0 -14.261
0 -19.27
0 -18.701
0 -18.584
0 -18.578
0 -16.653
1 -15.194
0 -12.534
1 -10.051
0 -6.955
1 -4.172
1 -3.17
1 -3.628
1 -3.566
1 -3.666
0 -5.328
0 -6.205
0 -5.541
0 -4.08
0 -6.628
0 -6.611
0 -7.424
0 -6.03
0 -7.467
0 -3.738
0 -2.925
0 -0.678
0 -0.918
0 0.797
0 -1.187
0 -3.512
0 -9.515
0 -14.727
0 -15.187
0 -16.472
0 -15.847
0 -17.419
0 -16.297
0 -14.496
0 -11.735
0 -10.564
0 -10.826
0 -7.549
0 -4.711
1 -4.376
1 -6.859
0 -7.624
1 -5.28
1 -5.096
1 -8.354
0 -8.975
0 -5.234
0 -4.313
0 -3.479
0 -4.663
0 -6.643
0 -8.39
0 -10.238
0 -9.659
0 -9.033
0 -8.294
0 -5.734
0 -6.312
0 -7.064
0 -7.695
0 -8.932
0 -10.277
0 -11.632
0 -12.792
0 -8.128
0 -10.692
0 -9.575
0 -10.357
0 -13.154
0 -12.086
0 -11.913
0 -15.682
0 -20.201
0 -18.903
0 -17.669
0 -13.569
0 -13.141
0 -9.852
0 -7.785
0 -5.265
0 0.711
0 1.142
0 0.779
0 -2.017
0 -4.398
0 -8.886
0 -7.285
0 -8.112
0 -8.127
0 -8.963
0 -6.429
0 -11.196
0 -12.9
0 -14.386
0 -17.398
0 -16.311
0 -16.667
0 -14.924
0 -15.249
0 -15.944
0 -14.953
0 -10.276
0 -9.63
0 -7.669
0 -8.378
0 -9.918
0 -11.509
0 -9.939
0 -12.404
0 -10.581
0 -8.191
0 -7.268
0 -7.862
0 -7.173
0 -7.835
0 -9.482
0 -7.874
0 -8.013
0 -6.803
0 -6.449
0 -6.713
0 -6.759
0 -5.654
0 -6.32
0 -7.388
0 -5.598
0 -4.015
0 -3.047
0 -3.978
0 -5.646
0 -6.94
0 -7.696
0 -9.593
0 -9.154
0 -11.618
0 -12.34
0 -11.914
0 -7.292
0 -4.403
0 -6.104
0 -2.946
0 -2.638
0 -3.757
0 -4.682
0 -7.188
0 -6.69
0 -4.171
0 -7.696
0 -9.08
0 -9.663
0 -7.098
0 -8.291
0 -6.38
0 -5.827
0 -4.05
0 -5.456
0 -11.164
0 -12.492
0 -12.959
0 -9.962
0 -9.825
0 -11.259
0 -12.995
0 -10.603
0 -9.274
0 -7.656
0 -5.902
0 -4.95
0 -4.913
0 -5.801
0 -5.865
0 -2.434
0 -2.407
0 -3.507
0 -4.384
0 -5.664
0 -7.274
0 -5.855
0 -6.203
0 -6.376
1 -5.483
1 -6.654
1 -7.722
0 -7.547
0 -7.25
0 -6.349
0 -5.88
0 -3
0 -1.781
0 -2.256
0 -2.12
0 -3.091
0 -3.907
0 -5.198
0 -5.116
0 -6.141
0 -6.259
0 -7.673
1 -6.09
0 -6.155
0 -4.119
0 -5.299
1 -8.137
1 -3.469
0 -4.94
0 -9.182
1 -7.831
0 -6.702
0 -12.385
0 -12.311
0 -10.209
1 -9.558
0 -13.598
1 -11.495
1 -10.493
0 -14.216
0 -14.553
1 -12.571
0 -9.645
1 -10.381
0 -8.794
0 -7.093
0 -6.108
0 -4.419
0 -4.399
0 -6.245
0 -7.992
0 -6.588
0 -4.729
0 -7.78
0 -4.877
0 -5.955
0 -6.2
0 -4.515
0 -5.929
0 -4.761
0 -2.996
0 -3.904
0 -2.39
0 -1.633
0 -3.662
0 -2.908
0 0.21
0 0.798
0 -1.208
0 0.264
0 -0.915
0 -2.889
0 -3.749
0 -6.052
0 -8.509
0 -10.197
0 -12.86
0 -12.411
0 -13.937
0 -14.055
0 -14.576
0 -14.51
0 -16.203
0 -18.81
0 -19.711
0 -16.861
0 -18.472
0 -22.121
0 -18.239
0 -14.49
0 -15.847
0 -15.504
0 -14.224
0 -13.897
0 -12.809
0 -14.007
0 -9.915
0 -6.67
0 -5.174
0 -4.798
0 -5.856
0 -2.613
0 -3.941
0 -4.466
0 -4.474
0 -4.222
0 -2.269
0 -2.748
0 -0.09
0 0.065
0 0.109
0 1.123
0 4.388
0 5.553
0 6.05
0 4.308
0 4.753
0 1.246
0 1.106
0 -1.025
0 -2.748
0 -1.611
0 -0.768
0 1.2
0 2.901
0 3.697
0 5.05
0 4.652
0 1.491
0 -0.751
0 -2.006
0 -2.337
0 -2.474
0 -1.392
0 -1.682
0 -2.751
0 -1.376
0 -2.164
0 -4.427
0 -2.843
0 -4.176
0 -1.961
0 -0.963
0 -0.036
0 2.019
0 3.3
0 3.572
0 2.978
0 6.617
0 7.76
0 6.461
0 8.296
0 9.415
0 8.98
0 8.722
0 9.392
0 11.182
0 9.717
0 0.522
0 0.499
0 -1.858
0 -4.783
0 -5.505
0 -6.424
0 -6.063
0 -7.145
0 -8.452
0 -8.141
0 -5.492
0 -5.496
0 -8.232
0 -7.483
0 -8.753
0 -11.005
0 -12.074
0 -14.464
0 -18.77
0 -14.172
0 -9.899
0 -9.451
0 -7.927
0 -9.58
0 -9.467
0 -10.906
0 -11.903
0 -10.07
0 -10.087
0 -11.165
0 -11.33
0 -11.843
0 -10.599
0 -9.989
0 -6.996
0 -6.484
0 -5.156
0 -4.666
0 -3.416
0 -5.919
0 -7.981
0 -8.625
0 -7.914
0 -6.77
0 -6.356
0 -9.079
0 -10.876
0 -11.807
0 -15.294
0 -13.271
0 -16.129
0 -12.258
0 -11.732
0 -15.639
0 -14.006
0 -17.16
0 -18.773
0 -18.507
0 -17.845
0 -17.604
0 -20.197
0 -18.829
0 -17.1
0 -13.606
0 -12.648
0 -15.35
0 -14.276
0 -13.788
0 -16.788
0 -16.844
0 -13.58
0 -14.408
0 -11.28
0 -12.287
0 -10.832
0 -12.186
0 -14.415
0 -13.009
0 -13.611
0 -9.783
0 -7.403
0 -7.233
0 -11.103
0 -12.77
0 -15.424
0 -16.543
0 -13.629
0 -16.362
0 -13.318
0 -15.379
0 -18.06
0 -18.419
0 -15.643
0 -12.312
0 -13.409
0 -8.69
0 -8.901
0 -10.295
0 -10.074
0 -9.696
0 -8.243
0 -13.51
0 -12.003
0 -9.977
0 -10.88
0 -11.431
0 -11.545
0 -12.128
0 -10.459
0 -13.581
0 -9.777
0 -11.986
0 -10.722
0 -5.423
0 -9.03
0 -8.517
0 -6.69
0 -4.924
0 -3.915
1 -7.301
1 -7.246
0 -9.99
1 -8.299
1 -10.663
1 -11.503
1 -10.928
1 -7.949
0 -10.139
0 -11.131
1 -9.836
0 -7.185
1 -5.278
1 -5.988
1 -7.478
0 -10.861
0 -14.723
0 -18.906
0 -18.43
0 -18.679
0 -18.593
0 -16.134
1 -15.347
0 -12.607
1 -10.291
0 -7.102
1 -4.466
1 -3.741
1 -4.675
1 -3.015
1 -4.003
0 -5.08
0 -6.688
0 -5.924
0 -3.71
0 -6.145
0 -5.551
0 -7.018
0 -6.673
0 -6.662
0 -3.459
0 -2.514
0 -0.009
0 -0.003
0 0.954
0 0.05
0 -1.868
0 -8.416
0 -14.086
0 -13.731
0 -15.811
0 -15.95
0 -18.284
0 -16.726
0 -14.427
0 -11.071
0 -10.419
0 -9.707
0 -7.88
0 -4.534
1 -4.29
1 -6.784
0 -7.341
1 -5.171
1 -4.478
1 -8.249
0 -7.535
0 -5.198
0 -3.618
0 -3.878
0 -3.996
0 -6.46
0 -8.098
0 -10.696
0 -10.507
0 -10.792
0 -10.531
0 -7.331
0 -7.888
0 -9.18
0 -10.207
0 -11.366
0 -11.661
0 -11.991
0 -12.865
0 -8.938
0 -9.377
0 -9.591
0 -11.056
0 -12.474
0 -12.425
0 -10.35
0 -14.176
0 -18.082
0 -18.495
0 -18.69
0 -14.909
0 -14.223
0 -9.235
0 -7.206
0 -4.824
0 0.872
0 2.035
0 0.757
0 -2.475
0 -4.869
0 -9.165
0 -7.66
0 -9.661
0 -8.021
0 -8.811
0 -6.076
0 -11.539
0 -12.591
0 -14.668
0 -17.867
0 -16.371
0 -16.623
0 -15.141
0 -15.271
0 -15.552
0 -14.563
0 -9.829
0 -9.426
0 -6.232
0 -8.294
0 -8.679
0 -11.13
0 -9.461
0 -11.892
0 -9.68
0 -7.982
0 -6.607
0 -6.862
0 -6.989
0 -8.604
0 -9.816
0 -7.781
0 -7.859
0 -6.836
0 -6.704
0 -6.411
0 -6.25
0 -5.536
0 -6.306
0 -7.108
0 -5.142
0 -3.774
0 -2.826
0 -3.789
0 -5.761
0 -6.681
0 -8.039
0 -9.736
0 -8.943
0 -11.431
0 -12.346
0 -11.427
0 -8.342
0 -5.522
0 -6.087
0 -3.657
0 -2.532
0 -3.534
0 -4.857
0 -6.876
0 -5.507
0 -2.702
0 -7.043
0 -10.125
0 -9.822
0 -6.991
0 -8.985
0 -7.181
0 -6.113
0 -3.547
0 -5.796
0 -11.991
0 -12.616
0 -12.957
0 -10.364
0 -9.514
0 -11.232
0 -12.521
0 -10.489
0 -9.912
0 -7.997
0 -5.709
0 -4.459
0 -4.691
0 -3.556
0 -6.036
0 -2.513
0 -2.385
0 -2.351
0 -4.696
0 -6.048
0 -7.098
0 -5.65
0 -6.092
0 -5.911
1 -5.699
1 -6.486
1 -7.103
0 -7.218
0 -6.683
0 -6.448
0 -5.329
0 -2.907
0 -1.676
0 -1.504
0 -1.783
0 -3.383
0 -3.935
0 -4.844
0 -4.456
0 -5.853
0 -5.975
0 -7.524
1 -5.919
0 -5.444
0 -2.904
0 -5.001
1 -6.965
1 -3.506
0 -5.052
0 -9.04
1 -8.004
0 -7.621
0 -12.633
0 -12.263
0 -10.082
1 -9.718
0 -13.001
1 -12.013
1 -10.168
0 -13.442
0 -15.292
1 -12.526
0 -9.581
1 -9.921
0 -7.795
0 -6.293
0 -2.578
0 -3.489
0 -4.448
0 -6.778
0 -5.734
0 -6.197
0 -4.409
0 -7.366
0 -4.109
0 -5.604
0 -5.592
0 -4.886
0 -5.981
0 -3.86
0 -4.199
0 -3.697
0 -2.003
0 -1.515
0 -3.832
0 -3.01
0 0.753
0 0.158
0 -0.705
0 -0.001
0 -0.586
0 -3.301
0 -5.525
0 -6.561
0 -7.945
0 -10.402
0 -13.664
0 -12.199
0 -14.115
0 -15.026
0 -15.494
0 -14.323
0 -15.815
0 -19.099
0 -20.35
0 -17.257
0 -18.356
0 -21.587
0 -17.749
0 -14.533
0 -15.914
0 -15.974
0 -14.501
0 -13.215
0 -12.638
0 -13.403
0 -9.719
0 -6.91
0 -4.766
0 -6.353
0 -5.257
0 -3.448
0 -4.011
0 -5.639
0 -4.008
0 -4.252
0 -3.111
0 -2.893
0 -0.354
0 0.659
0 -0.131
0 1.291
0 4.326
0 6.955
0 6.562
0 4.378
0 4.775
0 1.471
0 1.055
0 -1.379
0 -3.178
0 -2.094
0 -0.734
0 1.301
0 2.67
0 3.441
0 5.813
0 4.299
0 1.589
0 -0.568
0 -2.129
0 -2.584
0 -2.431
0 -1.263
0 -1.648
0 -2.226
0 -0.837
0 -1.383
0 -4.184
0 -2.285
0 -3.274
0 -1.881
0 -0.652
0 0.366
0 2.157
0 3.855
0 4.267
0 3.308
0 7.787
0 8.14
0 7.217
0 7.975
0 9.649
0 9.62
0 8.662
0 8.613
0 10.558
0 9.523
0 -0.299
0 0.568
0 -2.494
0 -4.889
0 -6.081
0 -6.136
0 -6.66
0 -7.398
0 -8.882
0 -8.195
0 -5.996
0 -5.288
0 -8.215
0 -7.41
0 -8.954
0 -10.916
0 -12.236
0 -15.373
0 -19.092
0 -14.276
0 -10.504
0 -9.31
0 -7.541
0 -9.454
0 -9.643
0 -10.344
0 -11.81
0 -10.798
0 -9.666
0 -11.637
0 -11.309
0 -11.241
0 -10.912
0 -9.598
0 -6.294
0 -6.052
0 -4.82
0 -4.757
0 -3.369
0 -6.101
0 -8.176
0 -8.318
0 -9.713
0 -6.885
0 -5.984
0 -9.065
0 -10.854
0 -11.651
0 -15.473
0 -14.137
0 -16.309
0 -12.481
0 -11.492
0 -15.341
0 -14.777
0 -16.738
0 -18.297
0 -18.435
0 -17.47
0 -16.954
0 -19.883
0 -18.293
0 -17.152
0 -13.25
0 -12.683
0 -15.553
0 -14.394
0 -14.125
0 -16.736
0 -16.958
0 -13.462
0 -14.422
0 -11.769
0 -12.393
0 -10.996
0 -11.735
0 -14.835
0 -12.932
0 -13.945
0 -10.11
0 -6.484
0 -6.759
0 -10.318
0 -11.906
0 -14.946
0 -16.565
0 -13.541
0 -15.823
0 -14.196
0 -16.097
0 -19.691
0 -19.118
0 -15.732
0 -12.367
0 -13.661
0 -8.273
0 -9.617
0 -10.986
0 -11.323
0 -9.966
0 -7.486
0 -13.497
0 -11.945
0 -10.526
0 -10.655
0 -11.897
0 -11.89
0 -12.654
0 -10.513
0 -13.577
0 -9.7
0 -10.993
0 -10.615
0 -5.589
0 -8.994
0 -8.363
0 -6.906
0 -5.506
0 -3.94
1 -7.571
1 -7.284
0 -10.109
1 -9.591
1 -10.777
1 -11.584
1 -10.971
1 -8.227
0 -10.505
0 -10.544
1 -9.353
0 -7.207
1 -6.107
1 -5.806
1 -7.69
0 -10.92
0 -14.994
0 -18.81
0 -18.168
0 -18.744
0 -18.429
0 -16.881
1 -15.098
0 -12.839
1 -10.042
0 -7.443
1 -4.527
1 -4.099
1 -4.414
1 -3.342
1 -4.308
0 -5.148
0 -6.946
0 -6.662
0 -4.918
0 -7.239
0 -6.672
0 -6.389
0 -5.655
0 -7.358
0 -3.018
0 -3.23
0 -0.452
0 -1.009
0 1.162
0 -1.165
0 -2.569
0 -8.927
0 -13.793
0 -14.218
0 -15.69
0 -15.288
0 -18.607
0 -17.138
0 -14.791
0 -11.436
0 -9.845
0 -9.442
0 -8.763
0 -5.055
1 -4.216
1 -6.959
0 -7.365
1 -4.885
1 -4.484
1 -8.065
0 -7.138
0 -4.892
0 -4.294
0 -3.211
0 -3.626
0 -6.604
0 -7.119
0 -9.78
0 -11.096
0 -10.69
0 -9.328
0 -7.733
0 -7.25
0 -7.45
0 -9.632
0 -11.364
0 -10.763
0 -10.821
0 -12.521
0 -8.395
0 -9.446
0 -9.92
0 -8.408
0 -12.506
0 -12.014
0 -11.132
0 -14.043
0 -18.621
0 -19.09
0 -18.063
0 -15.739
0 -12.818
0 -9.992
0 -7.434
0 -5.886
0 0.676
0 2.522
0 0.266
0 -2.36
0 -4.544
0 -8.972
0 -7.248
0 -7.98
0 -6.97
0 -9.276
0 -6.597
0 -11.447
0 -14.026
0 -15.377
0 -17.281
0 -16.462
0 -17.176
0 -14.811
0 -15.294
0 -16.059
0 -14.79
0 -10.147
0 -9.267
0 -6.436
0 -7.408
0 -8.595
0 -11.109
0 -9.459
0 -11.168
0 -9.245
0 -7.758
0 -6.725
0 -4.804
0 -6.784
0 -8.517
0 -9.496
0 -7.525
0 -7.635
0 -6.684
0 -6.433
0 -6.656
0 -6.142
0 -5.145
0 -5.835
0 -7.021
0 -5.123
0 -2.833
0 -2.642
0 -3.696
0 -4.894
0 -6.599
0 -7.911
0 -9.26
0 -8.678
0 -11.256
0 -12.226
0 -11.407
0 -7.761
0 -5.728
0 -6.019
0 -3.089
0 -2.767
0 -2.417
0 -4.248
0 -6.919
0 -6.628
0 -3.068
0 -7.425
0 -9.89
0 -9.85
0 -7.355
0 -8.958
0 -6.755
0 -6.123
0 -3.891
0 -6.515
0 -12.537
0 -12.576
0 -12.901
0 -10.294
0 -9.526
0 -11.307
0 -12.448
0 -10.531
0 -10.325
0 -8.339
0 -6.54
0 -6.054
0 -5.131
0 -4.066
0 -4.483
0 -2.568
0 -2.243
0 -3.329
0 -5.234
0 -6.317
0 -7.312
0 -5.368
0 -6.479
0 -5.803
1 -5.5
1 -6.672
1 -7.569
0 -8
0 -7.35
0 -6.695
0 -6.189
0 -3.126
0 -2.034
0 -2.01
0 -2.01
0 -3.523
0 -3.897
0 -5.365
0 -4.988
0 -6.153
0 -5.955
0 -7.716
1 -6.062
0 -5.416
0 -4.2
0 -4.882
1 -6.762
1 -3.16
0 -5.073
0 -9.443
1 -7.663
0 -6.203
0 -12.424
0 -12.364
0 -10.497
1 -9.544
0 -13.357
1 -11.523
1 -9.974
0 -13.129
0 -15.484
1 -12.492
0 -9.111
1 -9.421
0 -7.053
0 -6.177
0 -3.334
0 -4.237
0 -4.558
0 -6.362
0 -5.126
0 -5.974
0 -5.533
0 -7.588
0 -5.402
0 -6.087
0 -7.537
0 -4.799
0 -4.907
0 -4.217
0 -3.178
0 -3.233
0 -2.125
0 -2.888
0 -3.082
0 -3.33
0 0.06
0 0.566
0 -1.081
0 -0.183
0 -0.776
0 -3.165
0 -4.897
0 -6.029
0 -8.391
0 -10.417
0 -13.293
0 -12.784
0 -13.825
0 -14.581
0 -15.181
0 -14.962
0 -15.866
0 -19.431
0 -20.916
0 -18.066
0 -18.317
0 -22.135
0 -18.234
0 -14.983
0 -15.752
0 -15.441
0 -15.005
0 -13.374
0 -13.575
0 -13.274
0 -9.753
0 -6.719
0 -5.525
0 -5.904
0 -5.389
0 -3.835
0 -3.824
0 -5.021
0 -4.529
0 -3.303
0 -2.125
0 -3.498
0 -0.09
0 0.684
0 -0.631
0 1.073
0 4.066
0 5.984
0 6.104
0 4.361
0 4.826
0 0.701
0 1.08
0 -1.673
0 -2.617
0 -2.152
0 -0.942
0 0.717
0 2.619
0 2.855
0 5.251
0 4.59
0 1.36
0 -0.97
0 -1.97
0 -2.408
0 -2.429
0 -1.456
0 -1.687
0 -2.46
0 -0.607
0 -2.58
0 -4.338
0 -2.536
0 -3.884
0 -2.184
0 -1.789
0 0.077
0 1.815
0 3.008
0 4.182
0 3.192
0 7.274
0 8.584
0 6.878
0 7.854
0 9.409
0 9.623
0 8.177
0 8.399
0 11.082
0 9.996
0 -2.312
0 -2.852
0 -3.762
0 -5.336
0 -6.141
0 -7.979
0 -8.465
0 -7.513
0 -6.946
0 -7.35
0 -6.7
0 -5.418
0 -6.257
0 -7.287
0 -7.597
0 -10.019
0 -11.933
0 -13.731
0 -16.136
0 -13.985
0 -10.881
0 -9.952
0 -6.666
0 -9.134
0 -8.08
0 -10.652
0 -11.056
0 -10.777
0 -9.824
0 -10.218
0 -9.755
0 -10.449
0 -9.945
0 -8.878
0 -6.595
0 -7.003
0 -5.524
0 -5.469
0 -3.799
0 -6.06
0 -8.886
0 -8.987
0 -11.058
0 -8.269
0 -9.59
0 -10.81
0 -11.029
0 -13.991
0 -16.829
0 -14.617
0 -15.976
0 -12.102
0 -10.63
0 -15.577
0 -15.786
0 -17.442
0 -17.768
0 -18.057
0 -18.477
0 -17.995
0 -20.909
0 -19.469
0 -17.474
0 -12.808
0 -12.08
0 -16.109
0 -14.404
0 -13.951
0 -16.531
0 -16.695
0 -13.848
0 -14.368
0 -12.251
0 -13.543
0 -12.322
0 -13.982
0 -16.212
0 -15.263
0 -14.536
0 -10.175
0 -7.382
0 -7.803
0 -9.47
0 -12.56
0 -15.519
0 -17.172
0 -14.504
0 -15.673
0 -14.699
0 -14.636
0 -17.178
0 -16.525
0 -12.004
0 -9.053
0 -11.551
0 -7.4
0 -8.012
0 -10.797
0 -12.863
0 -9.978
0 -11.901
0 -15.312
0 -13.569
0 -11.415
0 -11.844
0 -11.457
0 -12.845
0 -14.053
0 -9.992
0 -13.55
0 -10.667
0 -11.435
0 -10.915
0 -5.878
0 -9.044
0 -8.103
0 -8.102
1 -5.379
1 -4.507
0 -8.079
0 -7.515
0 -9.011
0 -7.803
0 -9.275
0 -11.393
0 -11.499
0 -9.912
0 -11.69
0 -10.743
0 -8.178
0 -7.268
0 -8.501
0 -7.361
0 -7.658
0 -11.494
0 -14.77
0 -18.28
0 -17.936
0 -18.875
0 -19.185
0 -17.496
0 -16.347
0 -13.572
0 -10.094
0 -6.898
1 -5.01
0 -4.126
0 -4.307
1 -3.451
0 -4.563
1 -6.323
1 -7.53
1 -6.402
1 -6.175
1 -7.992
0 -6.425
0 -7.651
0 -6.005
0 -7.659
0 -3.416
0 -3.191
0 -0.937
0 -1.145
0 -0.332
0 -2.689
0 -4.388
0 -9.814
0 -14.702
0 -15.937
0 -18.531
0 -17.855
0 -18.435
0 -16.595
0 -13.566
0 -10.241
0 -9.254
0 -9.56
0 -8.788
0 -5.204
0 -4.958
0 -7.285
0 -8.632
0 -6.075
0 -5.713
0 -9.186
0 -9.284
0 -6.072
0 -4.036
0 -2.662
0 -2.464
0 -5.548
0 -8.863
0 -10.543
0 -9.338
0 -9.108
0 -6.458
0 -4.695
0 -3.22
0 -4.178
0 -6.183
0 -5.129
0 -5.811
0 -10.67
0 -10.792
0 -9.159
0 -8.255
0 -8.416
0 -8.887
0 -11.543
0 -12.977
0 -10.453
0 -13.536
0 -16.759
0 -15.092
0 -17.133
0 -14.886
0 -12.654
0 -8.786
0 -7.928
0 -5.535
0 -0.651
0 0.949
0 0.658
0 -1.922
0 -4.011
0 -6.949
0 -7.373
0 -7.939
0 -8.642
0 -9.751
0 -7.562
0 -11.819
0 -12.857
0 -15.38
0 -19.151
0 -17.953
0 -16.812
0 -15.66
0 -15.292
0 -16.235
0 -14.709
0 -9.835
0 -8.838
0 -8.796
0 -10.193
0 -10.475
0 -11.974
0 -12.668
0 -14.636
0 -11.208
0 -9.576
0 -8.218
0 -6.323
0 -6.32
0 -8.064
0 -9.814
0 -9.23
0 -8.508
0 -7.107
0 -7.294
0 -6.525
0 -7.267
0 -7.27
0 -6.62
0 -8.487
0 -5.851
0 -5.646
0 -3.149
0 -4.382
0 -5.778
0 -7.101
0 -7.81
0 -9.073
0 -7.583
0 -10.614
0 -11.843
0 -10.994
0 -7.977
0 -5.718
0 -5.647
0 -3.699
0 -5.087
0 -4.355
0 -5.723
0 -7.135
0 -6.711
0 -4.273
0 -7.995
0 -10.278
0 -10.352
0 -6.521
0 -7.352
0 -6.588
0 -7.218
0 -4.163
0 -5.779
0 -12.431
0 -10.133
0 -11.447
0 -9.388
0 -10.315
0 -10.998
0 -11.16
0 -10.608
0 -9.435
0 -6.965
0 -5.903
0 -6.053
0 -4.325
0 -6.04
0 -5.491
0 -5.905
0 -5.444
0 -6.486
0 -8.714
0 -9.123
0 -8.923
0 -6.887
0 -9.455
0 -7.399
0 -6.723
0 -6.217
0 -6.901
0 -8.387
0 -7.05
0 -7.824
0 -7.199
0 -5.101
0 -4.315
0 -3.515
0 -3.712
0 -3.335
0 -4.368
0 -6.171
0 -6.366
0 -6.248
0 -6.225
0 -5.418
0 -3.787
0 -4.814
0 -4.089
0 -5.029
0 -5.023
0 -5.095
0 -2.962
0 -6.994
0 -6.733
0 -4.086
0 -9.602
0 -9.297
0 -9.136
0 -7.126
0 -10.477
0 -10.411
0 -10.013
0 -14.185
0 -14.141
0 -10.594
0 -9.286
0 -11.276
0 -10.444
0 -8.05
0 -6.948
0 -4.996
0 -5.701
0 -8.383
0 -8.945
0 -5.957
0 -4.081
0 -7.471
0 -3.598
0 -5.652
0 -6.462
0 -5.478
0 -4.855
0 -3.948
0 -4.003
0 -1.473
0 -1.48
0 -0.593
0 -1.884
0 -1.265
0 0.133
0 1.301
0 0.992
0 1.271
0 0.638
0 -2.569
0 -3.511
0 -5.681
0 -7.8
0 -9.311
0 -12.793
0 -12.561
0 -11.852
0 -13.57
0 -15.038
0 -13.138
0 -14.385
0 -17.856
0 -18.28
0 -15.025
0 -14.652
0 -18.311
0 -15.469
0 -12.575
0 -14.536
0 -13.495
0 -11.256
0 -12.16
0 -10.942
0 -9.409
0 -7.306
0 -5.525
0 -4.201
0 -3.628
0 -3.846
0 -3.208
0 -1.858
0 -1.675
0 0.174
0 -0.062
0 0.201
0 0.749
0 1.279
0 1.871
0 0.322
0 2.968
0 5.105
0 5.738
0 5.576
0 4.237
0 3.468
0 2.978
0 -0.554
0 -2.904
0 -3.413
0 -3.959
0 -4.114
0 -0.143
0 0.708
0 0.795
0 2.103
0 0.466
0 -0.693
0 -1.703
0 -2.246
0 -2.073
0 -0.644
0 -0.833
0 -2.262
0 -1.143
0 0.702
0 -0.718
0 -1.566
0 0.042
0 -0.892
0 0.652
0 0.442
0 1.772
0 3.061
0 4.423
0 3.477
0 3.033
0 5.048
0 5.432
0 4.073
0 3.878
0 6.075
0 4.258
0 3.233
0 4.605
0 5.932
0 7.142
0 -1.491
0 -2.202
0 -3.208
0 -4.936
0 -6.187
0 -6.932
0 -5.998
0 -7.517
0 -6.7
0 -7.142
0 -6.843
0 -5.818
0 -6.049
0 -6.68
0 -8.437
0 -10.405
0 -11.819
0 -13.975
0 -16.576
0 -13.368
0 -11.479
0 -9.908
0 -6.432
0 -8.605
0 -7.67
0 -10.552
0 -10.724
0 -10.901
0 -9.377
0 -10.3
0 -9.976
0 -10.4
0 -9.578
0 -8.609
0 -6.42
0 -6.102
0 -4.973
0 -5.155
0 -3.419
0 -6.462
0 -9.096
0 -8.853
0 -11.095
0 -8.855
0 -9.511
0 -11.106
0 -11.146
0 -13.562
0 -16.744
0 -14.599
0 -15.8
0 -11.999
0 -10.64
0 -15.113
0 -15.003
0 -17.306
0 -17.627
0 -17.946
0 -18.214
0 -18.447
0 -21.09
0 -19.516
0 -17.579
0 -12.768
0 -12.107
0 -16.104
0 -14.626
0 -13.651
0 -16.437
0 -17.163
0 -13.904
0 -13.471
0 -12.275
0 -13.292
0 -12.401
0 -13.891
0 -16.155
0 -15.179
0 -14.357
0 -10.146
0 -7.704
0 -7.695
0 -10.27
0 -12.879
0 -15.375
0 -17.378
0 -14.526
0 -15.093
0 -14.772
0 -14.633
0 -17.482
0 -16.119
0 -11.573
0 -7.931
0 -10.747
0 -7.182
0 -7.293
0 -10.728
0 -12.47
0 -10.363
0 -11.823
0 -15.322
0 -13.108
0 -11.459
0 -12.118
0 -11.926
0 -13.101
0 -14.008
0 -9.847
0 -13.818
0 -10.794
0 -11.955
0 -10.942
0 -5.833
0 -9.049
0 -8.055
0 -8.852
1 -5.423
1 -4.286
0 -7.664
0 -7.468
0 -8.946
0 -7.012
0 -8.383
0 -10.513
0 -9.782
0 -9.264
0 -11.843
0 -10.713
0 -8.322
0 -7.016
0 -9.213
0 -8.35
0 -8.879
0 -11.606
0 -15.93
0 -18.324
0 -18.347
0 -18.905
0 -19.245
0 -17.38
0 -16.654
0 -13.774
0 -10.359
0 -7.149
1 -4.746
0 -3.902
0 -4.301
1 -3.548
0 -5.275
1 -6.414
1 -7.579
1 -6.411
1 -6.116
1 -8.096
0 -6.727
0 -7.223
0 -6.085
0 -7.926
0 -3.431
0 -2.989
0 -0.962
0 -1.408
0 -0.102
0 -3.018
0 -3.861
0 -9.89
0 -14.482
0 -15.41
0 -18.286
0 -17.047
0 -17.966
0 -15.534
0 -13.888
0 -10.187
0 -9.092
0 -9.697
0 -9.015
0 -5.255
0 -4.806
0 -7.334
0 -8.421
0 -6.063
0 -5.237
0 -9.309
0 -9.003
0 -5.938
0 -4.207
0 -2.907
0 -2.636
0 -5.522
0 -9.327
0 -11.164
0 -10.663
0 -9.497
0 -6.617
0 -5.045
0 -4.126
0 -4.939
0 -6.087
0 -4.977
0 -8.29
0 -11.432
0 -11.751
0 -9.558
0 -8.593
0 -8.468
0 -8.76
0 -12.022
0 -12.891
0 -10.809
0 -13.562
0 -16.702
0 -14.475
0 -16.762
0 -14.621
0 -13.763
0 -8.994
0 -7.523
0 -5.377
0 -0.453
0 0.947
0 0.684
0 -1.862
0 -3.704
0 -7.94
0 -7.834
0 -8.616
0 -8.269
0 -9.687
0 -7.369
0 -11.037
0 -12.132
0 -15.006
0 -18.932
0 -17.964
0 -16.814
0 -15.93
0 -15.348
0 -16.007
0 -14.828
0 -9.929
0 -8.65
0 -9.043
0 -9.735
0 -10.674
0 -11.893
0 -12.254
0 -14.135
0 -11.037
0 -9.835
0 -9.181
0 -6.229
0 -6.454
0 -8.66
0 -10.153
0 -9.289
0 -8.415
0 -7.12
0 -7.078
0 -6.486
0 -7.016
0 -7.057
0 -6.794
0 -8.432
0 -5.971
0 -5.815
0 -3.148
0 -4.409
0 -5.552
0 -6.221
0 -8.008
0 -8.95
0 -7.322
0 -10.554
0 -11.626
0 -10.855
0 -7.696
0 -5.28
0 -5.499
0 -3.435
0 -4.86
0 -3.842
0 -5.776
0 -7.013
0 -6.406
0 -4.213
0 -7.727
0 -9.438
0 -9.046
0 -6.27
0 -6.598
0 -6.262
0 -6.984
0 -4.204
0 -5.716
0 -11.911
0 -9.866
0 -11.24
0 -10.077
0 -10.152
0 -11.501
0 -10.973
0 -10.453
0 -8.99
0 -5.992
0 -5.348
0 -3.937
0 -3.604
0 -5.339
0 -4.373
0 -5.538
0 -5.22
0 -5.522
0 -7.401
0 -7.448
0 -8.656
0 -7.13
0 -8.996
0 -7.182
0 -6.639
0 -6.213
0 -7.139
0 -7.669
0 -7.15
0 -7.438
0 -7.004
0 -4.797
0 -4.163
0 -3.502
0 -3.571
0 -3.394
0 -4.557
0 -6.269
0 -6.373
0 -6.203
0 -6.168
0 -5.116
0 -3.985
0 -4.953
0 -3.859
0 -5.219
0 -4.607
0 -3.335
0 -2.706
0 -7.399
0 -5.743
0 -3.998
0 -8
0 -8.758
0 -9.059
0 -6.634
0 -10.461
0 -10.606
0 -10.147
0 -14.183
0 -14.121
0 -9.839
0 -9.687
0 -11.601
0 -10.262
0 -7.687
0 -6.46
0 -4.523
0 -5.561
0 -8.213
0 -8.506
0 -5.554
0 -3.889
0 -7.497
0 -4.271
0 -6.581
0 -7.656
0 -6.827
0 -4.502
0 -4.291
0 -4.257
0 -2.172
0 -1.614
0 -0.772
0 -2.209
0 -1.447
0 -0.263
0 1.267
0 0.899
0 0.739
0 0.552
0 -2.277
0 -3.486
0 -6.082
0 -7.066
0 -9.229
0 -13.066
0 -11.762
0 -11.909
0 -13.483
0 -15.421
0 -13.009
0 -14.366
0 -17.494
0 -17.872
0 -14.727
0 -14.784
0 -18.263
0 -15.63
0 -13.027
0 -14.357
0 -13.638
0 -11.376
0 -12.684
0 -11.284
0 -9.701
0 -7.147
0 -5.813
0 -4.745
0 -3.221
0 -3.553
0 -3.069
0 -1.733
0 -1.601
0 -0.02
0 0.141
0 0.188
0 0.939
0 1.737
0 1.181
0 0.192
0 3.515
0 4.947
0 6.174
0 5.41
0 4.437
0 3.632
0 2.445
0 -0.366
0 -4.309
0 -3.461
0 -3.582
0 -3.463
0 0.237
0 0.901
0 1.46
0 2.456
0 0.843
0 -0.547
0 -1.773
0 -2.239
0 -2.115
0 -1.165
0 -1.09
0 -1.523
0 -1.261
0 0.388
0 -0.659
0 -1.702
0 -0.405
0 -0.759
0 0.351
0 0.497
0 1.409
0 2.975
0 4.485
0 3.354
0 2.959
0 4.66
0 5.813
0 3.741
0 4.523
0 5.402
0 3.976
0 3.458
0 5.488
0 6.08
0 7.226
0 -1.789
0 -2.314
0 -2.978
0 -5.33
0 -6.001
0 -7.793
0 -7.272
0 -7.66
0 -6.902
0 -7.731
0 -7.089
0 -5.538
0 -6.123
0 -7.094
0 -7.966
0 -10.105
0 -12.394
0 -13.467
0 -16.554
0 -13.717
0 -10.975
0 -9.345
0 -6.618
0 -8.911
0 -8.781
0 -10.955
0 -11.314
0 -10.819
0 -9.639
0 -10.338
0 -9.715
0 -10.412
0 -9.736
0 -8.819
0 -6.565
0 -6.758
0 -5.351
0 -4.852
0 -3.849
0 -6.212
0 -8.874
0 -9.058
0 -10.85
0 -8.397
0 -8.851
0 -10.823
0 -11.048
0 -13.374
0 -16.836
0 -14.578
0 -16.094
0 -12.374
0 -10.79
0 -15.473
0 -15.444
0 -17.437
0 -17.828
0 -17.628
0 -19.141
0 -18.774
0 -21.191
0 -18.868
0 -17.599
0 -12.946
0 -12.338
0 -16.597
0 -14.412
0 -13.854
0 -17.133
0 -16.604
0 -13.902
0 -14.122
0 -12.248
0 -13.501
0 -12.346
0 -13.922
0 -15.963
0 -15.33
0 -14.401
0 -11.527
0 -7.856
0 -8.171
0 -10.3
0 -12.459
0 -15.483
0 -17.396
0 -13.862
0 -15.435
0 -13.573
0 -14.451
0 -16.858
0 -16.738
0 -10.709
0 -8.903
0 -11.007
0 -7.728
0 -7.884
0 -11.28
0 -13.119
0 -9.929
0 -12.008
0 -15.338
0 -13.061
0 -11.362
0 -12.165
0 -11.421
0 -12.67
0 -13.691
0 -10.052
0 -13.719
0 -10.784
0 -12.02
0 -10.995
0 -6.209
0 -9.103
0 -8.626
0 -8.212
1 -5.391
1 -4.27
0 -8.118
0 -7.394
0 -9.064
0 -7.443
0 -9.804
0 -11.831
0 -10.952
0 -9.018
0 -11.056
0 -11.124
0 -8.483
0 -7.523
0 -8.775
0 -7.421
0 -8.025
0 -11.539
0 -15.714
0 -18.742
0 -18.33
0 -18.948
0 -19.112
0 -17.561
0 -16.78
0 -14.016
0 -10.424
0 -7.289
1 -5.266
0 -4.158
0 -4.387
1 -3.867
0 -5.28
1 -6.221
1 -7.57
1 -6.221
1 -6.148
1 -7.611
0 -6.622
0 -7.495
0 -5.726
0 -8.031
0 -3.298
0 -2.656
0 -0.948
0 -1.167
0 -0.383
0 -2.918
0 -3.914
0 -10.185
0 -14.747
0 -15.832
0 -18.654
0 -18.256
0 -18.178
0 -16.729
0 -14.5
0 -10.014
0 -9.11
0 -8.383
0 -8.621
0 -4.089
0 -5.092
0 -7.11
0 -8.095
0 -6.062
0 -5.472
0 -9.019
0 -8.988
0 -5.584
0 -4.158
0 -2.866
0 -2.462
0 -5.352
0 -9.733
0 -10.543
0 -10.602
0 -9.176
0 -7.494
0 -6.829
0 -5.044
0 -5.314
0 -6.159
0 -5.409
0 -8.419
0 -11.674
0 -11.854
0 -10.295
0 -8.244
0 -8.43
0 -8.161
0 -10.908
0 -12.709
0 -9.99
0 -13.286
0 -17.024
0 -15.316
0 -16.325
0 -15.031
0 -14.513
0 -8.978
0 -7.516
0 -5.111
0 -0.305
0 1.014
0 0.738
0 -1.562
0 -3.638
0 -7.746
0 -8.15
0 -8.988
0 -8.754
0 -9.769
0 -6.99
0 -11.511
0 -12.629
0 -15.618
0 -18.831
0 -18.158
0 -16.988
0 -16.011
0 -15.417
0 -16.487
0 -14.951
0 -9.837
0 -8.468
0 -9.03
0 -9.138
0 -9.685
0 -11.846
0 -11.973
0 -14.452
0 -11.597
0 -9.729
0 -8.031
0 -6.518
0 -6.398
0 -9.107
0 -10.323
0 -8.454
0 -8.09
0 -7.251
0 -7.363
0 -6.544
0 -7.229
0 -7.291
0 -6.739
0 -8.328
0 -6.057
0 -5.593
0 -3.252
0 -4.464
0 -5.721
0 -6.642
0 -7.809
0 -9.093
0 -7.888
0 -10.328
0 -11.932
0 -10.743
0 -7.868
0 -5.885
0 -5.556
0 -3.841
0 -4.979
0 -4.587
0 -5.783
0 -7.11
0 -7.114
0 -4.753
0 -7.766
0 -9.216
0 -9.09
0 -6.236
0 -7.334
0 -7.175
0 -7.102
0 -4.409
0 -5.778
0 -12.092
0 -9.607
0 -11.272
0 -9.577
0 -10.114
0 -11.072
0 -11.05
0 -10.447
0 -9.583
0 -6.573
0 -6.113
0 -5.161
0 -4.076
0 -4.954
0 -5.943
0 -5.545
0 -5.333
0 -5.649
0 -8.192
0 -8.216
0 -8.84
0 -7.224
0 -9.417
0 -7.467
0 -7.018
0 -6.201
0 -7.136
0 -8.432
0 -7.282
0 -7.752
0 -7.314
0 -4.74
0 -3.843
0 -3.311
0 -3.244
0 -3.221
0 -4.089
0 -6.285
0 -6.284
0 -5.941
0 -6.231
0 -5.434
0 -4.076
0 -4.888
0 -3.805
0 -4.581
0 -4.741
0 -4.123
0 -2.505
0 -7.003
0 -6.685
0 -4.212
0 -10.23
0 -9.579
0 -8.866
0 -7.8
0 -10.779
0 -10.659
0 -10.125
0 -14.691
0 -14.295
0 -11.033
0 -9.213
0 -11.693
0 -10.548
0 -7.986
0 -7.057
0 -5.484
0 -5.649
0 -8.317
0 -8.555
0 -5.304
0 -3.738
0 -7.287
0 -3.722
0 -5.744
0 -6.434
0 -5.073
0 -4.774
0 -3.565
0 -3.589
0 -1.566
0 -1.948
0 -0.74
0 -2.661
0 -1.464
0 -0.849
0 1.818
0 0.576
0 1.613
0 0.672
0 -2.476
0 -4.016
0 -5.841
0 -7.568
0 -9.358
0 -13.226
0 -12.35
0 -11.877
0 -13.335
0 -15.319
0 -13.255
0 -14.493
0 -17.843
0 -18.323
0 -15.032
0 -15.011
0 -18.31
0 -16.147
0 -13.271
0 -14.538
0 -13.521
0 -11.925
0 -12.482
0 -11.568
0 -9.494
0 -7.905
0 -6.102
0 -4.167
0 -4.214
0 -5.04
0 -2.694
0 -2.244
0 -2.21
0 -0.901
0 0.158
0 0.293
0 -0.467
0 1.487
0 2.212
0 0.407
0 2.205
0 4.341
0 6.693
0 4.826
0 3.731
0 4.028
0 3.581
0 -0.229
0 -2.978
0 -3.688
0 -4.064
0 -3.857
0 -0.078
0 1.341
0 1.145
0 2.518
0 0.937
0 -0.485
0 -1.628
0 -2.171
0 -1.843
0 -0.905
0 -1.215
0 -1.355
0 -1.148
0 0.264
0 -0.972
0 -1.237
0 -0.548
0 -1.32
0 0.474
0 0.029
0 0.912
0 2.37
0 3.674
0 3.261
0 2.89
0 4.461
0 5.855
0 4.36
0 4.424
0 6.1
0 4.306
0 3.24
0 5.464
0 6.221
0 7.301
