-0.218
0.457
-2.391
-4.271
-5.638
-6.296
-6.73
-7.039
-8.464
-8.506
-5.957
-5.184
-8.169
-6.922
-8.949
-10.232
-12.392
-15.174
-18.816
-14.449
-11.367
-9.623
-7.176
-9.678
-8.854
-10.54
-11.636
-9.892
-9.988
-10.381
-11.158
-11.552
-10.75
-8.833
-6.414
-6.423
-4.538
-5.15
-3.511
-6.178
-9.158
-8.409
-10.001
-7.137
-6.101
-9.479
-11.317
-13.075
-15.695
-13.719
-16.695
-12.631
-12.168
-15.984
-14.679
-17.925
-18.626
-19.26
-18.377
-17.753
-20.201
-18.439
-17.206
-13.658
-13.004
-15.751
-14.778
-14.006
-16.942
-16.75
-13.604
-14.758
-11.965
-13.602
-11.64
-13.001
-15.87
-14.533
-14.14
-10.912
-7.454
-6.235
-10.249
-11.812
-15.461
-16.332
-13.425
-15.657
-14.797
-16.259
-18.505
-17.423
-15.209
-11.38
-12.772
-9.105
-10.497
-10.915
-13.656
-11.008
-10.866
-14.957
-13.497
-10.838
-12.388
-12.262
-12.465
-12.192
-10.701
-13.969
-10.232
-10.945
-10.463
-5.69
-8.556
-8.304
-6.748
-5.029
-3.791
-7.383
-7.041
-10.007
-8.746
-10.537
-11.325
-10.859
-8.269
-10.16
-10.891
-9.557
-8.147
-5.861
-5.691
-7.51
-11.107
-14.261
-19.27
-18.701
-18.584
-18.578
-16.653
-15.194
-12.534
-10.051
-6.955
-4.172
-3.17
-3.628
-3.566
-3.666
-5.328
-6.205
-5.541
-4.08
-6.628
-6.611
-7.424
-6.03
-7.467
-3.738
-2.925
-0.678
-0.918
0.797
-1.187
-3.512
-9.515
-14.727
-15.187
-16.472
-15.847
-17.419
-16.297
-14.496
-11.735
-10.564
-10.826
-7.549
-4.711
-4.376
-6.859
-7.624
-5.28
-5.096
-8.354
-8.975
-5.234
-4.313
-3.479
-4.663
-6.643
-8.39
-10.238
-9.659
-9.033
-8.294
-5.734
-6.312
-7.064
-7.695
-8.932
-10.277
-11.632
-12.792
-8.128
-10.692
-9.575
-10.357
-13.154
-12.086
-11.913
-15.682
-20.201
-18.903
-17.669
-13.569
-13.141
-9.852
-7.785
-5.265
0.711
1.142
0.779
-2.017
-4.398
-8.886
-7.285
-8.112
-8.127
-8.963
-6.429
-11.196
-12.9
-14.386
-17.398
-16.311
-16.667
-14.924
-15.249
-15.944
-14.953
-10.276
-9.63
-7.669
-8.378
-9.918
-11.509
-9.939
-12.404
-10.581
-8.191
-7.268
-7.862
-7.173
-7.835
-9.482
-7.874
-8.013
-6.803
-6.449
-6.713
-6.759
-5.654
-6.32
-7.388
-5.598
-4.015
-3.047
-3.978
-5.646
-6.94
-7.696
-9.593
-9.154
-11.618
-12.34
-11.914
-7.292
-4.403
-6.104
-2.946
-2.638
-3.757
-4.682
-7.188
-6.69
-4.171
-7.696
-9.08
-9.663
-7.098
-8.291
-6.38
-5.827
-4.05
-5.456
-11.164
-12.492
-12.959
-9.962
-9.825
-11.259
-12.995
-10.603
-9.274
-7.656
-5.902
-4.95
-4.913
-5.801
-5.865
-2.434
-2.407
-3.507
-4.384
-5.664
-7.274
-5.855
-6.203
-6.376
-5.483
-6.654
-7.722
-7.547
-7.25
-6.349
-5.88
-3
-1.781
-2.256
-2.12
-3.091
-3.907
-5.198
-5.116
-6.141
-6.259
-7.673
-6.09
-6.155
-4.119
-5.299
-8.137
-3.469
-4.94
-9.182
-7.831
-6.702
-12.385
-12.311
-10.209
-9.558
-13.598
-11.495
-10.493
-14.216
-14.553
-12.571
-9.645
-10.381
-8.794
-7.093
-6.108
-4.419
-4.399
-6.245
-7.992
-6.588
-4.729
-7.78
-4.877
-5.955
-6.2
-4.515
-5.929
-4.761
-2.996
-3.904
-2.39
-1.633
-3.662
-2.908
0.21
0.798
-1.208
0.264
-0.915
-2.889
-3.749
-6.052
-8.509
-10.197
-12.86
-12.411
-13.937
-14.055
-14.576
-14.51
-16.203
-18.81
-19.711
-16.861
-18.472
-22.121
-18.239
-14.49
-15.847
-15.504
-14.224
-13.897
-12.809
-14.007
-9.915
-6.67
-5.174
-4.798
-5.856
-2.613
-3.941
-4.466
-4.474
-4.222
-2.269
-2.748
-0.09
0.065
0.109
1.123
4.388
5.553
6.05
4.308
4.753
1.246
1.106
-1.025
-2.748
-1.611
-0.768
1.2
2.901
3.697
5.05
4.652
1.491
-0.751
-2.006
-2.337
-2.474
-1.392
-1.682
-2.751
-1.376
-2.164
-4.427
-2.843
-4.176
-1.961
-0.963
-0.036
2.019
3.3
3.572
2.978
6.617
7.76
6.461
8.296
9.415
8.98
8.722
9.392
11.182
9.717
0.522
0.499
-1.858
-4.783
-5.505
-6.424
-6.063
-7.145
-8.452
-8.141
-5.492
-5.496
-8.232
-7.483
-8.753
-11.005
-12.074
-14.464
-18.77
-14.172
-9.899
-9.451
-7.927
-9.58
-9.467
-10.906
-11.903
-10.07
-10.087
-11.165
-11.33
-11.843
-10.599
-9.989
-6.996
-6.484
-5.156
-4.666
-3.416
-5.919
-7.981
-8.625
-7.914
-6.77
-6.356
-9.079
-10.876
-11.807
-15.294
-13.271
-16.129
-12.258
-11.732
-15.639
-14.006
-17.16
-18.773
-18.507
-17.845
-17.604
-20.197
-18.829
-17.1
-13.606
-12.648
-15.35
-14.276
-13.788
-16.788
-16.844
-13.58
-14.408
-11.28
-12.287
-10.832
-12.186
-14.415
-13.009
-13.611
-9.783
-7.403
-7.233
-11.103
-12.77
-15.424
-16.543
-13.629
-16.362
-13.318
-15.379
-18.06
-18.419
-15.643
-12.312
-13.409
-8.69
-8.901
-10.295
-10.074
-9.696
-8.243
-13.51
-12.003
-9.977
-10.88
-11.431
-11.545
-12.128
-10.459
-13.581
-9.777
-11.986
-10.722
-5.423
-9.03
-8.517
-6.69
-4.924
-3.915
-7.301
-7.246
-9.99
-8.299
-10.663
-11.503
-10.928
-7.949
-10.139
-11.131
-9.836
-7.185
-5.278
-5.988
-7.478
-10.861
-14.723
-18.906
-18.43
-18.679
-18.593
-16.134
-15.347
-12.607
-10.291
-7.102
-4.466
-3.741
-4.675
-3.015
-4.003
-5.08
-6.688
-5.924
-3.71
-6.145
-5.551
-7.018
-6.673
-6.662
-3.459
-2.514
-0.009
-0.003
0.954
0.05
-1.868
-8.416
-14.086
-13.731
-15.811
-15.95
-18.284
-16.726
-14.427
-11.071
-10.419
-9.707
-7.88
-4.534
-4.29
-6.784
-7.341
-5.171
-4.478
-8.249
-7.535
-5.198
-3.618
-3.878
-3.996
-6.46
-8.098
-10.696
-10.507
-10.792
-10.531
-7.331
-7.888
-9.18
-10.207
-11.366
-11.661
-11.991
-12.865
-8.938
-9.377
-9.591
-11.056
-12.474
-12.425
-10.35
-14.176
-18.082
-18.495
-18.69
-14.909
-14.223
-9.235
-7.206
-4.824
0.872
2.035
0.757
-2.475
-4.869
-9.165
-7.66
-9.661
-8.021
-8.811
-6.076
-11.539
-12.591
-14.668
-17.867
-16.371
-16.623
-15.141
-15.271
-15.552
-14.563
-9.829
-9.426
-6.232
-8.294
-8.679
-11.13
-9.461
-11.892
-9.68
-7.982
-6.607
-6.862
-6.989
-8.604
-9.816
-7.781
-7.859
-6.836
-6.704
-6.411
-6.25
-5.536
-6.306
-7.108
-5.142
-3.774
-2.826
-3.789
-5.761
-6.681
-8.039
-9.736
-8.943
-11.431
-12.346
-11.427
-8.342
-5.522
-6.087
-3.657
-2.532
-3.534
-4.857
-6.876
-5.507
-2.702
-7.043
-10.125
-9.822
-6.991
-8.985
-7.181
-6.113
-3.547
-5.796
-11.991
-12.616
-12.957
-10.364
-9.514
-11.232
-12.521
-10.489
-9.912
-7.997
-5.709
-4.459
-4.691
-3.556
-6.036
-2.513
-2.385
-2.351
-4.696
-6.048
-7.098
-5.65
-6.092
-5.911
-5.699
-6.486
-7.103
-7.218
-6.683
-6.448
-5.329
-2.907
-1.676
-1.504
-1.783
-3.383
-3.935
-4.844
-4.456
-5.853
-5.975
-7.524
-5.919
-5.444
-2.904
-5.001
-6.965
-3.506
-5.052
-9.04
-8.004
-7.621
-12.633
-12.263
-10.082
-9.718
-13.001
-12.013
-10.168
-13.442
-15.292
-12.526
-9.581
-9.921
-7.795
-6.293
-2.578
-3.489
-4.448
-6.778
-5.734
-6.197
-4.409
-7.366
-4.109
-5.604
-5.592
-4.886
-5.981
-3.86
-4.199
-3.697
-2.003
-1.515
-3.832
-3.01
0.753
0.158
-0.705
-0.001
-0.586
-3.301
-5.525
-6.561
-7.945
-10.402
-13.664
-12.199
-14.115
-15.026
-15.494
-14.323
-15.815
-19.099
-20.35
-17.257
-18.356
-21.587
-17.749
-14.533
-15.914
-15.974
-14.501
-13.215
-12.638
-13.403
-9.719
-6.91
-4.766
-6.353
-5.257
-3.448
-4.011
-5.639
-4.008
-4.252
-3.111
-2.893
-0.354
0.659
-0.131
1.291
4.326
6.955
6.562
4.378
4.775
1.471
1.055
-1.379
-3.178
-2.094
-0.734
1.301
2.67
3.441
5.813
4.299
1.589
-0.568
-2.129
-2.584
-2.431
-1.263
-1.648
-2.226
-0.837
-1.383
-4.184
-2.285
-3.274
-1.881
-0.652
0.366
2.157
3.855
4.267
3.308
7.787
8.14
7.217
7.975
9.649
9.62
8.662
8.613
10.558
9.523
-0.299
0.568
-2.494
-4.889
-6.081
-6.136
-6.66
-7.398
-8.882
-8.195
-5.996
-5.288
-8.215
-7.41
-8.954
-10.916
-12.236
-15.373
-19.092
-14.276
-10.504
-9.31
-7.541
-9.454
-9.643
-10.344
-11.81
-10.798
-9.666
-11.637
-11.309
-11.241
-10.912
-9.598
-6.294
-6.052
-4.82
-4.757
-3.369
-6.101
-8.176
-8.318
-9.713
-6.885
-5.984
-9.065
-10.854
-11.651
-15.473
-14.137
-16.309
-12.481
-11.492
-15.341
-14.777
-16.738
-18.297
-18.435
-17.47
-16.954
-19.883
-18.293
-17.152
-13.25
-12.683
-15.553
-14.394
-14.125
-16.736
-16.958
-13.462
-14.422
-11.769
-12.393
-10.996
-11.735
-14.835
-12.932
-13.945
-10.11
-6.484
-6.759
-10.318
-11.906
-14.946
-16.565
-13.541
-15.823
-14.196
-16.097
-19.691
-19.118
-15.732
-12.367
-13.661
-8.273
-9.617
-10.986
-11.323
-9.966
-7.486
-13.497
-11.945
-10.526
-10.655
-11.897
-11.89
-12.654
-10.513
-13.577
-9.7
-10.993
-10.615
-5.589
-8.994
-8.363
-6.906
-5.506
-3.94
-7.571
-7.284
-10.109
-9.591
-10.777
-11.584
-10.971
-8.227
-10.505
-10.544
-9.353
-7.207
-6.107
-5.806
-7.69
-10.92
-14.994
-18.81
-18.168
-18.744
-18.429
-16.881
-15.098
-12.839
-10.042
-7.443
-4.527
-4.099
-4.414
-3.342
-4.308
-5.148
-6.946
-6.662
-4.918
-7.239
-6.672
-6.389
-5.655
-7.358
-3.018
-3.23
-0.452
-1.009
1.162
-1.165
-2.569
-8.927
-13.793
-14.218
-15.69
-15.288
-18.607
-17.138
-14.791
-11.436
-9.845
-9.442
-8.763
-5.055
-4.216
-6.959
-7.365
-4.885
-4.484
-8.065
-7.138
-4.892
-4.294
-3.211
-3.626
-6.604
-7.119
-9.78
-11.096
-10.69
-9.328
-7.733
-7.25
-7.45
-9.632
-11.364
-10.763
-10.821
-12.521
-8.395
-9.446
-9.92
-8.408
-12.506
-12.014
-11.132
-14.043
-18.621
-19.09
-18.063
-15.739
-12.818
-9.992
-7.434
-5.886
0.676
2.522
0.266
-2.36
-4.544
-8.972
-7.248
-7.98
-6.97
-9.276
-6.597
-11.447
-14.026
-15.377
-17.281
-16.462
-17.176
-14.811
-15.294
-16.059
-14.79
-10.147
-9.267
-6.436
-7.408
-8.595
-11.109
-9.459
-11.168
-9.245
-7.758
-6.725
-4.804
-6.784
-8.517
-9.496
-7.525
-7.635
-6.684
-6.433
-6.656
-6.142
-5.145
-5.835
-7.021
-5.123
-2.833
-2.642
-3.696
-4.894
-6.599
-7.911
-9.26
-8.678
-11.256
-12.226
-11.407
-7.761
-5.728
-6.019
-3.089
-2.767
-2.417
-4.248
-6.919
-6.628
-3.068
-7.425
-9.89
-9.85
-7.355
-8.958
-6.755
-6.123
-3.891
-6.515
-12.537
-12.576
-12.901
-10.294
-9.526
-11.307
-12.448
-10.531
-10.325
-8.339
-6.54
-6.054
-5.131
-4.066
-4.483
-2.568
-2.243
-3.329
-5.234
-6.317
-7.312
-5.368
-6.479
-5.803
-5.5
-6.672
-7.569
-8
-7.35
-6.695
-6.189
-3.126
-2.034
-2.01
-2.01
-3.523
-3.897
-5.365
-4.988
-6.153
-5.955
-7.716
-6.062
-5.416
-4.2
-4.882
-6.762
-3.16
-5.073
-9.443
-7.663
-6.203
-12.424
-12.364
-10.497
-9.544
-13.357
-11.523
-9.974
-13.129
-15.484
-12.492
-9.111
-9.421
-7.053
-6.177
-3.334
-4.237
-4.558
-6.362
-5.126
-5.974
-5.533
-7.588
-5.402
-6.087
-7.537
-4.799
-4.907
-4.217
-3.178
-3.233
-2.125
-2.888
-3.082
-3.33
0.06
0.566
-1.081
-0.183
-0.776
-3.165
-4.897
-6.029
-8.391
-10.417
-13.293
-12.784
-13.825
-14.581
-15.181
-14.962
-15.866
-19.431
-20.916
-18.066
-18.317
-22.135
-18.234
-14.983
-15.752
-15.441
-15.005
-13.374
-13.575
-13.274
-9.753
-6.719
-5.525
-5.904
-5.389
-3.835
-3.824
-5.021
-4.529
-3.303
-2.125
-3.498
-0.09
0.684
-0.631
1.073
4.066
5.984
6.104
4.361
4.826
0.701
1.08
-1.673
-2.617
-2.152
-0.942
0.717
2.619
2.855
5.251
4.59
1.36
-0.97
-1.97
-2.408
-2.429
-1.456
-1.687
-2.46
-0.607
-2.58
-4.338
-2.536
-3.884
-2.184
-1.789
0.077
1.815
3.008
4.182
3.192
7.274
8.584
6.878
7.854
9.409
9.623
8.177
8.399
11.082
9.996
-2.312
-2.852
-3.762
-5.336
-6.141
-7.979
-8.465
-7.513
-6.946
-7.35
-6.7
-5.418
-6.257
-7.287
-7.597
-10.019
-11.933
-13.731
-16.136
-13.985
-10.881
-9.952
-6.666
-9.134
-8.08
-10.652
-11.056
-10.777
-9.824
-10.218
-9.755
-10.449
-9.945
-8.878
-6.595
-7.003
-5.524
-5.469
-3.799
-6.06
-8.886
-8.987
-11.058
-8.269
-9.59
-10.81
-11.029
-13.991
-16.829
-14.617
-15.976
-12.102
-10.63
-15.577
-15.786
-17.442
-17.768
-18.057
-18.477
-17.995
-20.909
-19.469
-17.474
-12.808
-12.08
-16.109
-14.404
-13.951
-16.531
-16.695
-13.848
-14.368
-12.251
-13.543
-12.322
-13.982
-16.212
-15.263
-14.536
-10.175
-7.382
-7.803
-9.47
-12.56
-15.519
-17.172
-14.504
-15.673
-14.699
-14.636
-17.178
-16.525
-12.004
-9.053
-11.551
-7.4
-8.012
-10.797
-12.863
-9.978
-11.901
-15.312
-13.569
-11.415
-11.844
-11.457
-12.845
-14.053
-9.992
-13.55
-10.667
-11.435
-10.915
-5.878
-9.044
-8.103
-8.102
-5.379
-4.507
-8.079
-7.515
-9.011
-7.803
-9.275
-11.393
-11.499
-9.912
-11.69
-10.743
-8.178
-7.268
-8.501
-7.361
-7.658
-11.494
-14.77
-18.28
-17.936
-18.875
-19.185
-17.496
-16.347
-13.572
-10.094
-6.898
-5.01
-4.126
-4.307
-3.451
-4.563
-6.323
-7.53
-6.402
-6.175
-7.992
-6.425
-7.651
-6.005
-7.659
-3.416
-3.191
-0.937
-1.145
-0.332
-2.689
-4.388
-9.814
-14.702
-15.937
-18.531
-17.855
-18.435
-16.595
-13.566
-10.241
-9.254
-9.56
-8.788
-5.204
-4.958
-7.285
-8.632
-6.075
-5.713
-9.186
-9.284
-6.072
-4.036
-2.662
-2.464
-5.548
-8.863
-10.543
-9.338
-9.108
-6.458
-4.695
-3.22
-4.178
-6.183
-5.129
-5.811
-10.67
-10.792
-9.159
-8.255
-8.416
-8.887
-11.543
-12.977
-10.453
-13.536
-16.759
-15.092
-17.133
-14.886
-12.654
-8.786
-7.928
-5.535
-0.651
0.949
0.658
-1.922
-4.011
-6.949
-7.373
-7.939
-8.642
-9.751
-7.562
-11.819
-12.857
-15.38
-19.151
-17.953
-16.812
-15.66
-15.292
-16.235
-14.709
-9.835
-8.838
-8.796
-10.193
-10.475
-11.974
-12.668
-14.636
-11.208
-9.576
-8.218
-6.323
-6.32
-8.064
-9.814
-9.23
-8.508
-7.107
-7.294
-6.525
-7.267
-7.27
-6.62
-8.487
-5.851
-5.646
-3.149
-4.382
-5.778
-7.101
-7.81
-9.073
-7.583
-10.614
-11.843
-10.994
-7.977
-5.718
-5.647
-3.699
-5.087
-4.355
-5.723
-7.135
-6.711
-4.273
-7.995
-10.278
-10.352
-6.521
-7.352
-6.588
-7.218
-4.163
-5.779
-12.431
-10.133
-11.447
-9.388
-10.315
-10.998
-11.16
-10.608
-9.435
-6.965
-5.903
-6.053
-4.325
-6.04
-5.491
-5.905
-5.444
-6.486
-8.714
-9.123
-8.923
-6.887
-9.455
-7.399
-6.723
-6.217
-6.901
-8.387
-7.05
-7.824
-7.199
-5.101
-4.315
-3.515
-3.712
-3.335
-4.368
-6.171
-6.366
-6.248
-6.225
-5.418
-3.787
-4.814
-4.089
-5.029
-5.023
-5.095
-2.962
-6.994
-6.733
-4.086
-9.602
-9.297
-9.136
-7.126
-10.477
-10.411
-10.013
-14.185
-14.141
-10.594
-9.286
-11.276
-10.444
-8.05
-6.948
-4.996
-5.701
-8.383
-8.945
-5.957
-4.081
-7.471
-3.598
-5.652
-6.462
-5.478
-4.855
-3.948
-4.003
-1.473
-1.48
-0.593
-1.884
-1.265
0.133
1.301
0.992
1.271
0.638
-2.569
-3.511
-5.681
-7.8
-9.311
-12.793
-12.561
-11.852
-13.57
-15.038
-13.138
-14.385
-17.856
-18.28
-15.025
-14.652
-18.311
-15.469
-12.575
-14.536
-13.495
-11.256
-12.16
-10.942
-9.409
-7.306
-5.525
-4.201
-3.628
-3.846
-3.208
-1.858
-1.675
0.174
-0.062
0.201
0.749
1.279
1.871
0.322
2.968
5.105
5.738
5.576
4.237
3.468
2.978
-0.554
-2.904
-3.413
-3.959
-4.114
-0.143
0.708
0.795
2.103
0.466
-0.693
-1.703
-2.246
-2.073
-0.644
-0.833
-2.262
-1.143
0.702
-0.718
-1.566
0.042
-0.892
0.652
0.442
1.772
3.061
4.423
3.477
3.033
5.048
5.432
4.073
3.878
6.075
4.258
3.233
4.605
5.932
7.142
-1.491
-2.202
-3.208
-4.936
-6.187
-6.932
-5.998
-7.517
-6.7
-7.142
-6.843
-5.818
-6.049
-6.68
-8.437
-10.405
-11.819
-13.975
-16.576
-13.368
-11.479
-9.908
-6.432
-8.605
-7.67
-10.552
-10.724
-10.901
-9.377
-10.3
-9.976
-10.4
-9.578
-8.609
-6.42
-6.102
-4.973
-5.155
-3.419
-6.462
-9.096
-8.853
-11.095
-8.855
-9.511
-11.106
-11.146
-13.562
-16.744
-14.599
-15.8
-11.999
-10.64
-15.113
-15.003
-17.306
-17.627
-17.946
-18.214
-18.447
-21.09
-19.516
-17.579
-12.768
-12.107
-16.104
-14.626
-13.651
-16.437
-17.163
-13.904
-13.471
-12.275
-13.292
-12.401
-13.891
-16.155
-15.179
-14.357
-10.146
-7.704
-7.695
-10.27
-12.879
-15.375
-17.378
-14.526
-15.093
-14.772
-14.633
-17.482
-16.119
-11.573
-7.931
-10.747
-7.182
-7.293
-10.728
-12.47
-10.363
-11.823
-15.322
-13.108
-11.459
-12.118
-11.926
-13.101
-14.008
-9.847
-13.818
-10.794
-11.955
-10.942
-5.833
-9.049
-8.055
-8.852
-5.423
-4.286
-7.664
-7.468
-8.946
-7.012
-8.383
-10.513
-9.782
-9.264
-11.843
-10.713
-8.322
-7.016
-9.213
-8.35
-8.879
-11.606
-15.93
-18.324
-18.347
-18.905
-19.245
-17.38
-16.654
-13.774
-10.359
-7.149
-4.746
-3.902
-4.301
-3.548
-5.275
-6.414
-7.579
-6.411
-6.116
-8.096
-6.727
-7.223
-6.085
-7.926
-3.431
-2.989
-0.962
-1.408
-0.102
-3.018
-3.861
-9.89
-14.482
-15.41
-18.286
-17.047
-17.966
-15.534
-13.888
-10.187
-9.092
-9.697
-9.015
-5.255
-4.806
-7.334
-8.421
-6.063
-5.237
-9.309
-9.003
-5.938
-4.207
-2.907
-2.636
-5.522
-9.327
-11.164
-10.663
-9.497
-6.617
-5.045
-4.126
-4.939
-6.087
-4.977
-8.29
-11.432
-11.751
-9.558
-8.593
-8.468
-8.76
-12.022
-12.891
-10.809
-13.562
-16.702
-14.475
-16.762
-14.621
-13.763
-8.994
-7.523
-5.377
-0.453
0.947
0.684
-1.862
-3.704
-7.94
-7.834
-8.616
-8.269
-9.687
-7.369
-11.037
-12.132
-15.006
-18.932
-17.964
-16.814
-15.93
-15.348
-16.007
-14.828
-9.929
-8.65
-9.043
-9.735
-10.674
-11.893
-12.254
-14.135
-11.037
-9.835
-9.181
-6.229
-6.454
-8.66
-10.153
-9.289
-8.415
-7.12
-7.078
-6.486
-7.016
-7.057
-6.794
-8.432
-5.971
-5.815
-3.148
-4.409
-5.552
-6.221
-8.008
-8.95
-7.322
-10.554
-11.626
-10.855
-7.696
-5.28
-5.499
-3.435
-4.86
-3.842
-5.776
-7.013
-6.406
-4.213
-7.727
-9.438
-9.046
-6.27
-6.598
-6.262
-6.984
-4.204
-5.716
-11.911
-9.866
-11.24
-10.077
-10.152
-11.501
-10.973
-10.453
-8.99
-5.992
-5.348
-3.937
-3.604
-5.339
-4.373
-5.538
-5.22
-5.522
-7.401
-7.448
-8.656
-7.13
-8.996
-7.182
-6.639
-6.213
-7.139
-7.669
-7.15
-7.438
-7.004
-4.797
-4.163
-3.502
-3.571
-3.394
-4.557
-6.269
-6.373
-6.203
-6.168
-5.116
-3.985
-4.953
-3.859
-5.219
-4.607
-3.335
-2.706
-7.399
-5.743
-3.998
-8
-8.758
-9.059
-6.634
-10.461
-10.606
-10.147
-14.183
-14.121
-9.839
-9.687
-11.601
-10.262
-7.687
-6.46
-4.523
-5.561
-8.213
-8.506
-5.554
-3.889
-7.497
-4.271
-6.581
-7.656
-6.827
-4.502
-4.291
-4.257
-2.172
-1.614
-0.772
-2.209
-1.447
-0.263
1.267
0.899
0.739
0.552
-2.277
-3.486
-6.082
-7.066
-9.229
-13.066
-11.762
-11.909
-13.483
-15.421
-13.009
-14.366
-17.494
-17.872
-14.727
-14.784
-18.263
-15.63
-13.027
-14.357
-13.638
-11.376
-12.684
-11.284
-9.701
-7.147
-5.813
-4.745
-3.221
-3.553
-3.069
-1.733
-1.601
-0.02
0.141
0.188
0.939
1.737
1.181
0.192
3.515
4.947
6.174
5.41
4.437
3.632
2.445
-0.366
-4.309
-3.461
-3.582
-3.463
0.237
0.901
1.46
2.456
0.843
-0.547
-1.773
-2.239
-2.115
-1.165
-1.09
-1.523
-1.261
0.388
-0.659
-1.702
-0.405
-0.759
0.351
0.497
1.409
2.975
4.485
3.354
2.959
4.66
5.813
3.741
4.523
5.402
3.976
3.458
5.488
6.08
7.226
-1.789
-2.314
-2.978
-5.33
-6.001
-7.793
-7.272
-7.66
-6.902
-7.731
-7.089
-5.538
-6.123
-7.094
-7.966
-10.105
-12.394
-13.467
-16.554
-13.717
-10.975
-9.345
-6.618
-8.911
-8.781
-10.955
-11.314
-10.819
-9.639
-10.338
-9.715
-10.412
-9.736
-8.819
-6.565
-6.758
-5.351
-4.852
-3.849
-6.212
-8.874
-9.058
-10.85
-8.397
-8.851
-10.823
-11.048
-13.374
-16.836
-14.578
-16.094
-12.374
-10.79
-15.473
-15.444
-17.437
-17.828
-17.628
-19.141
-18.774
-21.191
-18.868
-17.599
-12.946
-12.338
-16.597
-14.412
-13.854
-17.133
-16.604
-13.902
-14.122
-12.248
-13.501
-12.346
-13.922
-15.963
-15.33
-14.401
-11.527
-7.856
-8.171
-10.3
-12.459
-15.483
-17.396
-13.862
-15.435
-13.573
-14.451
-16.858
-16.738
-10.709
-8.903
-11.007
-7.728
-7.884
-11.28
-13.119
-9.929
-12.008
-15.338
-13.061
-11.362
-12.165
-11.421
-12.67
-13.691
-10.052
-13.719
-10.784
-12.02
-10.995
-6.209
-9.103
-8.626
-8.212
-5.391
-4.27
-8.118
-7.394
-9.064
-7.443
-9.804
-11.831
-10.952
-9.018
-11.056
-11.124
-8.483
-7.523
-8.775
-7.421
-8.025
-11.539
-15.714
-18.742
-18.33
-18.948
-19.112
-17.561
-16.78
-14.016
-10.424
-7.289
-5.266
-4.158
-4.387
-3.867
-5.28
-6.221
-7.57
-6.221
-6.148
-7.611
-6.622
-7.495
-5.726
-8.031
-3.298
-2.656
-0.948
-1.167
-0.383
-2.918
-3.914
-10.185
-14.747
-15.832
-18.654
-18.256
-18.178
-16.729
-14.5
-10.014
-9.11
-8.383
-8.621
-4.089
-5.092
-7.11
-8.095
-6.062
-5.472
-9.019
-8.988
-5.584
-4.158
-2.866
-2.462
-5.352
-9.733
-10.543
-10.602
-9.176
-7.494
-6.829
-5.044
-5.314
-6.159
-5.409
-8.419
-11.674
-11.854
-10.295
-8.244
-8.43
-8.161
-10.908
-12.709
-9.99
-13.286
-17.024
-15.316
-16.325
-15.031
-14.513
-8.978
-7.516
-5.111
-0.305
1.014
0.738
-1.562
-3.638
-7.746
-8.15
-8.988
-8.754
-9.769
-6.99
-11.511
-12.629
-15.618
-18.831
-18.158
-16.988
-16.011
-15.417
-16.487
-14.951
-9.837
-8.468
-9.03
-9.138
-9.685
-11.846
-11.973
-14.452
-11.597
-9.729
-8.031
-6.518
-6.398
-9.107
-10.323
-8.454
-8.09
-7.251
-7.363
-6.544
-7.229
-7.291
-6.739
-8.328
-6.057
-5.593
-3.252
-4.464
-5.721
-6.642
-7.809
-9.093
-7.888
-10.328
-11.932
-10.743
-7.868
-5.885
-5.556
-3.841
-4.979
-4.587
-5.783
-7.11
-7.114
-4.753
-7.766
-9.216
-9.09
-6.236
-7.334
-7.175
-7.102
-4.409
-5.778
-12.092
-9.607
-11.272
-9.577
-10.114
-11.072
-11.05
-10.447
-9.583
-6.573
-6.113
-5.161
-4.076
-4.954
-5.943
-5.545
-5.333
-5.649
-8.192
-8.216
-8.84
-7.224
-9.417
-7.467
-7.018
-6.201
-7.136
-8.432
-7.282
-7.752
-7.314
-4.74
-3.843
-3.311
-3.244
-3.221
-4.089
-6.285
-6.284
-5.941
-6.231
-5.434
-4.076
-4.888
-3.805
-4.581
-4.741
-4.123
-2.505
-7.003
-6.685
-4.212
-10.23
-9.579
-8.866
-7.8
-10.779
-10.659
-10.125
-14.691
-14.295
-11.033
-9.213
-11.693
-10.548
-7.986
-7.057
-5.484
-5.649
-8.317
-8.555
-5.304
-3.738
-7.287
-3.722
-5.744
-6.434
-5.073
-4.774
-3.565
-3.589
-1.566
-1.948
-0.74
-2.661
-1.464
-0.849
1.818
0.576
1.613
0.672
-2.476
-4.016
-5.841
-7.568
-9.358
-13.226
-12.35
-11.877
-13.335
-15.319
-13.255
-14.493
-17.843
-18.323
-15.032
-15.011
-18.31
-16.147
-13.271
-14.538
-13.521
-11.925
-12.482
-11.568
-9.494
-7.905
-6.102
-4.167
-4.214
-5.04
-2.694
-2.244
-2.21
-0.901
0.158
0.293
-0.467
1.487
2.212
0.407
2.205
4.341
6.693
4.826
3.731
4.028
3.581
-0.229
-2.978
-3.688
-4.064
-3.857
-0.078
1.341
1.145
2.518
0.937
-0.485
-1.628
-2.171
-1.843
-0.905
-1.215
-1.355
-1.148
0.264
-0.972
-1.237
-0.548
-1.32
0.474
0.029
0.912
2.37
3.674
3.261
2.89
4.461
5.855
4.36
4.424
6.1
4.306
3.24
5.464
6.221
7.301
