0 -13.466
0 -14.595
0 -19.132
0 -21.833
0 -26.158
0 -28.59
0 -31.568
0 -31.902
0 -29.741
0 -29.905
0 -24.8
0 -25.167
0 -17.26
0 -12.259
0 -16.019
0 -17.392
0 -26.462
0 -24.484
0 -24.978
0 -25.377
0 -23.69
0 -20.588
0 -16.58
0 -12.844
0 -19.812
0 -19.711
0 -18.566
0 -18.032
0 -16.393
0 -22.895
0 -23.296
0 -22.048
0 -15.376
0 -17.0
0 -17.046
1 -18.955
0 -19.402
0 -20.997
0 -14.646
0 -18.756
0 -12.92
0 -12.831
0 -17.359
0 -10.12
0 -14.514
0 -6.413
0 -9.812
0 -5.02
0 -9.644
0 -5.096
0 -4.294
0 -13.547
0 -12.046
0 -18.341
0 -13.178
0 -11.241
0 -15.901
0 -17.994
0 -13.4
0 -14.825
0 -19.585
0 -16.449
1 -16.957
0 -17.298
0 -18.531
1 -20.086
0 -20.257
0 -20.73
0 -20.969
0 -22.188
0 -22.475
0 -21.832
1 -24.155
1 -21.972
0 -25.536
1 -24.597
1 -24.91
1 -23.77
0 -20.478
0 -23.665
1 -17.136
0 -12.242
0 -16.035
0 -13.41
0 -17.553
0 -17.055
1 -13.179
1 -14.552
1 -19.16
1 -23.362
1 -23.702
1 -22.896
0 -19.336
0 -21.431
0 -19.203
0 -14.584
0 -12.821
0 -17.814
0 -17.997
0 -20.675
0 -19.996
0 -22.576
0 -18.128
0 -18.037
0 -21.967
0 -20.281
0 -23.205
0 -25.442
0 -28.271
0 -29.501
0 -32.996
0 -32.045
0 -29.029
0 -26.776
0 -23.355
0 -20.554
0 -17.033
0 -14.366
0 -10.696
0 -9.737
0 -5.189
0 -4.545
0 -7.147
0 -3.692
0 -5.699
0 -2.55
0 -3.237
0 -5.254
0 -11.63
0 -7.43
0 -10.103
0 -16.257
0 -18.584
0 -23.528
0 -23.311
0 -24.455
0 -21.518
0 -20.656
0 -16.143
0 -16.995
0 -20.497
0 -20.499
0 -22.692
0 -23.269
0 -22.504
0 -20.91
0 -17.733
0 -17.757
0 -19.098
0 -17.674
0 -21.949
0 -19.985
0 -20.805
0 -14.091
0 -10.862
0 -9.39
0 -5.61
0 -4.729
0 -6.531
0 -7.967
0 -6.703
0 -5.476
0 -5.454
0 -3.401
0 -1.649
0 1.324
0 -1.505
0 1.759
1 0.768
1 -0.032
0 1.723
0 -1.75
0 -5.487
0 -6.721
0 -7.731
0 -11.208
0 -11.006
0 -13.729
0 -9.827
0 -12.133
0 -14.152
0 -20.05
0 -17.469
0 -23.222
0 -17.26
0 -19.176
0 -15.053
1 -14.967
0 -8.356
1 -8.374
1 -1.95
1 -3.269
1 -7.521
1 -9.667
1 -15.881
1 -15.772
0 -20.978
0 -17.346
0 -21.374
0 -17.243
0 -14.351
0 -11.399
0 -16.354
0 -18.777
1 -13.332
0 -10.689
0 -14.689
0 -13.015
0 -7.63
0 -7.004
0 -11.421
0 -7.47
0 -5.187
0 -6.52
0 -6.678
0 -4.32
0 -2.763
0 -3.542
1 -3.204
1 -0.543
1 -3.605
0 -3.361
0 -7.204
0 -7.859
0 -12.449
0 -11.145
0 -13.016
0 -12.421
1 -8.939
1 -4.769
1 -6.487
1 -9.903
0 -13.458
0 -14.603
0 -12.876
0 -12.109
0 -16.121
0 -20.624
0 -20.341
0 -22.589
0 -21.871
0 -20.243
0 -18.283
0 -18.11
0 -19.954
0 -21.038
0 -21.395
0 -18.801
0 -20.835
0 -17.041
0 -20.953
0 -15.2
0 -17.363
0 -20.791
0 -18.49
1 -12.646
0 -11.106
1 -5.486
0 -8.631
1 -12.739
0 -16.835
0 -14.71
0 -19.988
0 -14.829
0 -18.188
1 -14.82
1 -17.355
1 -18.489
0 -18.516
1 -18.718
1 -20.372
1 -15.778
1 -18.97
1 -15.082
1 -10.466
0 -13.684
1 -12.308
0 -16.651
1 -17.54
0 -18.933
1 -19.887
0 -20.082
1 -19.99
1 -17.489
1 -13.491
0 -15.789
1 -8.48
0 -7.004
1 -9.591
0 -14.25
1 -12.546
0 -19.1
0 -15.806
0 -20.328
0 -17.35
0 -20.741
0 -15.633
0 -16.492
0 -17.734
0 -14.134
0 -11.982
0 -7.397
0 -5.682
0 -3.497
1 -1.344
1 -1.832
0 -5.354
0 -5.947
0 -10.942
0 -10.74
0 -16.055
0 -11.261
0 -13.276
0 -8.724
0 -4.845
0 -13.593
0 -8.769
0 -11.234
0 -17.81
0 -16.708
0 -12.81
0 -15.065
0 -16.42
0 -17.011
0 -10.82
0 -14.456
0 -17.705
0 -16.091
0 -19.055
0 -20.876
0 -22.155
0 -28.24
0 -26.091
0 -31.367
0 -27.754
0 -25.4
0 -22.061
0 -19.825
0 -17.097
0 -16.097
0 -12.571
0 -15.191
0 -13.549
0 -18.836
0 -20.093
0 -25.106
0 -26.332
0 -28.938
0 -29.074
0 -26.912
0 -26.853
0 -24.515
0 -22.916
0 -16.418
0 -12.707
0 -15.445
0 -17.039
0 -25.72
0 -24.176
0 -24.77
0 -24.978
0 -23.768
0 -20.036
0 -16.416
0 -12.263
0 -19.91
0 -18.581
0 -17.434
0 -18.159
0 -16.135
0 -22.985
0 -23.009
0 -21.625
0 -15.879
0 -16.409
0 -16.395
1 -16.334
0 -17.459
0 -17.699
0 -12.854
0 -16.631
0 -10.642
0 -11.499
0 -14.652
0 -8.407
0 -13.052
0 -6.005
0 -9.405
0 -4.952
0 -8.749
0 -4.937
0 -3.214
0 -12.715
0 -11.279
0 -17.813
0 -12.616
0 -10.879
0 -16.441
0 -17.849
0 -11.845
0 -14.829
0 -19.46
0 -16.804
1 -15.787
0 -17.83
0 -18.485
1 -18.128
0 -17.405
0 -19.343
0 -19.939
0 -21.457
0 -21.732
0 -24.192
1 -21.684
1 -22.243
0 -23.786
1 -22.829
1 -23.147
1 -20.577
0 -18.522
0 -18.348
0 -14.685
0 -12.716
0 -15.015
1 -13.527
1 -9.714
1 -12.125
1 -16.129
1 -21.062
1 -21.335
1 -22.994
0 -18.238
0 -20.349
0 -18.245
0 -13.284
0 -13.356
0 -17.63
0 -17.346
0 -20.791
0 -19.473
0 -22.579
0 -18.097
0 -18.073
0 -22.078
0 -19.461
0 -23.802
0 -24.939
0 -27.226
0 -27.485
0 -30.649
0 -29.52
0 -26.449
0 -25.154
0 -21.639
0 -18.592
0 -15.885
0 -13.547
0 -10.079
0 -8.835
0 -5.233
0 -4.303
0 -7.686
0 -3.657
0 -5.634
0 -2.247
0 -2.87
0 -4.703
0 -10.028
0 -6.44
0 -9.435
0 -14.881
0 -16.318
0 -21.229
0 -20.926
0 -22.632
0 -20.913
0 -20.193
0 -16.114
0 -17.611
0 -20.746
0 -20.628
0 -22.329
0 -23.343
0 -22.135
0 -20.89
0 -17.795
0 -18.324
0 -19.952
0 -18.115
0 -22.242
0 -20.321
0 -20.751
0 -14.52
0 -11.082
0 -9.137
0 -5.597
0 -4.492
0 -6.721
0 -8.244
0 -6.714
0 -5.574
0 -5.563
0 -3.508
0 -0.946
0 1.338
0 -1.658
0 2.065
1 1.262
1 -0.046
0 1.816
0 -1.861
0 -5.673
0 -6.581
0 -7.233
0 -10.632
0 -10.339
0 -13.899
0 -9.563
0 -12.438
0 -14.098
0 -20.226
0 -18.09
0 -23.309
0 -17.483
0 -19.079
0 -14.83
1 -15.04
0 -8.453
1 -8.592
1 -2.01
1 -3.562
1 -7.5
1 -9.588
1 -15.56
1 -16.113
0 -21.016
0 -17.493
0 -21.548
0 -17.207
0 -14.158
0 -10.988
0 -16.365
0 -19.019
0 -13.379
0 -10.718
0 -14.832
0 -13.196
0 -7.714
0 -7.219
0 -11.496
0 -7.932
0 -4.976
0 -6.775
0 -5.944
0 -4.097
0 -2.61
0 -3.094
0 -4.61
1 -0.47
1 -3.455
0 -3.225
0 -7.32
0 -7.814
0 -12.654
0 -10.708
0 -13.126
0 -12.573
0 -8.533
1 -5.185
1 -7.011
1 -9.737
0 -12.797
0 -14.182
0 -12.72
0 -13.053
0 -16.304
0 -21.175
0 -20.662
0 -22.409
0 -20.844
0 -21.284
0 -18.065
0 -17.501
0 -20.225
0 -20.806
0 -21.145
0 -18.731
0 -20.649
0 -17.341
0 -21.037
0 -15.273
0 -17.363
0 -21.137
0 -19.403
0 -13.021
0 -11.422
1 -6.091
1 -8.831
0 -13.497
0 -17.063
0 -15.123
0 -20.305
0 -15.127
0 -18.297
1 -14.118
1 -17.532
1 -18.243
0 -17.677
1 -17.375
1 -19.069
1 -14.384
1 -18.294
1 -12.126
1 -8.974
0 -13.089
1 -10.541
0 -14.178
0 -16.398
0 -17.439
1 -19.309
0 -19.361
1 -18.709
1 -17.112
1 -13.625
0 -16.135
1 -8.786
0 -6.953
1 -9.564
0 -14.378
1 -12.508
0 -18.863
0 -16.311
0 -20.261
0 -17.46
0 -20.869
0 -16.315
0 -16.607
0 -17.92
0 -14.631
0 -12.135
0 -7.48
0 -5.726
0 -3.458
1 -1.339
1 -1.956
0 -5.531
0 -5.96
0 -10.888
0 -10.962
0 -16.089
0 -11.225
0 -13.405
1 -9.705
0 -5.373
0 -13.638
0 -9.08
0 -11.035
0 -18.198
0 -16.309
0 -13.077
0 -15.219
0 -16.433
0 -16.991
0 -10.812
0 -13.831
0 -15.803
0 -16.087
0 -17.518
0 -20.257
0 -21.528
0 -27.132
0 -26.249
0 -28.998
0 -26.15
0 -24.431
0 -21.399
0 -18.475
0 -15.6
0 -15.342
0 -11.582
0 -14.362
0 -13.451
0 -17.932
0 -19.875
0 -24.436
0 -26.221
0 -30.285
0 -29.891
0 -28.517
0 -28.73
0 -24.35
0 -24.005
0 -16.74
0 -13.461
0 -15.491
0 -17.134
0 -26.987
0 -25.234
0 -25.691
0 -27.097
0 -24.276
0 -21.75
0 -18.383
0 -12.877
0 -20.552
0 -19.123
0 -18.023
0 -19.163
0 -15.592
0 -22.686
0 -23.516
0 -22.552
0 -16.92
0 -19.078
0 -18.752
1 -17.477
0 -19.055
0 -20.545
0 -15.473
0 -18.877
0 -12.433
0 -12.881
0 -16.587
0 -10.007
0 -13.573
0 -6.495
0 -10.003
0 -5.62
0 -9.191
0 -4.794
0 -3.969
0 -13.136
0 -12.907
0 -18.714
0 -12.845
0 -12.572
0 -16.038
0 -18.363
0 -15.351
0 -17.18
0 -20.864
0 -17.79
1 -18.887
0 -19.049
0 -19.441
1 -19.376
0 -19.853
0 -20.863
0 -18.981
0 -21.455
0 -23.18
0 -21.835
1 -23.632
1 -24.288
0 -23.273
1 -23.971
1 -22.198
1 -19.028
0 -17.531
0 -19.771
0 -13.643
0 -14.751
1 -13.925
1 -12.417
1 -12.962
1 -18.063
1 -21.362
1 -19.985
1 -22.085
0 -19.047
0 -19.123
0 -15.886
0 -13.651
0 -11.256
0 -17.034
0 -17.44
0 -20.859
0 -20.126
0 -22.559
0 -18.379
0 -18.035
0 -22.492
0 -21.672
0 -24.278
0 -27.142
0 -27.694
0 -29.703
0 -31.29
0 -31.038
0 -28.374
0 -26.843
0 -23.375
0 -20.008
0 -17.701
0 -14.482
0 -12.001
0 -9.526
0 -4.94
0 -4.5
0 -7.46
0 -3.473
0 -5.887
0 -2.558
0 -3.323
0 -5.089
0 -11.07
0 -7.27
0 -10.648
0 -16.948
0 -18.311
0 -23.586
0 -23.22
0 -24.614
0 -22.523
0 -22.112
0 -17.211
0 -17.175
0 -21.117
0 -21.09
0 -22.759
0 -22.827
0 -22.436
0 -20.853
0 -17.481
0 -17.756
0 -19.39
0 -17.758
0 -21.586
0 -20.517
0 -21.062
0 -14.644
0 -11.22
0 -9.665
0 -5.614
0 -4.518
0 -6.201
0 -7.94
0 -6.821
0 -5.561
0 -5.484
0 -3.711
0 -1.342
0 1.263
0 -1.925
0 1.65
0 1.127
0 -0.224
0 1.969
0 -1.212
0 -5.328
0 -6.801
0 -7.446
0 -11.049
0 -10.898
0 -13.56
0 -9.881
0 -12.587
0 -13.693
0 -19.94
0 -17.583
0 -23.275
0 -17.389
0 -19.013
0 -14.941
1 -14.759
0 -8.087
1 -8.106
1 -2.244
1 -3.433
1 -7.376
1 -9.573
1 -15.315
1 -15.807
0 -21.032
0 -17.212
0 -21.112
0 -16.731
0 -14.37
0 -11.072
0 -16.356
0 -19.047
0 -13.556
0 -10.64
0 -14.697
0 -12.755
0 -7.883
0 -7.469
0 -11.237
0 -7.812
0 -5.009
0 -6.669
0 -6.313
0 -4.277
0 -2.889
0 -2.999
0 -4.722
1 -0.482
1 -3.503
0 -3.545
0 -7.013
0 -7.95
0 -12.551
0 -10.528
0 -13.07
0 -12.532
0 -8.597
1 -4.816
1 -7.64
1 -8.712
0 -13.855
0 -13.992
0 -12.762
0 -12.827
0 -15.865
0 -21.548
0 -21.054
0 -21.942
0 -21.899
0 -21.071
0 -17.981
0 -17.539
0 -20.204
0 -20.828
0 -21.394
1 -18.698
0 -20.485
0 -16.812
0 -20.801
0 -15.191
0 -17.322
0 -21.097
0 -19.241
0 -12.729
0 -10.948
0 -6.766
1 -8.617
0 -13.094
0 -16.875
0 -15.036
0 -19.928
0 -15.092
0 -17.882
1 -15.39
1 -17.765
1 -17.913
0 -17.786
1 -17.348
1 -19.315
1 -15.801
1 -19.823
1 -13.405
1 -10.619
0 -12.318
1 -10.785
0 -16.709
1 -16.967
0 -18.763
1 -19.546
0 -18.762
1 -19.679
1 -16.727
1 -13.729
0 -15.437
1 -8.419
0 -6.984
1 -9.606
0 -14.13
1 -12.532
0 -18.852
0 -15.823
0 -20.422
0 -17.513
0 -20.655
0 -16.098
0 -16.581
0 -17.885
0 -14.397
0 -11.884
1 -7.288
1 -5.225
1 -3.467
1 -1.425
1 -2.001
0 -5.578
0 -6.021
0 -11.038
0 -10.883
0 -16.027
0 -11.139
1 -13.035
0 -10.128
0 -5.174
0 -13.757
0 -8.663
0 -11.301
0 -17.596
0 -16.205
0 -12.582
0 -14.794
0 -16.809
0 -16.689
0 -11.075
0 -14.116
0 -17.208
0 -15.588
0 -18.238
0 -21.306
0 -21.425
0 -28.484
0 -27.095
0 -30.003
0 -26.052
0 -24.544
0 -20.363
0 -18.213
0 -15.078
0 -14.487
0 -11.257
0 -13.853
0 -14.88
0 -19.24
0 -19.37
0 -26.692
0 -26.867
0 -20.36
0 -22.09
0 -22.31
0 -17.269
0 -15.678
0 -14.654
0 -19.796
0 -16.611
0 -18.039
0 -24.986
0 -25.004
0 -21.973
0 -26.734
0 -30.825
0 -30.359
0 -28.583
0 -31.684
0 -34.616
0 -32.731
0 -31.894
0 -32.603
1 -23.286
0 -23.505
1 -26.484
1 -28.858
0 -30.837
0 -28.15
1 -27.802
0 -33.81
0 -30.529
0 -30.322
0 -30.143
0 -31.683
0 -30.295
0 -30.758
0 -32.222
0 -30.496
0 -31.542
0 -32.458
0 -31.894
0 -29.513
0 -29.56
0 -33.833
0 -30.441
0 -28.702
0 -31.216
0 -34.613
0 -32.187
0 -29.863
0 -30.431
0 -32.648
0 -33.874
0 -34.634
0 -34.819
0 -34.202
0 -28.54
0 -29.509
0 -22.01
0 -22.926
0 -16.147
0 -16.543
0 -10.915
0 -13.329
0 -8.795
1 -4.07
0 -3.624
0 -9.885
0 -8.47
1 -3.288
1 -7.343
1 -6.267
1 -10.956
1 -6.801
1 -6.273
0 -12.67
0 -14.472
1 -9.791
1 -7.693
0 -12.86
0 -16.971
0 -23.089
0 -17.505
0 -14.092
0 -19.656
0 -18.917
1 -11.468
0 -10.366
0 -12.971
1 -10.295
0 -4.437
0 -9.54
0 -13.687
1 -9.903
0 -9.742
0 -15.75
0 -17.23
1 -13.063
0 -15.755
0 -21.465
0 -22.208
0 -18.09
0 -19.655
0 -25.524
0 -24.367
0 -15.673
0 -22.657
0 -23.731
0 -17.028
0 -19.871
0 -19.793
0 -14.961
0 -14.006
0 -12.782
0 -17.994
0 -15.237
0 -15.549
0 -22.097
0 -22.374
0 -20.205
0 -22.955
0 -28.272
0 -26.952
0 -25.812
0 -29.502
0 -33.022
0 -29.387
0 -31.379
1 -24.374
0 -23.377
1 -24.248
1 -26.625
0 -29.119
1 -27.592
0 -27.241
0 -34.485
0 -30.086
0 -30.252
0 -30.131
0 -31.146
0 -29.112
0 -30.258
0 -31.796
0 -30.464
0 -31.061
0 -32.037
0 -31.567
0 -28.634
0 -29.57
0 -32.757
0 -30.992
0 -28.881
0 -30.562
0 -34.327
0 -32.125
0 -29.33
0 -30.399
0 -30.937
0 -33.245
0 -34.914
0 -34.039
0 -31.906
0 -26.669
0 -27.613
0 -21.278
0 -22.413
0 -15.173
0 -15.738
0 -9.543
0 -11.784
0 -7.788
1 -2.889
0 -2.387
0 -7.495
0 -7.308
1 -2.329
1 -6.94
1 -5.297
1 -9.68
1 -6.302
1 -6.787
0 -11.872
0 -13.006
1 -8.542
1 -7.92
0 -11.804
0 -15.047
0 -21.473
0 -15.567
0 -13.0
0 -17.339
0 -17.664
1 -11.219
0 -9.94
0 -11.667
1 -10.208
0 -3.238
0 -9.081
0 -13.084
1 -10.147
0 -10.798
0 -15.652
0 -17.108
1 -14.264
0 -16.742
0 -22.278
0 -23.486
0 -19.695
0 -21.871
0 -26.935
0 -27.131
0 -13.827
0 -18.724
0 -18.329
0 -24.598
0 -26.094
1 -19.154
0 -21.366
0 -21.62
0 -16.725
0 -15.175
0 -13.684
0 -18.535
0 -15.325
0 -16.632
0 -23.705
0 -24.089
0 -21.187
0 -25.267
0 -29.744
0 -30.005
0 -28.043
0 -30.522
1 -23.967
0 -24.29
1 -25.555
1 -28.073
0 -30.699
1 -27.603
0 -28.248
0 -34.051
0 -31.362
0 -30.587
0 -30.724
0 -31.723
0 -29.727
0 -29.699
0 -31.724
0 -31.369
0 -31.902
0 -32.425
0 -31.733
0 -31.066
0 -29.183
0 -33.424
0 -32.008
0 -28.888
0 -30.61
0 -35.631
0 -33.178
0 -30.128
0 -31.365
0 -32.25
0 -34.906
0 -35.022
0 -34.921
0 -32.056
0 -28.32
0 -28.322
0 -20.18
0 -22.42
0 -15.764
0 -15.632
0 -9.58
0 -11.828
0 -7.531
1 -2.85
0 -2.767
0 -7.994
0 -7.319
1 -2.238
1 -6.475
1 -5.033
1 -9.3
1 -6.089
1 -6.491
0 -12.005
0 -13.317
1 -9.278
1 -6.815
0 -11.867
0 -15.792
0 -21.779
0 -16.653
0 -12.533
0 -17.923
0 -17.584
1 -11.194
0 -8.922
0 -11.813
0 -9.301
0 -3.955
0 -8.978
0 -11.631
1 -9.422
0 -9.834
0 -15.293
0 -16.267
0 -14.176
0 -16.415
0 -22.033
0 -23.517
0 -19.93
0 -21.271
0 -26.466
0 -28.043
0 -10.628
0 -14.231
0 -17.982
0 -21.623
0 -25.238
0 -27.59
0 -30.943
0 -31.211
0 -28.461
0 -28.404
0 -25.474
0 -24.132
0 -17.793
0 -13.765
0 -17.036
0 -18.738
0 -27.988
0 -26.044
0 -27.292
0 -26.458
0 -24.467
0 -22.314
0 -16.529
0 -13.257
0 -21.567
0 -18.27
0 -17.45
0 -15.9
0 -12.824
0 -19.803
0 -21.901
0 -22.515
0 -16.067
0 -20.0
0 -13.963
1 -21.853
0 -21.198
0 -22.058
0 -17.146
0 -19.912
0 -13.62
0 -10.548
0 -14.142
0 -8.238
0 -13.522
0 -6.76
0 -10.193
0 -5.099
0 -9.868
0 -4.681
0 -2.541
0 -12.206
0 -11.136
0 -18.733
0 -12.055
0 -10.527
0 -14.29
0 -19.1
0 -15.447
0 -16.699
0 -21.724
0 -18.665
1 -18.613
0 -18.453
0 -20.59
1 -19.862
0 -21.846
0 -21.901
0 -22.727
0 -25.612
0 -25.572
0 -26.583
1 -25.958
1 -28.112
0 -28.093
1 -26.183
1 -25.079
1 -24.572
0 -22.996
0 -22.213
1 -17.651
0 -14.015
0 -18.072
0 -14.134
0 -15.88
0 -16.849
1 -13.766
1 -14.315
1 -16.523
1 -22.652
1 -23.217
1 -24.469
0 -22.753
0 -23.528
0 -21.579
0 -17.671
0 -14.131
0 -15.74
0 -14.273
0 -18.501
0 -16.527
0 -20.563
0 -17.501
0 -19.049
0 -20.283
0 -20.825
0 -23.363
0 -26.253
0 -30.188
0 -31.555
0 -32.341
0 -32.406
0 -29.504
0 -26.631
0 -22.637
0 -19.611
0 -16.79
0 -14.704
0 -11.464
0 -9.777
0 -7.745
0 -5.743
0 -9.797
0 -6.046
0 -6.479
0 -3.643
0 -4.326
0 -4.654
0 -9.969
0 -6.993
0 -11.105
0 -16.897
0 -19.116
0 -23.633
0 -23.646
0 -25.617
0 -23.638
0 -22.719
0 -17.677
0 -17.36
0 -19.795
0 -20.099
0 -22.845
0 -21.132
0 -21.223
0 -17.946
0 -15.978
0 -17.031
0 -18.582
0 -17.059
0 -18.652
0 -19.071
0 -18.436
0 -13.232
0 -9.353
0 -9.0
0 -5.32
0 -5.372
0 -6.357
0 -8.016
0 -6.811
0 -5.712
0 -5.981
0 -4.432
0 -0.85
0 -0.066
0 -2.528
0 0.247
1 -0.221
1 1.65
0 0.949
0 -1.666
0 -4.247
0 -5.655
0 -7.509
0 -9.948
0 -10.286
0 -12.111
0 -8.82
0 -11.366
0 -14.626
0 -18.358
0 -14.701
0 -19.6
0 -15.365
0 -17.95
0 -13.426
1 -12.082
0 -6.49
1 -5.964
1 -0.51
1 -2.105
1 -5.146
1 -7.602
1 -12.834
1 -12.933
0 -17.488
0 -13.936
0 -17.406
0 -14.684
0 -11.293
0 -9.221
0 -14.921
0 -17.382
1 -11.456
0 -8.627
0 -14.194
0 -12.172
0 -6.565
0 -6.494
0 -9.77
0 -5.953
0 -4.089
0 -5.2
0 -5.553
0 -2.528
0 -2.446
0 -3.459
1 -2.708
1 0.799
1 -0.362
0 -0.219
0 -3.966
0 -4.198
0 -9.849
0 -6.796
0 -7.913
0 -9.52
1 -5.779
1 -3.791
1 -5.465
1 -9.116
0 -12.687
0 -13.187
0 -11.852
0 -10.939
0 -13.644
0 -16.605
0 -19.586
0 -21.211
0 -20.06
0 -19.036
0 -16.84
0 -18.857
0 -18.396
0 -19.128
0 -19.375
0 -16.096
0 -17.258
0 -13.115
0 -17.12
0 -11.014
0 -8.6
0 -14.541
0 -11.718
1 -7.471
0 -4.892
1 -7.523
0 -7.925
1 -9.507
0 -13.917
0 -12.104
0 -16.965
0 -11.508
0 -15.34
1 -11.891
1 -15.854
1 -17.513
0 -17.456
1 -17.671
1 -19.245
1 -14.918
1 -17.906
1 -11.704
1 -10.962
0 -11.496
1 -9.796
0 -14.684
1 -14.666
0 -17.572
1 -19.441
0 -21.156
1 -20.329
1 -19.012
1 -14.624
0 -14.281
1 -8.987
0 -4.499
1 -7.813
0 -11.773
1 -11.794
0 -17.323
0 -13.879
0 -19.631
0 -16.102
0 -19.5
0 -15.828
0 -16.558
0 -16.144
0 -12.63
0 -10.637
0 -5.579
0 -3.7
0 -0.951
1 1.399
1 -0.476
0 -2.962
0 -2.375
0 -8.234
0 -8.425
0 -13.576
0 -10.718
0 -10.943
0 -6.373
0 -5.456
0 -11.946
0 -11.263
0 -11.631
0 -17.824
0 -15.78
0 -12.808
0 -14.417
0 -16.571
0 -17.442
0 -13.301
0 -15.768
0 -16.809
0 -14.906
0 -17.97
0 -20.741
0 -23.605
0 -29.108
0 -27.268
0 -31.968
0 -28.736
0 -25.661
0 -21.05
0 -19.162
0 -15.699
0 -15.748
0 -13.009
0 -17.999
0 -12.604
0 -17.313
0 -19.727
0 -24.245
0 -26.124
0 -28.443
0 -29.389
0 -27.452
0 -26.383
0 -23.188
0 -23.423
0 -15.66
0 -12.305
0 -16.555
0 -18.266
0 -27.207
0 -25.825
0 -27.104
0 -26.515
0 -24.416
0 -22.181
0 -17.33
0 -12.255
0 -21.084
0 -17.404
0 -19.439
0 -19.322
0 -13.067
0 -20.813
0 -22.005
0 -23.07
0 -15.492
0 -17.478
0 -12.66
1 -18.26
0 -20.978
0 -20.465
0 -14.763
0 -17.822
0 -11.314
0 -9.388
0 -13.272
0 -7.194
0 -12.211
0 -5.424
0 -9.547
0 -4.633
0 -9.397
0 -4.509
0 -2.277
0 -11.932
0 -10.503
0 -17.898
0 -13.13
0 -11.045
0 -14.654
0 -19.266
0 -15.215
0 -16.132
0 -20.814
0 -16.326
1 -18.867
0 -19.491
0 -21.13
1 -21.016
0 -20.829
0 -22.181
0 -21.238
0 -25.284
0 -25.409
0 -24.64
1 -26.471
1 -27.854
0 -28.21
1 -26.368
1 -24.12
1 -23.392
0 -21.307
0 -19.251
0 -14.901
0 -13.642
0 -15.608
1 -17.185
1 -12.627
1 -13.944
1 -18.091
1 -22.356
1 -23.872
1 -25.216
0 -23.756
0 -22.563
0 -21.953
0 -16.705
0 -14.442
0 -17.506
0 -16.459
0 -20.752
0 -18.972
0 -21.43
0 -18.475
0 -18.271
0 -20.156
0 -20.562
0 -24.241
0 -26.753
0 -29.307
0 -31.304
0 -31.038
0 -31.309
0 -28.063
0 -25.548
0 -21.741
0 -18.495
0 -16.044
0 -14.965
0 -10.326
0 -10.411
0 -7.437
0 -6.256
0 -9.759
0 -5.785
0 -4.821
0 -3.412
0 -4.786
0 -4.139
0 -10.799
0 -6.494
0 -10.007
0 -15.752
0 -17.029
0 -21.297
0 -21.626
0 -23.869
0 -22.897
0 -22.368
0 -18.469
0 -18.31
0 -21.162
0 -20.398
0 -22.189
0 -21.104
0 -21.138
0 -19.175
0 -15.569
0 -14.836
0 -17.639
0 -17.607
0 -19.558
0 -19.489
0 -19.43
0 -15.758
0 -11.477
0 -9.244
0 -7.538
0 -5.624
0 -6.1
0 -7.846
0 -6.302
0 -5.181
0 -5.822
0 -3.622
0 -1.406
0 0.168
0 -2.281
0 1.304
1 0.169
1 1.467
0 1.416
0 -0.706
0 -3.57
0 -5.44
0 -7.037
0 -9.179
0 -9.525
0 -12.841
0 -10.814
0 -10.218
0 -14.817
0 -17.312
0 -14.489
0 -19.281
0 -16.193
0 -17.517
0 -13.533
1 -11.749
0 -5.82
1 -5.085
1 -0.578
1 -2.205
1 -5.365
1 -7.401
1 -12.147
1 -13.009
0 -18.39
0 -14.424
0 -17.165
0 -12.719
0 -11.941
0 -8.843
0 -12.723
0 -16.216
0 -10.703
0 -7.858
0 -12.663
0 -11.234
0 -6.24
0 -5.638
0 -9.581
0 -5.858
0 -3.222
0 -4.384
0 -5.616
0 -2.354
0 -0.977
0 -2.427
0 -2.644
1 1.012
1 0.25
0 -0.291
0 -3.349
0 -4.02
0 -8.26
0 -6.803
0 -8.667
0 -9.416
0 -6.506
1 -3.957
1 -4.042
1 -8.898
0 -11.776
0 -13.423
0 -10.591
0 -11.317
0 -14.206
0 -17.422
0 -19.145
0 -21.297
0 -20.817
0 -19.749
0 -17.577
0 -16.615
0 -19.473
0 -19.422
0 -19.306
0 -17.066
0 -17.811
0 -13.583
0 -16.722
0 -13.413
0 -9.445
0 -12.428
0 -12.618
0 -8.464
0 -6.857
1 -2.97
1 -5.518
0 -9.294
0 -13.434
0 -11.956
0 -16.309
0 -11.813
0 -15.66
1 -13.691
1 -16.678
1 -17.863
0 -17.451
1 -17.65
1 -20.195
1 -16.363
1 -18.163
1 -12.476
1 -11.745
0 -11.882
1 -10.706
0 -15.617
0 -17.284
0 -17.993
1 -22.704
0 -21.894
1 -21.44
1 -18.568
1 -13.604
0 -14.875
1 -8.361
0 -5.064
1 -7.04
0 -12.73
1 -11.754
0 -16.066
0 -14.357
0 -19.453
0 -15.325
0 -19.143
0 -15.646
0 -16.174
0 -16.147
0 -11.063
0 -10.197
0 -5.638
0 -3.701
0 -0.577
1 1.498
1 -0.453
0 -2.488
0 -2.385
0 -7.483
0 -7.756
0 -12.755
0 -11.938
0 -9.13
1 -4.395
0 -2.519
0 -9.582
0 -9.198
0 -9.962
0 -16.013
0 -15.594
0 -11.205
0 -13.998
0 -16.803
0 -17.291
0 -12.944
0 -15.151
0 -16.541
0 -15.268
0 -17.76
0 -20.05
0 -22.348
0 -28.732
0 -27.179
0 -28.982
0 -27.065
0 -24.049
0 -19.594
0 -18.035
0 -14.65
0 -14.548
0 -10.78
0 -13.471
0 -12.611
0 -17.853
0 -20.278
0 -24.975
0 -27.623
0 -31.62
0 -31.219
0 -30.398
0 -28.07
0 -24.784
0 -24.044
0 -16.763
0 -12.787
0 -15.894
0 -16.407
0 -26.4
0 -24.793
0 -26.276
0 -26.508
0 -24.693
0 -21.92
0 -17.47
0 -11.139
0 -18.365
0 -16.938
0 -18.789
0 -17.148
0 -13.869
0 -19.744
0 -22.105
0 -22.724
0 -16.868
0 -19.906
0 -15.059
1 -24.098
0 -22.285
0 -23.109
0 -16.208
0 -19.054
0 -11.698
0 -10.666
0 -13.38
0 -8.548
0 -13.209
0 -6.085
0 -9.037
0 -4.772
0 -10.723
0 -5.213
0 -2.821
0 -12.799
0 -11.907
0 -19.107
0 -12.601
0 -11.549
0 -15.086
0 -19.038
0 -15.094
0 -14.674
0 -19.356
0 -16.14
1 -17.906
0 -19.899
0 -19.567
1 -19.777
0 -20.472
0 -21.599
0 -22.239
0 -22.842
0 -23.414
0 -25.268
1 -24.994
1 -25.508
0 -25.502
1 -23.288
1 -24.334
1 -24.4
0 -21.5
0 -21.821
0 -13.01
0 -14.823
1 -13.314
1 -11.093
1 -12.485
1 -15.688
1 -20.676
1 -20.637
1 -22.102
0 -20.153
0 -20.544
0 -19.837
0 -13.502
0 -11.91
0 -17.462
0 -13.572
0 -18.456
0 -17.298
0 -20.863
0 -17.594
0 -16.042
0 -20.334
0 -20.536
0 -24.434
0 -27.256
0 -28.748
0 -31.911
0 -32.58
0 -32.118
0 -27.949
0 -26.161
0 -22.245
0 -19.691
0 -17.056
0 -15.455
0 -11.602
0 -10.118
0 -6.114
0 -5.948
0 -9.793
0 -5.443
0 -5.688
0 -3.86
0 -4.734
0 -5.115
0 -10.926
0 -7.492
0 -11.83
0 -16.288
0 -19.106
0 -23.452
0 -23.293
0 -26.597
0 -22.188
0 -22.839
0 -17.768
0 -17.796
0 -19.963
0 -18.634
0 -20.805
0 -20.72
0 -20.802
0 -18.595
0 -16.132
0 -16.767
0 -17.607
0 -16.823
0 -18.963
0 -18.728
0 -18.076
0 -13.172
0 -9.958
0 -10.648
0 -7.81
0 -3.826
0 -4.315
0 -6.93
0 -6.09
0 -4.733
0 -5.49
0 -3.131
0 -1.004
0 0.587
0 -2.653
0 1.44
0 0.217
0 0.796
0 0.505
0 -0.328
0 -3.974
0 -5.865
0 -6.824
0 -9.314
0 -7.791
0 -11.704
0 -7.692
0 -10.211
0 -14.017
0 -17.565
0 -14.826
0 -19.633
0 -15.2
0 -17.889
0 -11.512
1 -11.613
0 -6.637
1 -5.196
1 -1.38
1 -2.002
1 -5.587
1 -7.563
1 -11.627
1 -13.0
0 -18.008
0 -14.433
0 -17.89
0 -14.384
0 -11.414
0 -8.436
0 -13.495
0 -16.501
0 -10.316
0 -8.135
0 -13.617
0 -11.843
0 -5.861
0 -5.652
0 -9.745
0 -5.815
0 -3.636
0 -5.359
0 -5.202
0 -2.196
0 -1.888
0 -2.193
0 -2.021
1 0.941
1 -0.299
0 -0.003
0 -3.68
0 -3.914
0 -8.365
0 -6.803
0 -7.948
0 -10.162
0 -8.364
1 -4.215
1 -4.927
1 -9.061
0 -11.39
0 -12.569
0 -11.302
0 -11.594
0 -13.986
0 -18.386
0 -18.528
0 -20.286
0 -19.373
0 -18.856
0 -14.643
0 -15.529
0 -17.155
0 -18.887
0 -17.948
1 -15.923
0 -16.778
0 -12.916
0 -17.203
0 -11.743
0 -9.041
0 -14.185
0 -11.765
0 -8.257
0 -6.631
0 -3.028
1 -7.033
0 -9.741
0 -13.992
0 -11.456
0 -16.845
0 -11.83
0 -15.611
1 -11.088
1 -14.923
1 -16.315
0 -15.788
1 -15.856
1 -18.985
1 -13.443
1 -15.22
1 -11.963
1 -8.6
0 -11.296
1 -9.196
0 -13.444
1 -15.62
0 -15.327
1 -17.594
0 -18.002
1 -18.502
1 -16.249
1 -12.439
0 -13.651
1 -6.663
0 -5.697
1 -6.958
0 -12.293
1 -11.559
0 -16.825
0 -14.638
0 -18.937
0 -15.891
0 -19.085
0 -15.549
0 -16.009
0 -14.965
0 -12.974
0 -10.92
1 -5.181
1 -3.356
1 -1.229
1 1.527
1 -0.451
0 -2.734
0 -2.039
0 -7.471
0 -7.903
0 -12.558
0 -10.849
1 -11.596
0 -7.191
0 -5.369
0 -10.931
0 -10.122
0 -11.219
0 -18.324
0 -15.442
0 -11.627
0 -14.447
0 -16.714
0 -18.08
0 -13.597
0 -15.927
0 -17.614
0 -15.535
0 -18.191
0 -20.579
0 -22.567
0 -30.679
0 -27.789
0 -32.077
0 -28.138
0 -25.902
0 -20.496
0 -18.009
0 -14.399
0 -14.733
0 -10.964
0 -15.164
0 -33.822
0 -28.538
0 -28.841
0 -32.123
0 -26.985
0 -22.688
0 -21.649
0 -20.066
0 -14.252
0 -15.012
0 -13.628
0 -18.327
0 -16.108
0 -15.793
0 -23.519
0 -24.435
0 -18.731
0 -18.745
0 -24.665
0 -22.553
0 -15.588
0 -17.73
0 -22.984
0 -14.37
0 -11.358
0 -14.738
1 -25.577
0 -26.364
1 -24.199
1 -28.159
0 -32.605
0 -28.792
1 -30.725
0 -36.894
0 -33.907
0 -33.759
0 -34.286
0 -37.436
0 -33.589
0 -32.525
0 -34.679
0 -32.901
0 -33.329
0 -33.72
0 -32.709
0 -30.8
0 -32.607
0 -34.38
0 -28.726
0 -28.278
0 -33.222
0 -32.456
0 -28.923
0 -29.177
0 -30.23
0 -32.131
0 -37.122
0 -35.912
0 -33.645
0 -31.227
0 -27.106
0 -27.085
0 -21.718
0 -22.473
0 -15.719
0 -16.621
0 -10.956
0 -12.891
0 -8.48
1 -2.683
0 -1.794
0 -6.27
0 -6.146
1 -1.075
1 -5.424
1 -4.048
1 -7.248
1 -4.635
1 -3.621
0 -9.553
0 -11.512
1 -6.949
1 -4.35
0 -9.765
0 -16.073
0 -21.079
0 -16.845
0 -12.484
0 -15.287
0 -16.851
1 -9.259
0 -8.294
0 -8.924
1 -8.652
0 -1.872
0 -6.243
0 -10.719
1 -6.34
0 -9.408
0 -13.646
0 -15.677
1 -14.109
0 -16.677
0 -19.848
0 -23.177
0 -21.992
0 -21.344
0 -26.526
0 -28.3
0 -26.08
0 -29.007
0 -25.363
0 -20.129
0 -17.704
0 -19.2
0 -12.428
0 -12.211
0 -11.982
0 -17.345
0 -13.831
0 -13.011
0 -21.387
0 -21.084
0 -16.054
0 -14.226
0 -20.939
0 -19.852
0 -13.122
0 -14.455
0 -18.737
0 -13.423
0 -8.235
1 -25.425
0 -26.096
1 -24.016
1 -28.212
0 -31.25
1 -28.806
0 -29.669
0 -35.903
0 -33.449
0 -32.024
0 -34.681
0 -37.442
0 -32.96
0 -29.883
0 -33.575
0 -32.984
0 -31.345
0 -33.597
0 -31.632
0 -31.457
0 -30.907
0 -33.209
0 -31.81
0 -28.948
0 -31.732
0 -33.252
0 -30.683
0 -29.081
0 -29.622
0 -33.435
0 -33.664
0 -35.823
0 -33.357
0 -30.318
0 -25.787
0 -27.975
0 -20.293
0 -21.834
0 -15.796
0 -15.767
0 -10.355
0 -10.947
0 -7.909
1 -1.848
0 -1.212
0 -5.159
0 -4.919
1 0.44
1 -4.464
1 -3.338
1 -7.382
1 -3.929
1 -3.011
0 -8.683
0 -10.492
1 -5.889
1 -2.653
0 -9.137
0 -14.456
0 -19.447
0 -14.675
0 -10.665
0 -14.962
0 -14.778
1 -9.216
0 -7.736
0 -10.755
1 -10.326
0 -3.192
0 -6.542
0 -11.499
1 -8.452
0 -10.871
0 -14.571
0 -17.049
1 -16.456
0 -17.321
0 -21.726
0 -25.059
0 -23.467
0 -21.83
0 -27.627
0 -29.082
0 -34.132
0 -29.267
0 -28.488
0 -31.929
0 -28.346
1 -22.227
0 -20.332
0 -20.433
0 -14.405
0 -15.315
0 -12.85
0 -17.625
0 -14.116
0 -14.327
0 -21.736
0 -21.592
0 -16.07
0 -16.824
0 -23.328
0 -19.336
0 -13.348
0 -19.865
1 -25.285
0 -24.543
1 -22.593
1 -27.279
0 -32.465
1 -28.669
0 -31.085
0 -36.566
0 -34.121
0 -33.487
0 -34.952
0 -36.394
0 -33.206
0 -31.458
0 -34.535
0 -34.052
0 -31.898
0 -33.648
0 -32.095
0 -32.125
0 -33.249
0 -36.171
0 -33.786
0 -30.433
0 -33.41
0 -34.029
0 -32.72
0 -31.589
0 -33.064
0 -34.707
0 -36.425
0 -35.395
0 -34.553
0 -32.041
0 -25.529
0 -27.925
0 -21.14
0 -22.625
0 -17.11
0 -16.454
0 -10.395
0 -11.313
0 -6.895
1 -1.401
0 -1.537
0 -5.926
0 -5.23
1 0.098
1 -4.089
1 -2.225
1 -6.398
1 -2.747
1 -3.413
0 -8.466
0 -9.809
1 -6.467
1 -3.8
0 -9.331
0 -14.583
0 -20.416
0 -15.204
0 -11.321
0 -15.095
0 -16.32
1 -9.707
0 -7.821
0 -10.717
0 -10.396
0 -4.203
0 -10.249
0 -12.561
1 -11.444
0 -11.532
0 -15.868
0 -19.454
0 -18.63
0 -18.543
0 -23.927
0 -26.523
0 -25.328
0 -23.066
0 -29.309
0 -30.392
0 -14.15
0 -13.915
0 -18.976
0 -22.54
0 -22.337
0 -26.891
0 -26.792
0 -30.531
0 -29.124
0 -27.992
0 -22.861
0 -22.358
0 -15.915
0 -12.15
0 -14.712
0 -16.504
0 -25.409
0 -25.108
0 -24.992
0 -24.982
0 -23.305
0 -21.054
0 -17.522
0 -12.957
0 -14.364
0 -19.097
0 -18.792
0 -18.88
0 -16.766
0 -22.582
0 -22.762
0 -20.765
0 -14.476
0 -18.158
0 -14.121
1 -17.394
0 -20.604
0 -18.902
0 -15.102
0 -18.491
0 -13.251
0 -12.62
0 -17.168
0 -9.919
0 -11.896
0 -6.497
0 -9.741
0 -5.079
0 -9.506
0 -5.044
0 -4.359
0 -13.173
0 -11.94
0 -18.111
0 -12.519
0 -11.06
0 -15.21
0 -17.744
0 -15.278
0 -15.979
0 -19.953
0 -17.662
1 -18.26
0 -17.479
0 -19.301
1 -19.402
0 -18.627
0 -18.151
0 -19.69
0 -22.042
0 -21.387
0 -20.288
1 -20.959
1 -21.363
0 -23.737
1 -23.638
1 -23.872
1 -21.418
0 -19.403
0 -21.84
1 -16.86
0 -12.367
0 -17.923
0 -15.694
0 -20.038
0 -16.274
1 -12.375
1 -15.788
1 -18.729
1 -21.424
1 -21.708
1 -22.114
0 -18.389
0 -19.507
0 -17.178
0 -14.192
0 -11.536
0 -16.733
0 -17.688
0 -20.544
0 -18.902
0 -21.073
0 -17.689
0 -17.853
0 -21.07
0 -18.281
0 -23.11
0 -25.241
0 -27.744
0 -29.329
0 -30.936
0 -28.203
0 -27.526
0 -26.21
0 -23.214
0 -20.705
0 -16.81
0 -13.723
0 -9.995
0 -9.126
0 -5.566
0 -4.406
0 -7.312
0 -2.92
0 -6.188
0 -3.261
0 -2.951
0 -5.185
0 -10.288
0 -5.429
0 -10.672
0 -16.964
0 -17.992
0 -22.73
0 -21.935
0 -22.067
0 -21.802
0 -20.519
0 -15.893
0 -17.347
0 -19.488
0 -18.721
0 -20.822
0 -22.884
0 -21.57
0 -20.537
0 -18.038
0 -18.759
0 -19.881
0 -18.466
0 -21.478
0 -19.333
0 -20.385
0 -13.734
0 -9.364
0 -9.952
0 -6.121
0 -4.667
0 -6.221
0 -8.239
0 -6.788
0 -5.601
0 -5.213
0 -3.439
0 -1.142
0 0.992
0 -1.73
0 2.663
1 1.435
1 -0.081
0 2.534
0 -0.269
0 -4.189
0 -6.471
0 -7.951
0 -11.503
0 -10.301
0 -13.262
0 -8.512
0 -11.815
0 -13.501
0 -20.092
0 -17.936
0 -23.126
0 -17.207
0 -19.17
0 -14.815
1 -14.355
0 -7.704
1 -8.449
1 -4.082
1 -4.103
1 -7.287
1 -9.92
1 -15.726
1 -16.068
0 -20.85
0 -17.208
0 -21.167
0 -15.582
0 -13.458
0 -11.105
0 -15.68
0 -18.819
1 -12.942
0 -10.529
0 -14.214
0 -14.657
0 -8.646
0 -7.462
0 -10.485
0 -7.946
0 -5.28
0 -6.566
0 -6.674
0 -4.098
0 -2.648
0 -3.715
1 -4.671
1 0.194
1 -3.084
0 -3.105
0 -6.587
0 -7.286
0 -12.898
0 -11.055
0 -12.764
0 -12.093
1 -7.683
1 -5.986
1 -5.581
1 -9.34
0 -13.42
0 -13.283
0 -12.172
0 -12.478
0 -16.198
0 -20.445
0 -21.045
0 -23.057
0 -20.939
0 -20.506
0 -17.618
0 -18.717
0 -20.059
0 -20.864
0 -20.683
0 -18.27
0 -20.413
0 -17.593
0 -21.568
0 -15.137
0 -17.536
0 -21.158
0 -18.875
1 -12.798
0 -10.645
1 -6.367
0 -8.383
1 -11.948
0 -16.802
0 -14.407
0 -20.806
0 -14.758
0 -18.841
1 -14.72
1 -17.531
1 -19.23
0 -18.298
1 -19.438
1 -20.837
1 -16.904
1 -19.085
1 -13.194
1 -9.443
0 -13.191
1 -11.035
0 -16.957
1 -18.579
0 -20.188
1 -20.353
0 -20.168
1 -19.734
1 -17.687
1 -13.774
0 -15.576
1 -8.569
0 -7.051
1 -9.301
0 -14.551
1 -13.339
0 -18.322
0 -16.131
0 -21.357
0 -18.02
0 -21.344
0 -15.921
0 -16.232
0 -17.093
0 -13.232
0 -11.423
0 -6.521
0 -4.293
0 -4.367
1 -0.507
1 -2.072
0 -5.027
0 -6.71
0 -10.371
0 -10.527
0 -15.756
0 -12.017
0 -13.668
0 -9.976
0 -4.486
0 -13.226
0 -9.221
0 -11.971
0 -19.136
0 -14.975
0 -11.592
0 -14.833
0 -15.115
0 -16.676
0 -11.655
0 -13.604
0 -17.357
0 -15.525
0 -19.006
0 -20.222
0 -21.094
0 -26.024
0 -25.485
0 -29.717
0 -25.505
0 -24.178
0 -21.181
0 -19.846
0 -17.269
0 -16.506
0 -13.168
0 -16.75
0 -13.72
0 -17.686
0 -19.916
0 -24.198
0 -24.399
0 -27.676
0 -28.57
0 -26.52
0 -24.951
0 -21.756
0 -22.62
0 -15.503
0 -11.588
0 -14.464
0 -16.096
0 -24.593
0 -23.238
0 -24.423
0 -24.221
0 -24.147
0 -19.561
0 -17.332
0 -12.501
0 -14.379
0 -17.905
0 -18.126
0 -17.482
0 -16.785
0 -23.438
0 -22.357
0 -21.346
0 -14.735
0 -16.461
0 -11.178
1 -15.867
0 -18.154
0 -17.729
0 -13.719
0 -17.205
0 -10.451
0 -11.341
0 -15.295
0 -9.323
0 -11.668
0 -6.846
0 -9.33
0 -5.02
0 -9.21
0 -5.073
0 -4.275
0 -12.776
0 -11.736
0 -17.272
0 -12.223
0 -11.164
0 -15.373
0 -17.038
0 -13.609
0 -15.329
0 -19.161
0 -16.424
1 -16.402
0 -15.417
0 -17.307
1 -17.498
0 -18.596
0 -16.677
0 -18.842
0 -19.358
0 -20.781
0 -21.096
1 -23.526
1 -23.045
0 -22.505
1 -21.555
1 -23.135
1 -22.094
0 -20.07
0 -20.485
0 -15.231
0 -13.644
0 -17.434
1 -13.179
1 -9.347
1 -13.254
1 -17.473
1 -22.236
1 -22.716
1 -21.139
0 -19.84
0 -19.512
0 -18.384
0 -14.024
0 -11.584
0 -17.204
0 -17.54
0 -20.674
0 -18.803
0 -20.976
0 -18.57
0 -17.661
0 -21.278
0 -19.142
0 -22.987
0 -25.525
0 -26.729
0 -28.205
0 -29.516
0 -28.252
0 -26.212
0 -25.127
0 -21.913
0 -19.292
0 -15.035
0 -13.415
0 -10.72
0 -8.685
0 -5.428
0 -3.782
0 -7.158
0 -2.725
0 -6.505
0 -2.966
0 -2.592
0 -4.736
0 -10.346
0 -6.307
0 -9.696
0 -16.183
0 -16.537
0 -21.672
0 -20.986
0 -21.422
0 -20.648
0 -20.042
0 -15.868
0 -16.952
0 -20.134
0 -19.171
0 -20.945
0 -22.456
0 -21.465
0 -20.922
0 -17.987
0 -18.704
0 -20.349
0 -18.454
0 -21.022
0 -18.965
0 -20.639
0 -14.564
0 -8.952
0 -10.068
0 -5.746
0 -4.713
0 -6.175
0 -8.363
0 -6.756
0 -5.83
0 -4.996
0 -2.992
0 -1.066
0 0.962
0 -1.543
0 3.064
1 1.274
1 1.184
0 2.439
0 0.011
0 -4.059
0 -6.271
0 -7.331
0 -10.879
0 -10.355
0 -13.214
0 -10.617
0 -11.537
0 -13.508
0 -20.165
0 -18.206
0 -23.231
0 -17.222
0 -19.314
0 -15.222
1 -14.355
0 -8.278
1 -8.058
1 -4.085
1 -4.129
1 -7.325
1 -9.361
1 -15.329
1 -15.985
0 -20.955
0 -17.561
0 -21.275
0 -15.592
0 -14.115
0 -10.776
0 -15.513
0 -18.846
0 -12.925
0 -10.508
0 -14.181
0 -14.629
0 -8.613
0 -7.349
0 -11.416
0 -7.274
0 -5.253
0 -6.72
0 -6.359
0 -4.083
0 -3.065
0 -3.752
0 -4.744
1 0.209
1 -3.15
0 -2.799
0 -6.53
0 -7.324
0 -12.759
0 -11.088
0 -12.949
0 -12.126
0 -7.801
1 -5.814
1 -5.944
1 -9.889
0 -12.599
0 -13.666
0 -12.042
0 -11.972
0 -15.315
0 -20.452
0 -20.374
0 -22.451
0 -21.203
0 -20.184
0 -17.145
0 -18.427
0 -19.765
0 -20.852
0 -20.034
0 -18.422
0 -19.929
0 -17.619
0 -21.742
0 -15.448
0 -17.347
0 -21.402
0 -18.771
0 -12.438
0 -10.786
1 -6.342
1 -8.445
0 -11.973
0 -16.71
0 -14.415
0 -20.427
0 -14.794
0 -18.401
1 -14.158
1 -17.11
1 -18.271
0 -17.767
1 -18.172
1 -19.102
1 -15.84
1 -17.949
1 -11.092
1 -9.012
0 -11.463
1 -10.416
0 -13.53
0 -15.814
0 -17.532
1 -20.022
0 -19.85
1 -20.055
1 -18.43
1 -14.418
0 -16.057
1 -8.572
0 -7.102
1 -9.295
0 -14.432
1 -13.467
0 -17.012
0 -16.142
0 -20.642
0 -17.941
0 -21.259
0 -15.974
0 -16.34
0 -17.257
0 -12.846
0 -11.698
0 -7.092
0 -5.203
0 -4.15
1 -0.452
1 -2.068
0 -4.724
0 -6.426
0 -10.914
0 -10.69
0 -15.856
0 -11.78
0 -12.679
1 -8.814
0 -3.319
0 -12.152
0 -8.959
0 -11.228
0 -17.644
0 -14.605
0 -11.291
0 -14.059
0 -15.394
0 -16.696
0 -11.604
0 -13.575
0 -16.832
0 -16.264
0 -18.031
0 -19.603
0 -20.808
0 -25.273
0 -25.219
0 -27.914
0 -24.746
0 -23.119
0 -20.304
0 -17.695
0 -15.21
0 -15.467
0 -11.266
0 -14.154
0 -13.643
0 -17.412
0 -19.421
0 -22.879
0 -25.823
0 -28.033
0 -30.506
0 -29.917
0 -27.758
0 -23.193
0 -23.2
0 -16.447
0 -12.272
0 -15.146
0 -16.95
0 -23.181
0 -23.324
0 -24.174
0 -24.066
0 -23.878
0 -19.798
0 -17.547
0 -12.753
0 -15.158
0 -19.125
0 -20.048
0 -18.549
0 -16.935
0 -22.141
0 -21.81
0 -21.189
0 -14.887
0 -16.146
0 -12.219
1 -17.082
0 -20.183
0 -19.364
0 -15.56
0 -17.839
0 -11.651
0 -12.644
0 -15.778
0 -10.125
0 -12.478
0 -6.429
0 -9.115
0 -4.976
0 -8.665
0 -4.621
0 -6.139
0 -13.506
0 -11.991
0 -17.667
0 -13.303
0 -11.221
0 -15.764
0 -17.585
0 -14.186
0 -15.419
0 -18.944
0 -16.338
1 -16.772
0 -17.69
0 -17.366
1 -17.232
0 -17.1
0 -17.64
0 -17.91
0 -17.563
0 -17.183
0 -17.753
1 -19.368
1 -19.457
0 -20.676
1 -19.72
1 -20.009
1 -16.806
0 -16.732
0 -13.603
0 -13.056
0 -16.758
1 -12.383
1 -9.735
1 -13.478
1 -16.184
1 -21.027
1 -20.689
1 -18.228
0 -16.43
0 -20.482
0 -15.846
0 -12.85
0 -11.245
0 -16.933
0 -18.245
0 -20.854
0 -20.197
0 -21.589
0 -17.998
0 -17.555
0 -21.19
0 -19.773
0 -23.087
0 -25.819
0 -27.313
0 -28.905
0 -30.674
0 -29.341
0 -27.486
0 -25.626
0 -23.037
0 -20.694
0 -16.427
0 -14.158
0 -11.268
0 -9.382
0 -4.768
0 -3.216
0 -6.922
0 -2.712
0 -6.87
0 -3.873
0 -2.755
0 -4.662
0 -10.675
0 -6.865
0 -10.037
0 -17.272
0 -17.964
0 -23.254
0 -21.882
0 -21.885
0 -21.627
0 -20.645
0 -16.901
0 -16.59
0 -20.245
0 -19.963
0 -21.659
0 -22.78
0 -22.811
0 -20.923
0 -18.274
0 -18.73
0 -20.324
0 -19.255
0 -20.843
0 -20.023
0 -20.052
0 -15.289
0 -9.42
0 -9.473
0 -6.149
0 -4.881
0 -6.171
0 -8.081
0 -6.628
0 -5.515
0 -4.812
0 -2.586
0 -0.175
0 1.198
0 -1.134
0 2.049
0 1.799
0 -0.061
0 2.518
0 -0.407
0 -3.818
0 -5.748
0 -7.072
0 -10.965
0 -9.985
0 -12.766
0 -9.167
0 -11.299
0 -13.406
0 -19.916
0 -18.051
0 -23.378
0 -17.046
0 -19.187
0 -15.46
1 -14.285
0 -7.442
1 -7.953
1 -4.117
1 -4.337
1 -7.321
1 -9.376
1 -14.925
1 -15.988
0 -20.63
0 -17.633
0 -20.903
0 -15.527
0 -13.445
0 -10.8
0 -15.469
0 -18.8
0 -12.962
0 -10.737
0 -14.08
0 -14.654
0 -8.218
0 -7.206
0 -11.554
0 -7.599
0 -5.501
0 -6.588
0 -6.428
0 -4.074
0 -2.432
0 -3.191
0 -4.418
1 0.352
1 -3.198
0 -2.917
0 -6.557
0 -7.11
0 -12.67
0 -11.004
0 -12.991
0 -12.189
0 -8.226
1 -5.897
1 -6.02
1 -11.265
0 -14.701
0 -14.902
0 -12.219
0 -12.392
0 -15.773
0 -20.056
0 -21.291
0 -23.497
0 -22.215
0 -20.429
0 -17.265
0 -18.565
0 -19.972
0 -20.923
0 -22.373
1 -19.281
0 -20.371
0 -17.485
0 -21.411
0 -15.433
0 -17.366
0 -21.21
0 -18.811
0 -12.732
0 -10.537
0 -6.266
1 -8.407
0 -11.918
0 -16.729
0 -14.304
0 -20.529
0 -14.888
0 -18.45
1 -15.622
1 -17.35
1 -18.792
0 -17.595
1 -17.199
1 -19.772
1 -16.182
1 -17.015
1 -11.306
1 -10.049
0 -11.496
1 -9.158
0 -13.448
1 -15.113
0 -17.358
1 -18.823
0 -18.72
1 -18.831
1 -16.992
1 -12.512
0 -15.223
1 -8.938
0 -7.065
1 -9.401
0 -15.107
1 -13.948
0 -18.237
0 -16.135
0 -20.802
0 -17.79
0 -21.273
0 -16.019
0 -15.858
0 -17.21
0 -13.045
0 -11.731
1 -6.869
1 -5.467
1 -4.242
1 -0.393
1 -1.995
0 -4.956
0 -6.383
0 -10.535
0 -10.471
0 -15.659
0 -12.182
1 -13.018
0 -10.037
0 -5.327
0 -12.818
0 -9.442
0 -11.099
0 -18.367
0 -15.574
0 -11.721
0 -13.986
0 -15.358
0 -16.678
0 -11.728
0 -13.835
0 -17.014
0 -16.205
0 -18.432
0 -20.88
0 -21.872
0 -26.545
0 -27.059
0 -30.151
0 -26.379
0 -24.482
0 -20.72
0 -17.852
0 -15.125
0 -14.931
0 -11.341
0 -15.591
0 -14.625
0 -19.612
0 -18.769
0 -25.093
0 -25.356
0 -20.749
0 -22.642
0 -21.675
0 -16.908
0 -15.961
0 -15.272
0 -20.507
0 -16.41
0 -16.732
0 -22.515
0 -23.89
0 -19.595
0 -21.489
0 -27.819
0 -28.136
0 -23.963
0 -28.519
0 -32.27
0 -28.99
0 -29.571
0 -31.34
1 -20.244
0 -22.111
1 -25.518
1 -24.943
0 -29.63
0 -28.475
1 -28.355
0 -33.274
0 -29.419
0 -30.138
0 -30.267
0 -29.783
0 -29.589
0 -29.496
0 -30.5
0 -28.052
0 -28.698
0 -29.472
0 -29.702
0 -27.979
0 -26.498
0 -29.305
0 -27.932
0 -26.352
0 -28.184
0 -31.52
0 -29.231
0 -27.756
0 -29.455
0 -27.955
0 -27.539
0 -27.751
0 -32.788
0 -28.002
0 -25.5
0 -25.577
0 -20.501
0 -20.89
0 -15.094
0 -15.963
0 -11.056
0 -12.594
0 -9.0
1 -3.746
0 -4.431
0 -9.761
0 -9.216
1 -6.6
1 -7.963
1 -6.063
1 -10.25
1 -7.17
1 -7.803
0 -12.121
0 -14.529
1 -10.278
1 -8.327
0 -13.477
0 -16.747
0 -21.729
0 -17.242
0 -14.487
0 -19.07
0 -16.523
1 -10.816
0 -10.376
0 -13.701
1 -13.525
0 -5.83
0 -8.674
0 -12.002
1 -6.903
0 -8.938
0 -13.999
0 -15.466
1 -11.961
0 -14.371
0 -19.604
0 -20.58
0 -17.026
0 -14.931
0 -18.306
0 -22.263
0 -15.579
0 -22.476
0 -23.708
0 -17.589
0 -20.096
0 -20.233
0 -14.785
0 -13.345
0 -12.536
0 -17.265
0 -13.12
0 -14.077
0 -19.839
0 -21.44
0 -18.294
0 -21.898
0 -25.586
0 -25.979
0 -23.786
0 -28.347
0 -29.973
0 -29.012
0 -28.385
1 -22.315
0 -20.592
1 -24.832
1 -26.515
0 -27.66
1 -26.587
0 -27.706
0 -32.243
0 -30.596
0 -28.482
0 -30.041
0 -31.47
0 -29.543
0 -28.731
0 -30.315
0 -28.837
0 -30.015
0 -32.152
0 -29.735
0 -29.804
0 -28.114
0 -29.304
0 -29.317
0 -26.655
0 -28.572
0 -32.289
0 -29.491
0 -28.868
0 -31.694
0 -29.387
0 -29.876
0 -29.727
0 -31.895
0 -29.262
0 -24.57
0 -25.79
0 -20.971
0 -22.696
0 -15.106
0 -15.741
0 -10.41
0 -11.429
0 -8.419
1 -2.769
0 -2.552
0 -8.378
0 -7.522
1 -4.183
1 -6.322
1 -4.345
1 -8.444
1 -5.587
1 -5.808
0 -11.088
0 -12.254
1 -8.631
1 -6.79
0 -11.104
0 -15.082
0 -19.522
0 -15.225
0 -12.265
0 -16.998
0 -15.563
1 -10.881
0 -8.544
0 -12.139
1 -12.382
0 -5.534
0 -9.074
0 -11.969
1 -8.342
0 -9.816
0 -14.999
0 -16.27
1 -14.109
0 -15.655
0 -21.528
0 -22.516
0 -20.007
0 -16.322
0 -19.908
0 -24.729
0 -13.708
0 -18.727
0 -18.797
0 -24.738
0 -26.683
1 -19.578
0 -22.916
0 -21.756
0 -16.488
0 -15.54
0 -13.932
0 -19.315
0 -15.2
0 -15.935
0 -23.023
0 -23.477
0 -21.886
0 -24.522
0 -29.512
0 -27.923
0 -26.745
0 -29.013
1 -19.634
0 -20.234
1 -25.038
1 -23.844
0 -29.009
1 -27.036
0 -27.306
0 -32.176
0 -29.796
0 -29.779
0 -29.905
0 -31.293
0 -29.978
0 -28.126
0 -31.457
0 -27.336
0 -29.044
0 -30.264
0 -29.443
0 -26.609
0 -26.383
0 -30.088
0 -28.57
0 -27.515
0 -29.016
0 -32.464
0 -30.946
0 -28.936
0 -31.057
0 -29.744
0 -30.004
0 -29.453
0 -33.88
0 -30.523
0 -25.195
0 -26.091
0 -19.815
0 -22.363
0 -15.702
0 -16.047
0 -10.283
0 -11.467
0 -8.146
1 -2.865
0 -2.753
0 -8.187
0 -8.034
1 -3.778
1 -6.594
1 -4.828
1 -9.316
1 -5.38
1 -5.216
0 -10.454
0 -12.322
1 -9.123
1 -8.105
0 -12.607
0 -16.291
0 -21.056
0 -16.209
0 -13.142
0 -17.499
0 -17.17
1 -10.124
0 -10.412
0 -11.758
0 -12.089
0 -4.974
0 -9.014
0 -13.04
1 -8.254
0 -9.678
0 -14.51
0 -16.233
0 -13.753
0 -15.552
0 -21.524
0 -22.162
0 -20.293
0 -16.992
0 -22.152
0 -26.957
0 -17.803
0 -15.097
0 -20.516
0 -24.208
0 -27.144
0 -29.128
0 -30.128
0 -31.676
0 -29.132
0 -28.532
0 -25.566
0 -25.306
0 -16.443
0 -12.855
0 -16.97
0 -12.768
0 -17.753
0 -16.848
0 -22.644
0 -24.439
0 -22.646
0 -23.556
0 -20.771
0 -15.745
0 -17.008
0 -18.459
0 -18.395
0 -16.654
0 -17.914
0 -20.194
0 -22.956
0 -23.04
0 -20.151
0 -18.815
0 -19.972
1 -22.496
0 -21.323
0 -21.811
0 -15.72
0 -19.228
0 -13.873
1 -10.692
0 -14.769
0 -8.557
0 -13.56
0 -6.447
0 -9.544
0 -4.681
0 -9.049
0 -4.713
0 -2.192
0 -10.94
0 -10.194
0 -15.62
0 -12.5
0 -8.123
0 -12.494
0 -15.917
0 -11.49
0 -11.25
0 -16.999
0 -17.405
1 -14.334
0 -14.591
0 -17.808
1 -18.0
0 -14.879
0 -14.216
0 -16.585
0 -18.82
0 -11.414
0 -15.278
1 -10.443
0 -11.816
0 -12.9
1 -11.317
1 -10.531
1 -10.418
0 -8.925
0 -8.337
1 -7.866
0 -4.213
0 -5.733
0 -6.87
0 -7.197
1 -9.174
1 -7.966
1 -10.331
1 -10.742
1 -9.057
1 -10.744
1 -8.833
0 -10.655
0 -8.351
0 -10.283
0 -8.807
0 -11.673
0 -14.092
0 -14.414
0 -18.0
1 -17.009
0 -22.512
0 -18.025
0 -17.941
0 -22.895
0 -20.964
0 -24.316
0 -26.826
0 -28.403
0 -27.676
0 -29.084
0 -29.904
0 -26.954
0 -26.332
0 -23.269
0 -21.168
0 -17.119
0 -15.069
0 -11.097
0 -8.819
0 -6.049
0 -4.969
0 -8.608
0 -4.94
0 -7.467
0 -4.598
0 -3.382
0 -4.391
0 -10.639
0 -6.79
0 -10.41
0 -16.346
0 -17.384
0 -24.237
0 -23.694
0 -24.745
0 -23.872
0 -22.074
0 -17.518
0 -17.905
0 -21.121
0 -19.237
0 -20.912
0 -22.465
0 -21.265
0 -19.149
0 -17.207
0 -18.192
0 -19.83
0 -18.29
0 -21.366
0 -21.099
0 -21.865
0 -16.002
0 -11.597
0 -9.238
0 -6.119
1 -5.83
0 -6.051
0 -9.02
0 -7.313
0 -6.73
0 -5.913
0 -3.715
0 -1.268
1 1.116
1 -1.953
1 2.101
1 2.237
1 -0.391
1 1.743
1 -1.521
0 -5.142
0 -6.724
0 -9.357
0 -11.39
0 -11.803
0 -12.656
1 -8.441
0 -12.834
0 -14.296
0 -19.703
0 -17.833
0 -22.74
0 -16.99
0 -19.521
0 -14.857
1 -14.51
0 -6.896
1 -5.064
1 -6.683
1 -8.18
1 -12.054
1 -10.347
1 -15.933
1 -15.358
0 -20.749
1 -17.281
0 -21.969
0 -17.538
1 -13.795
1 -10.981
1 -15.506
1 -19.078
1 -12.928
1 -10.634
0 -14.785
0 -12.762
0 -7.66
1 -7.412
0 -10.801
1 -7.7
0 -5.359
0 -5.958
0 -6.946
0 -4.03
0 -1.905
1 -3.192
1 -2.458
1 -0.443
1 -3.795
0 -3.263
0 -7.231
0 -7.819
0 -12.803
1 -10.896
0 -12.328
0 -12.353
1 -8.938
1 -4.767
1 -6.442
1 -9.798
1 -12.309
1 -14.547
1 -13.221
1 -12.491
1 -15.81
0 -20.354
0 -19.713
0 -21.912
0 -21.547
0 -20.384
0 -17.058
0 -16.938
0 -17.798
1 -19.064
0 -20.184
1 -18.15
0 -19.809
0 -15.56
0 -21.239
0 -14.194
1 -16.284
0 -20.134
0 -18.39
1 -12.362
0 -10.939
1 -6.862
0 -8.539
1 -14.097
0 -16.561
1 -15.002
1 -19.192
1 -14.323
1 -17.639
1 -14.22
1 -16.546
1 -14.632
0 -12.479
1 -12.469
1 -16.105
1 -13.174
1 -13.546
1 -14.286
1 -13.112
0 -9.792
1 -7.106
0 -10.979
1 -11.119
0 -13.487
1 -11.61
0 -14.373
1 -12.758
1 -9.664
1 -12.969
0 -9.549
1 -6.825
0 -7.224
1 -7.92
0 -14.718
1 -12.653
0 -18.32
1 -16.356
0 -20.998
0 -18.297
0 -20.996
0 -17.355
0 -17.436
0 -17.382
0 -14.789
0 -12.175
0 -8.0
1 -6.456
1 -3.4
1 -0.493
1 -3.078
0 -5.462
0 -6.313
0 -10.402
0 -10.187
0 -15.36
0 -11.409
1 -13.449
1 -9.429
0 -3.916
0 -12.164
0 -8.895
0 -9.965
0 -18.709
0 -17.637
0 -12.46
0 -13.844
0 -16.619
0 -16.542
0 -11.446
0 -15.236
0 -18.526
0 -17.741
0 -18.154
0 -21.796
0 -21.815
0 -27.728
0 -26.709
0 -29.703
0 -27.556
0 -25.411
0 -23.01
0 -20.488
0 -17.28
0 -16.737
0 -13.083
0 -16.288
0 -12.814
0 -18.616
0 -21.081
0 -25.884
0 -26.383
0 -27.983
0 -29.049
0 -26.65
0 -26.1
0 -23.171
0 -21.573
0 -16.864
0 -10.958
0 -12.469
0 -11.706
0 -16.767
0 -15.474
0 -20.592
0 -21.207
0 -21.459
0 -21.37
0 -19.898
0 -14.18
0 -15.522
0 -17.329
0 -16.948
0 -15.616
0 -15.002
0 -18.409
0 -20.468
0 -22.009
0 -19.138
0 -18.628
0 -18.336
1 -20.611
0 -19.084
0 -19.545
0 -12.916
0 -17.058
1 -10.407
0 -10.905
0 -14.67
0 -9.219
0 -12.793
0 -6.954
0 -9.245
0 -4.976
0 -8.31
0 -4.059
0 -3.4
0 -12.353
0 -10.391
0 -15.322
0 -12.811
0 -8.327
0 -12.208
0 -15.973
0 -10.11
0 -10.069
0 -16.183
0 -15.051
1 -12.399
0 -14.14
0 -17.761
1 -17.569
0 -14.699
0 -13.643
0 -16.593
0 -18.606
0 -11.282
0 -14.95
1 -10.478
1 -11.359
0 -12.404
1 -10.901
1 -10.339
1 -9.889
0 -8.458
0 -7.619
0 -7.701
0 -6.266
0 -6.364
1 -8.974
1 -7.762
1 -10.321
1 -9.708
1 -9.405
1 -10.302
1 -8.789
0 -10.391
0 -8.358
0 -10.805
0 -9.064
0 -11.381
0 -13.541
0 -14.338
0 -18.085
1 -15.825
0 -22.15
0 -18.165
0 -17.429
0 -20.118
0 -19.889
0 -22.948
0 -23.567
0 -24.231
0 -25.841
0 -28.407
0 -27.308
0 -25.356
0 -23.546
0 -20.656
0 -20.405
0 -16.026
0 -13.533
0 -9.372
0 -8.385
0 -5.445
0 -3.362
0 -8.59
0 -4.105
0 -7.855
0 -4.5
0 -2.992
0 -4.812
0 -10.098
0 -5.825
0 -9.486
0 -15.284
0 -16.667
0 -21.369
0 -21.893
0 -23.222
0 -20.766
0 -20.859
0 -17.236
0 -17.621
0 -19.845
0 -19.298
0 -20.932
0 -21.596
0 -21.86
0 -20.569
0 -16.993
0 -18.925
0 -19.881
0 -18.996
0 -21.92
0 -20.44
0 -21.548
0 -16.147
0 -11.633
0 -9.941
0 -6.189
1 -4.78
0 -6.997
1 -8.648
0 -6.485
0 -6.898
0 -5.79
0 -3.618
0 -0.325
1 1.088
1 -1.09
1 -0.018
1 0.636
1 0.099
1 2.044
1 -1.476
0 -4.472
0 -7.251
0 -7.922
0 -10.693
0 -11.374
0 -12.954
0 -9.149
0 -11.602
0 -14.026
0 -19.288
0 -17.779
0 -23.08
1 -17.575
0 -19.546
0 -14.548
1 -14.202
0 -8.138
1 -5.482
1 -4.777
1 -8.625
1 -9.942
1 -10.949
1 -16.072
1 -15.075
0 -20.853
1 -16.871
0 -21.309
0 -16.892
1 -12.85
1 -11.255
1 -15.267
1 -19.284
1 -13.649
1 -10.695
0 -14.883
0 -13.125
0 -8.052
1 -7.101
0 -12.034
1 -8.108
0 -5.473
0 -6.985
0 -6.702
0 -4.182
0 -2.815
1 -2.499
1 -2.418
1 -0.309
1 -3.208
0 -3.046
0 -7.072
0 -7.87
0 -12.869
1 -10.864
0 -12.81
0 -12.484
1 -7.797
1 -4.499
1 -7.933
1 -11.141
1 -13.817
1 -14.747
1 -13.446
1 -11.959
1 -16.167
0 -20.208
0 -19.538
0 -21.83
0 -20.997
0 -19.079
0 -16.099
0 -16.908
0 -17.143
1 -18.044
0 -19.659
1 -18.185
0 -19.913
0 -16.305
0 -21.397
0 -15.52
1 -17.105
0 -21.408
0 -18.219
1 -12.707
0 -10.55
1 -7.465
1 -6.939
0 -12.51
0 -17.236
1 -14.7
1 -19.661
1 -14.216
1 -18.171
1 -13.953
1 -15.615
1 -13.657
0 -11.619
1 -12.394
1 -16.194
1 -12.621
1 -12.866
1 -13.292
1 -12.713
0 -8.352
1 -6.766
0 -10.818
1 -11.027
0 -13.083
1 -11.863
0 -13.589
1 -11.436
1 -8.734
1 -12.657
0 -11.449
1 -6.76
0 -8.018
1 -9.912
0 -15.679
1 -12.454
0 -18.4
1 -15.838
0 -20.909
0 -17.813
0 -20.949
0 -15.89
0 -17.073
0 -16.92
0 -14.438
0 -11.63
1 -7.344
1 -5.583
1 -3.673
1 -2.397
1 -3.226
0 -4.953
0 -6.058
0 -11.112
0 -10.403
0 -15.549
0 -12.004
1 -14.092
1 -9.412
0 -4.412
0 -11.181
0 -9.732
0 -9.973
0 -19.158
0 -16.936
0 -11.037
0 -13.813
0 -17.54
0 -16.749
0 -12.164
0 -14.144
0 -17.043
0 -17.084
0 -17.592
0 -19.13
0 -19.667
0 -24.881
0 -25.728
0 -28.239
0 -25.025
0 -23.735
0 -20.715
0 -18.331
0 -14.966
0 -14.999
0 -11.091
0 -17.522
0 -13.149
0 -17.776
0 -21.488
0 -25.401
0 -27.068
0 -30.88
0 -30.161
0 -28.091
0 -27.629
0 -24.895
0 -23.57
0 -16.074
0 -12.43
0 -15.613
0 -12.69
0 -16.2
0 -15.728
0 -20.358
0 -19.446
0 -20.667
0 -19.964
0 -18.1
0 -13.617
0 -12.76
0 -16.557
0 -16.036
0 -13.055
0 -14.365
0 -17.216
0 -19.907
0 -19.613
0 -16.47
0 -17.526
0 -19.219
1 -22.162
0 -20.208
0 -19.797
0 -14.881
0 -19.261
1 -12.739
0 -10.971
0 -15.83
0 -8.645
0 -12.967
0 -5.618
0 -8.754
0 -4.821
0 -8.679
0 -4.67
0 -3.504
0 -11.917
0 -10.693
0 -16.142
0 -12.343
0 -9.342
0 -13.249
0 -16.094
0 -11.678
0 -10.402
0 -15.89
0 -15.468
1 -13.488
0 -13.934
0 -17.035
1 -16.814
0 -13.197
0 -12.559
0 -14.883
0 -18.58
0 -10.412
0 -14.349
1 -10.191
1 -11.234
0 -11.784
1 -10.98
1 -9.221
1 -9.013
0 -6.931
0 -7.205
0 -4.519
0 -5.396
1 -7.788
1 -6.262
1 -9.546
1 -8.839
1 -9.254
1 -9.56
1 -8.333
0 -8.445
0 -8.502
0 -11.164
0 -8.835
0 -10.822
0 -13.663
0 -14.222
0 -17.499
1 -15.802
0 -21.466
0 -16.793
0 -17.313
0 -19.867
0 -17.279
0 -21.645
0 -23.845
0 -25.286
0 -24.532
0 -28.645
0 -27.737
0 -25.495
0 -24.899
0 -22.413
0 -19.651
0 -15.882
0 -13.94
0 -10.24
0 -8.26
0 -5.77
0 -3.943
0 -8.855
0 -4.563
0 -7.655
0 -4.436
0 -2.657
0 -4.339
0 -9.888
0 -6.018
0 -9.751
0 -15.713
0 -17.463
0 -22.138
0 -22.138
0 -24.034
0 -22.056
0 -20.325
0 -16.073
0 -16.512
0 -19.486
0 -17.774
0 -19.918
0 -21.198
0 -20.681
0 -20.695
0 -15.587
0 -17.179
0 -18.111
0 -17.6
0 -20.62
0 -20.54
0 -21.521
0 -15.344
0 -12.26
0 -8.418
0 -5.802
1 -4.756
0 -6.206
0 -8.319
0 -6.491
0 -6.788
0 -6.255
0 -3.308
0 -0.716
1 1.659
1 -1.776
1 0.099
1 1.366
1 1.203
1 1.638
1 -1.262
0 -4.156
0 -6.363
0 -7.805
0 -10.801
0 -11.606
0 -14.148
0 -10.065
0 -11.711
0 -13.645
0 -19.811
0 -17.912
0 -22.918
1 -16.797
0 -19.348
0 -15.125
1 -13.962
0 -6.811
1 -5.101
1 -5.461
1 -8.786
1 -11.502
1 -9.556
1 -16.139
1 -15.049
0 -20.333
0 -17.079
0 -21.187
0 -16.215
0 -13.632
0 -10.569
0 -14.983
0 -18.173
0 -11.326
0 -10.086
0 -15.161
0 -13.673
0 -8.417
0 -7.862
0 -11.275
0 -7.496
0 -5.309
0 -6.687
0 -6.087
0 -3.831
0 -2.055
1 -3.558
1 -2.752
1 -0.828
1 -2.562
0 -3.307
0 -5.887
0 -7.76
0 -12.279
1 -10.691
0 -13.526
0 -13.214
1 -8.44
1 -4.65
1 -6.575
1 -10.264
1 -13.174
1 -15.137
1 -10.656
1 -11.134
1 -15.832
0 -20.367
0 -19.777
0 -22.532
0 -19.958
0 -19.783
0 -15.955
0 -16.812
0 -17.21
1 -17.991
0 -20.093
1 -19.118
0 -20.787
0 -16.848
0 -21.822
0 -15.288
1 -16.643
0 -20.797
0 -17.005
1 -11.77
0 -10.699
1 -4.897
1 -8.911
0 -12.443
0 -16.271
1 -14.313
1 -18.894
1 -14.275
1 -18.433
1 -14.46
1 -16.366
1 -14.059
0 -12.251
1 -12.437
1 -16.501
1 -12.018
1 -12.387
1 -14.43
1 -12.779
0 -8.875
1 -6.476
0 -10.682
1 -10.514
0 -12.567
1 -11.577
0 -13.335
1 -11.585
1 -8.976
1 -13.063
0 -9.694
1 -6.664
0 -7.79
1 -8.778
0 -16.052
1 -12.081
0 -17.23
1 -15.434
0 -21.01
0 -16.764
0 -20.861
0 -15.766
0 -16.358
0 -17.7
0 -13.975
0 -11.535
0 -7.85
1 -5.178
1 -3.529
1 -1.185
1 -2.075
0 -4.755
0 -6.012
0 -12.109
0 -11.055
0 -16.146
0 -11.646
1 -11.201
1 -11.2
0 -5.5
0 -11.926
0 -8.457
0 -10.128
0 -18.128
0 -16.515
0 -11.464
0 -14.264
0 -15.287
0 -15.789
0 -13.545
0 -14.476
0 -16.955
0 -16.189
0 -17.95
0 -20.174
0 -19.688
0 -26.995
0 -26.13
0 -31.847
0 -27.159
0 -24.851
0 -22.244
0 -18.423
0 -15.804
0 -17.299
0 -12.974
0 -16.628
0 -33.263
0 -28.496
0 -26.262
0 -30.013
0 -26.893
0 -22.623
0 -20.314
0 -21.989
0 -16.401
0 -16.121
0 -14.35
0 -19.423
0 -16.04
0 -15.925
0 -22.329
0 -23.802
0 -19.076
0 -21.485
0 -26.585
0 -27.095
0 -20.312
0 -23.146
0 -29.193
0 -23.485
0 -16.706
0 -22.143
1 -24.58
0 -23.531
1 -24.239
1 -28.578
0 -29.219
0 -26.391
1 -28.738
0 -31.614
0 -28.52
0 -28.337
0 -28.519
0 -27.812
0 -26.043
0 -29.397
0 -30.958
0 -27.439
0 -27.753
0 -33.226
0 -31.505
0 -27.953
0 -31.521
0 -34.006
0 -32.206
0 -31.683
0 -32.221
0 -35.768
0 -32.336
0 -30.548
0 -31.362
0 -34.898
0 -37.666
0 -37.37
0 -35.351
0 -34.222
0 -29.099
0 -30.457
0 -24.934
0 -26.547
0 -18.082
0 -19.975
0 -10.635
0 -12.933
0 -8.393
1 -4.185
0 -2.87
0 -7.888
0 -7.312
1 -3.984
1 -7.445
1 -5.413
1 -10.089
1 -6.7
1 -7.108
0 -12.733
0 -13.544
1 -8.989
1 -6.309
0 -11.668
0 -16.092
0 -23.034
0 -17.451
0 -12.817
0 -18.315
0 -18.332
1 -11.825
0 -9.718
0 -14.235
1 -11.81
0 -5.29
0 -7.56
0 -12.705
1 -8.288
0 -9.678
0 -15.921
0 -17.693
1 -15.018
0 -18.937
0 -24.664
0 -24.234
0 -20.649
0 -24.458
0 -28.664
0 -25.332
0 -22.805
0 -27.424
0 -24.653
0 -20.015
0 -22.922
0 -22.176
0 -15.728
0 -15.552
0 -14.249
0 -18.215
0 -14.868
0 -15.67
0 -22.33
0 -21.492
0 -17.112
0 -20.835
0 -25.237
0 -23.002
0 -17.771
0 -22.139
0 -26.82
0 -18.262
0 -16.599
1 -23.288
0 -21.578
1 -22.814
1 -26.719
0 -27.956
1 -25.426
0 -27.609
0 -29.926
0 -26.069
0 -24.428
0 -28.503
0 -26.227
0 -24.236
0 -27.295
0 -30.107
0 -26.895
0 -28.827
0 -31.939
0 -31.903
0 -29.452
0 -30.584
0 -35.341
0 -32.661
0 -31.711
0 -33.769
0 -35.805
0 -32.141
0 -31.379
0 -30.9
0 -35.617
0 -37.629
0 -37.88
0 -34.017
0 -32.529
0 -28.516
0 -30.48
0 -24.812
0 -25.055
0 -16.354
0 -17.688
0 -8.821
0 -11.085
0 -6.735
1 -2.746
0 -2.513
0 -7.73
0 -5.829
1 -4.87
1 -6.673
1 -4.534
1 -8.457
1 -5.276
1 -5.539
0 -11.343
0 -12.553
1 -8.714
1 -7.486
0 -11.642
0 -15.416
0 -19.975
0 -17.436
0 -13.218
0 -17.208
0 -14.427
1 -8.528
0 -10.313
0 -11.556
1 -7.603
0 -3.615
0 -8.108
0 -11.906
1 -7.404
0 -9.193
0 -14.889
0 -17.842
1 -16.114
0 -17.828
0 -22.585
0 -23.467
0 -20.002
0 -20.844
0 -26.116
0 -26.914
0 -30.774
0 -30.071
0 -31.955
0 -29.841
0 -29.178
1 -27.213
0 -23.321
0 -18.756
0 -22.441
0 -17.24
0 -15.005
0 -19.926
0 -16.123
0 -17.03
0 -23.031
0 -24.094
0 -19.597
0 -22.033
0 -27.693
0 -26.115
0 -19.868
0 -23.785
1 -22.857
0 -23.313
1 -25.237
1 -28.154
0 -29.588
1 -27.625
0 -27.341
0 -30.399
0 -28.488
0 -27.2
0 -28.654
0 -28.824
0 -26.852
0 -28.365
0 -29.609
0 -28.512
0 -29.964
0 -32.054
0 -31.689
0 -28.343
0 -30.886
0 -34.783
0 -32.187
0 -28.924
0 -31.135
0 -34.96
0 -28.745
0 -27.005
0 -28.661
0 -34.646
0 -35.132
0 -37.169
0 -33.654
0 -32.881
0 -28.054
0 -30.171
0 -22.781
0 -21.557
0 -13.33
0 -14.281
0 -9.343
0 -11.171
0 -6.214
1 -2.065
0 -2.055
0 -7.393
0 -6.108
1 -4.993
1 -5.638
1 -3.618
1 -8.172
1 -4.531
1 -6.596
0 -11.852
0 -12.588
1 -8.321
1 -6.956
0 -12.03
0 -16.705
0 -22.203
0 -19.514
0 -13.91
0 -18.237
0 -14.004
1 -7.566
0 -8.497
0 -10.641
0 -4.432
0 -2.119
0 -7.37
0 -9.713
1 -7.302
0 -9.525
0 -13.775
0 -13.481
0 -10.77
0 -14.052
0 -19.71
0 -19.157
0 -15.333
0 -18.484
0 -22.223
0 -21.0
0 -13.217
0 -14.437
0 -19.557
0 -23.01
0 -26.75
0 -28.532
0 -30.921
0 -31.881
0 -28.538
0 -29.933
0 -25.576
0 -24.628
0 -17.807
0 -13.421
0 -17.586
0 -12.401
0 -18.961
0 -17.233
0 -22.758
0 -24.65
0 -22.425
0 -22.548
0 -20.077
0 -14.478
0 -14.973
0 -16.237
0 -17.763
0 -16.623
0 -16.416
0 -18.814
0 -22.129
0 -23.997
0 -21.743
0 -20.329
0 -20.798
1 -21.051
0 -21.131
0 -22.354
0 -15.583
0 -20.098
0 -14.889
1 -11.962
0 -16.683
0 -10.194
0 -14.228
0 -7.711
0 -10.903
0 -6.22
0 -9.223
0 -4.626
0 -2.912
0 -12.22
0 -10.21
0 -17.106
0 -12.671
0 -8.715
0 -12.946
0 -16.921
0 -12.415
0 -9.647
0 -14.257
0 -16.4
1 -12.593
0 -13.167
0 -16.824
1 -17.051
0 -12.813
0 -12.453
0 -15.181
0 -18.214
0 -10.534
0 -13.029
1 -9.788
0 -11.125
0 -11.873
1 -11.392
1 -10.161
1 -10.104
0 -8.683
0 -8.056
1 -8.072
0 -4.374
0 -5.312
0 -7.123
0 -6.837
1 -9.01
1 -8.436
1 -10.663
1 -10.229
1 -9.805
1 -10.301
1 -8.464
0 -10.127
0 -8.093
0 -10.458
0 -8.675
0 -11.096
0 -13.516
0 -14.64
0 -16.984
1 -16.668
0 -20.281
0 -16.424
0 -17.579
0 -21.563
0 -19.248
0 -23.958
0 -25.723
0 -28.436
0 -28.215
0 -29.245
0 -31.124
0 -27.59
0 -26.834
0 -23.911
0 -22.187
0 -18.154
0 -14.349
0 -10.555
0 -9.547
0 -5.428
0 -4.027
0 -8.658
0 -4.452
0 -6.165
0 -4.79
0 -2.681
0 -5.001
0 -11.127
0 -6.512
0 -10.032
0 -18.044
0 -18.791
0 -24.139
0 -24.243
0 -24.214
0 -23.329
0 -21.687
0 -17.133
0 -17.137
0 -20.479
0 -18.951
0 -20.534
0 -21.432
0 -21.966
0 -20.364
0 -17.118
0 -19.069
0 -20.281
0 -19.315
0 -21.261
0 -21.607
0 -20.932
0 -15.913
0 -11.653
0 -9.215
0 -6.326
1 -4.923
0 -6.327
0 -8.856
0 -7.125
0 -6.079
0 -4.978
0 -2.886
0 -0.912
1 1.754
1 -1.592
1 0.368
1 1.179
1 1.264
1 1.819
1 -1.327
0 -4.421
0 -7.121
0 -7.497
0 -10.752
0 -11.174
0 -13.839
1 -8.297
0 -11.05
0 -13.023
0 -19.233
0 -17.378
0 -23.151
0 -17.112
0 -19.903
0 -14.673
1 -14.53
0 -7.151
1 -4.933
1 -5.559
1 -8.256
1 -10.473
1 -10.696
1 -16.716
1 -14.629
0 -20.616
1 -17.394
0 -20.907
0 -14.755
1 -13.435
1 -10.553
1 -14.542
1 -18.917
1 -13.439
1 -10.838
0 -14.697
0 -14.971
0 -8.47
1 -7.352
0 -11.183
1 -7.92
0 -4.923
0 -6.124
0 -6.562
0 -4.17
0 -2.687
1 -3.306
1 -5.254
1 -0.43
1 -2.742
0 -3.745
0 -7.562
0 -7.879
0 -12.417
1 -11.357
0 -13.454
0 -12.95
1 -8.648
1 -3.708
1 -8.602
1 -11.221
1 -13.868
1 -14.974
1 -13.055
1 -13.242
1 -17.014
0 -21.283
0 -19.662
0 -21.82
0 -20.506
0 -19.306
0 -15.595
0 -16.708
0 -16.858
1 -17.91
0 -19.942
1 -18.636
0 -20.328
0 -16.323
0 -21.217
0 -14.879
1 -16.925
0 -21.232
0 -19.436
1 -12.929
0 -10.553
1 -7.117
0 -7.359
1 -12.473
0 -16.958
1 -14.697
1 -19.312
1 -13.97
1 -18.833
1 -14.225
1 -15.86
1 -15.184
0 -11.814
1 -12.997
1 -16.522
1 -12.838
1 -12.239
1 -14.332
1 -12.339
0 -8.711
1 -6.892
0 -11.167
1 -11.168
0 -12.692
1 -11.997
0 -13.341
1 -11.23
1 -8.92
1 -13.144
0 -11.136
1 -6.708
0 -7.341
1 -8.634
0 -15.643
1 -11.731
0 -18.056
1 -16.246
0 -21.123
0 -17.906
0 -20.879
0 -16.475
0 -16.753
0 -16.658
0 -14.681
0 -13.379
0 -9.08
1 -5.915
1 -3.52
1 -0.738
1 -2.697
0 -5.15
0 -6.135
0 -11.804
0 -11.878
0 -16.45
0 -12.989
1 -14.248
1 -12.325
0 -4.634
0 -13.201
0 -9.552
0 -11.808
0 -17.99
0 -17.68
0 -12.373
0 -14.429
0 -16.313
0 -16.877
0 -13.722
0 -15.869
0 -18.882
0 -18.176
0 -19.718
0 -22.822
0 -22.62
0 -28.821
0 -28.467
0 -32.452
0 -27.505
0 -26.041
0 -22.168
0 -20.169
0 -17.722
0 -16.968
0 -12.746
0 -16.651
0 -12.257
0 -18.154
0 -21.233
0 -23.668
0 -25.515
0 -27.525
0 -28.083
0 -24.772
0 -25.056
0 -23.065
0 -21.455
0 -15.959
0 -11.539
0 -16.007
0 -12.16
0 -15.223
0 -13.69
0 -20.648
0 -19.558
0 -22.072
0 -20.75
0 -19.267
0 -14.282
0 -14.142
0 -17.284
0 -15.568
0 -14.369
0 -16.643
0 -17.489
0 -20.229
0 -20.145
0 -16.738
0 -15.38
0 -18.08
1 -16.59
0 -17.069
0 -17.045
0 -12.48
0 -16.339
1 -9.993
0 -9.72
0 -13.97
0 -8.543
0 -12.174
0 -5.584
0 -7.953
0 -3.236
0 -7.991
0 -4.249
0 -3.535
0 -11.876
0 -9.766
0 -14.71
0 -12.044
0 -8.369
0 -12.331
0 -15.878
0 -12.094
0 -12.179
0 -16.593
0 -16.265
1 -13.057
0 -14.526
0 -17.863
1 -18.292
0 -13.214
0 -13.676
0 -16.661
0 -18.728
0 -11.595
0 -13.946
1 -11.004
1 -11.476
0 -12.645
1 -11.072
1 -9.665
1 -9.423
0 -8.221
0 -8.953
0 -7.427
0 -5.806
0 -6.697
1 -9.227
1 -8.108
1 -10.418
1 -9.341
1 -10.17
1 -10.458
1 -8.989
0 -8.579
0 -7.978
0 -11.142
0 -8.627
0 -11.966
0 -14.092
0 -14.4
0 -18.428
1 -17.896
0 -22.251
0 -17.431
0 -17.342
0 -21.367
0 -17.414
0 -21.577
0 -23.617
0 -24.946
0 -23.777
0 -26.683
0 -26.589
0 -23.572
0 -23.252
0 -20.563
0 -17.922
0 -14.971
0 -11.979
0 -11.372
0 -8.128
0 -4.495
0 -4.459
0 -9.333
0 -4.97
0 -6.639
0 -2.378
0 -2.701
0 -4.732
0 -9.738
0 -5.697
0 -8.408
0 -14.744
0 -15.47
0 -20.589
0 -20.607
0 -23.078
0 -21.063
0 -19.729
0 -16.582
0 -17.09
0 -20.62
0 -19.019
0 -20.907
0 -21.602
0 -21.777
0 -19.815
0 -16.262
0 -18.368
0 -19.931
0 -18.642
0 -21.562
0 -21.661
0 -21.823
0 -15.324
0 -12.386
0 -8.935
0 -6.123
1 -4.742
0 -6.38
1 -9.709
0 -6.657
0 -6.849
0 -5.359
0 -3.893
0 -0.976
1 1.046
1 -0.625
1 -0.015
1 1.891
1 1.309
1 2.196
1 -1.012
0 -4.532
0 -7.7
0 -7.523
0 -11.088
0 -12.081
0 -14.114
0 -9.637
0 -12.609
0 -12.572
0 -19.083
0 -18.123
0 -23.056
1 -17.883
0 -19.336
0 -14.942
1 -13.669
0 -7.138
1 -5.032
1 -4.158
1 -8.355
1 -10.808
1 -10.994
1 -16.194
1 -14.842
0 -20.962
1 -17.092
0 -21.545
0 -17.479
1 -14.175
1 -11.06
1 -15.402
1 -18.887
1 -13.803
1 -10.375
0 -15.455
0 -14.152
0 -8.386
1 -7.949
0 -11.199
1 -7.767
0 -5.435
0 -7.188
0 -6.073
0 -3.784
0 -3.577
1 -4.343
1 -4.09
1 -0.177
1 -3.465
0 -2.796
0 -6.171
0 -7.731
0 -12.168
1 -10.997
0 -13.584
0 -12.766
1 -9.394
1 -4.609
1 -5.927
1 -9.825
1 -12.152
1 -14.454
1 -12.928
1 -11.333
1 -16.302
0 -20.543
0 -19.755
0 -22.167
0 -21.265
0 -19.865
0 -16.946
0 -16.803
0 -17.214
1 -18.374
0 -19.762
1 -18.477
0 -19.936
0 -16.159
0 -20.88
0 -14.747
1 -17.409
0 -21.183
0 -17.048
1 -12.363
0 -10.486
1 -6.195
1 -8.612
0 -14.097
0 -17.961
1 -14.63
1 -19.43
1 -14.221
1 -18.507
1 -13.765
1 -15.604
1 -14.388
0 -12.072
1 -12.553
1 -16.136
1 -12.31
1 -12.911
1 -12.741
1 -12.213
0 -8.299
1 -6.47
0 -9.84
1 -10.552
0 -13.125
1 -12.146
0 -13.435
1 -11.709
1 -8.56
1 -13.28
0 -10.374
1 -6.805
0 -7.916
1 -8.04
0 -15.82
1 -12.105
0 -16.71
1 -16.269
0 -20.567
0 -18.336
0 -20.498
0 -17.102
0 -16.507
0 -18.092
0 -13.787
0 -12.333
1 -9.003
1 -5.529
1 -3.461
1 -0.015
1 -2.189
0 -4.724
0 -6.752
0 -11.743
0 -10.858
0 -16.388
0 -12.171
1 -12.305
1 -9.616
0 -4.195
0 -12.243
0 -9.826
0 -10.567
0 -18.36
0 -15.855
0 -11.24
0 -15.397
0 -16.375
0 -15.646
0 -12.922
0 -13.555
0 -15.962
0 -16.109
0 -17.076
0 -19.025
0 -20.053
0 -25.639
0 -25.964
0 -27.333
0 -25.765
0 -23.647
0 -20.822
0 -17.929
0 -15.054
0 -15.409
0 -11.609
0 -16.451
0 -13.464
0 -17.29
0 -20.523
0 -24.766
0 -26.67
0 -30.919
0 -29.54
0 -27.378
0 -28.878
0 -24.963
0 -23.853
0 -16.728
0 -13.422
0 -16.78
0 -10.117
0 -16.085
0 -14.479
0 -20.846
0 -20.504
0 -22.195
0 -20.522
0 -19.076
0 -15.636
0 -13.985
0 -17.815
0 -15.806
0 -13.475
0 -14.778
0 -17.13
0 -18.952
0 -22.234
0 -19.642
0 -20.144
0 -22.127
1 -20.996
0 -19.839
0 -19.242
0 -15.185
0 -20.139
1 -12.755
0 -10.282
0 -15.059
0 -10.05
0 -13.403
0 -6.03
0 -8.511
0 -3.639
0 -8.214
0 -4.039
0 -2.668
0 -10.206
0 -8.771
0 -14.561
0 -11.56
0 -7.931
0 -12.01
0 -14.82
0 -11.069
0 -10.545
0 -15.338
0 -16.107
1 -13.065
0 -14.266
0 -17.396
1 -17.863
0 -12.961
0 -13.599
0 -15.743
0 -18.625
0 -11.067
0 -13.853
1 -10.441
1 -11.145
0 -12.015
1 -10.178
1 -8.774
1 -9.175
0 -7.723
0 -8.057
0 -4.091
0 -4.972
1 -7.672
1 -7.004
1 -9.777
1 -8.876
1 -8.966
1 -9.837
1 -8.747
0 -11.271
0 -8.608
0 -10.707
0 -9.091
0 -11.188
0 -13.432
0 -13.929
0 -16.809
1 -16.005
0 -20.977
0 -16.785
0 -18.026
0 -20.957
0 -18.096
0 -22.675
0 -24.104
0 -27.142
0 -25.393
0 -28.232
0 -28.894
0 -27.631
0 -25.648
0 -22.318
0 -19.841
0 -15.703
0 -14.115
0 -10.852
0 -8.058
0 -5.813
0 -5.003
0 -8.428
0 -3.737
0 -7.826
0 -3.952
0 -1.733
0 -4.604
0 -10.27
0 -6.154
0 -10.217
0 -16.069
0 -17.205
0 -22.02
0 -21.948
0 -25.019
0 -21.798
0 -20.75
0 -17.095
0 -16.909
0 -20.379
0 -19.403
0 -20.819
0 -21.409
0 -21.725
0 -19.017
0 -16.376
0 -18.031
0 -19.681
0 -18.404
0 -21.628
0 -21.537
0 -21.58
0 -16.052
0 -11.876
0 -10.075
0 -5.894
1 -4.611
0 -6.605
0 -9.173
0 -7.457
0 -7.07
0 -5.762
0 -3.8
0 -0.931
1 1.229
1 -1.707
1 0.033
1 0.76
1 -0.644
1 0.867
1 -2.287
0 -4.524
0 -7.105
0 -7.995
0 -11.613
0 -11.535
0 -13.176
0 -8.692
0 -11.805
0 -13.192
0 -19.061
0 -17.988
0 -23.094
1 -17.868
0 -20.228
0 -15.418
1 -14.027
0 -7.608
1 -4.586
1 -5.299
1 -8.739
1 -10.1
1 -11.24
1 -16.107
1 -14.849
0 -20.259
0 -17.287
0 -21.11
0 -16.915
0 -13.042
0 -11.279
0 -15.561
0 -19.207
0 -14.301
0 -10.953
0 -15.041
0 -13.546
0 -7.791
0 -7.213
0 -10.899
0 -7.71
0 -5.505
0 -6.298
0 -6.888
0 -3.991
0 -1.878
1 -3.316
1 -3.71
1 -0.597
1 -3.695
0 -3.162
0 -6.857
0 -7.822
0 -12.512
1 -11.258
0 -13.312
0 -13.027
1 -7.973
1 -4.317
1 -7.716
1 -10.791
1 -13.298
1 -14.222
1 -12.208
1 -11.472
1 -16.217
0 -19.928
0 -20.079
0 -22.18
0 -20.375
0 -19.041
0 -15.87
0 -17.112
0 -17.407
1 -17.913
0 -19.665
1 -18.525
0 -20.277
0 -16.261
0 -21.008
0 -14.477
1 -17.015
0 -21.046
0 -17.749
1 -12.447
0 -10.559
1 -6.345
1 -6.943
0 -12.645
0 -17.036
1 -14.398
1 -19.37
1 -13.77
1 -17.799
1 -13.682
1 -15.676
1 -13.828
0 -11.812
1 -12.331
1 -16.209
1 -12.173
1 -12.94
1 -13.763
1 -11.795
0 -8.984
1 -5.639
0 -9.919
1 -10.183
0 -12.937
1 -12.155
0 -13.364
1 -11.376
1 -8.335
1 -13.192
0 -11.492
1 -6.803
0 -7.672
1 -8.304
0 -15.645
1 -12.208
0 -18.445
1 -16.522
0 -21.481
0 -16.906
0 -21.147
0 -16.901
0 -17.111
0 -17.745
0 -14.242
0 -12.576
0 -7.718
1 -5.145
1 -3.522
1 -0.695
1 -3.333
0 -4.606
0 -6.214
0 -11.091
0 -10.721
0 -16.205
0 -11.82
1 -13.516
1 -9.593
0 -3.291
0 -10.95
0 -7.836
0 -10.201
0 -18.223
0 -15.715
0 -9.658
0 -14.188
0 -15.401
0 -15.074
0 -11.227
0 -14.345
0 -17.608
0 -16.456
0 -17.773
0 -20.418
0 -20.546
0 -27.176
0 -26.128
0 -31.62
0 -26.575
0 -24.866
0 -20.735
0 -18.562
0 -15.552
0 -16.734
0 -13.418
0 -16.542
0 -32.86
0 -27.995
0 -26.197
0 -30.358
0 -27.603
0 -22.617
0 -23.799
0 -23.293
0 -17.188
0 -16.719
0 -15.223
0 -19.077
0 -16.237
0 -15.736
0 -23.066
0 -24.253
0 -19.393
0 -22.072
0 -27.509
0 -26.268
0 -20.943
0 -22.751
0 -28.992
0 -25.458
0 -19.186
0 -26.926
1 -25.589
0 -24.421
1 -24.885
1 -29.083
0 -30.707
0 -25.748
1 -31.264
0 -32.25
0 -28.029
0 -28.1
0 -29.601
0 -27.265
0 -26.585
0 -30.222
0 -30.139
0 -26.917
0 -29.733
0 -33.386
0 -31.207
0 -28.903
0 -31.163
0 -34.807
0 -31.567
0 -30.204
0 -32.723
0 -35.093
0 -31.306
0 -29.901
0 -30.789
0 -31.9
0 -35.693
0 -36.81
0 -33.498
0 -33.957
0 -28.379
0 -29.938
0 -23.258
0 -24.793
0 -17.337
0 -18.392
0 -10.516
0 -13.359
0 -8.616
1 -4.379
0 -3.049
0 -8.359
0 -9.459
1 -3.199
1 -7.113
1 -5.789
1 -10.522
1 -6.469
1 -6.656
0 -13.174
0 -13.582
1 -8.885
1 -6.885
0 -13.496
0 -17.281
0 -23.255
0 -18.729
0 -14.638
0 -16.455
0 -13.155
1 -6.479
0 -7.447
0 -11.808
1 -9.045
0 -3.689
0 -8.799
0 -13.282
1 -8.724
0 -9.641
0 -15.616
0 -18.448
1 -17.501
0 -18.674
0 -23.928
0 -23.805
0 -19.946
0 -21.79
0 -25.841
0 -21.607
0 -26.251
0 -28.915
0 -26.409
0 -26.306
0 -19.282
0 -19.579
0 -18.999
0 -12.988
0 -13.52
0 -15.822
0 -11.52
0 -13.603
0 -20.385
0 -19.562
0 -16.539
0 -19.331
0 -24.666
0 -25.662
0 -20.703
0 -23.889
0 -29.293
0 -23.65
0 -17.98
1 -22.742
0 -25.926
1 -25.079
1 -28.29
0 -31.736
1 -26.693
0 -27.231
0 -31.185
0 -25.688
0 -26.851
0 -28.311
0 -26.999
0 -26.589
0 -28.002
0 -29.829
0 -27.78
0 -29.124
0 -32.716
0 -33.009
0 -30.272
0 -30.206
0 -33.552
0 -33.674
0 -29.695
0 -31.69
0 -34.002
0 -29.953
0 -28.07
0 -28.174
0 -31.811
0 -34.131
0 -35.52
0 -31.986
0 -30.333
0 -25.942
0 -27.439
0 -20.66
0 -19.979
0 -12.048
0 -14.161
0 -9.458
0 -11.515
0 -6.842
1 -2.818
0 -1.901
0 -5.702
0 -4.986
1 -5.079
1 -6.196
1 -3.969
1 -8.563
1 -6.29
1 -5.632
0 -10.208
0 -10.658
1 -7.321
1 -5.81
0 -10.514
0 -14.644
0 -20.449
0 -15.243
0 -11.404
0 -15.469
0 -15.6
1 -7.372
0 -8.779
0 -9.993
1 -2.504
0 -4.703
0 -9.945
0 -13.976
1 -10.294
0 -9.02
0 -14.327
0 -15.608
1 -11.784
0 -13.926
0 -20.567
0 -19.028
0 -15.6
0 -17.094
0 -20.899
0 -20.546
0 -28.562
0 -31.108
0 -28.258
0 -28.951
0 -29.926
1 -22.651
0 -23.315
0 -23.847
0 -17.309
0 -11.673
0 -14.548
0 -20.107
0 -15.604
0 -16.585
0 -23.782
0 -23.416
0 -18.735
0 -20.402
0 -26.82
0 -23.381
0 -18.409
0 -21.865
1 -28.123
0 -28.127
1 -28.561
1 -31.067
0 -32.036
1 -27.969
0 -29.744
0 -31.548
0 -28.743
0 -27.988
0 -29.753
0 -28.432
0 -26.197
0 -30.332
0 -30.722
0 -28.018
0 -29.874
0 -33.96
0 -32.375
0 -28.778
0 -32.134
0 -34.071
0 -32.294
0 -29.768
0 -29.68
0 -33.542
0 -28.78
0 -27.663
0 -27.208
0 -31.068
0 -33.426
0 -35.25
0 -32.537
0 -30.823
0 -24.659
0 -27.951
0 -21.286
0 -22.595
0 -15.975
0 -15.331
0 -10.228
0 -12.124
0 -5.95
1 -2.274
0 -2.926
0 -8.54
0 -7.182
1 -4.047
1 -6.191
1 -3.029
1 -9.89
1 -6.943
1 -6.353
0 -11.754
0 -13.095
1 -9.353
1 -7.681
0 -12.529
0 -16.723
0 -21.939
0 -18.269
0 -12.931
0 -18.408
0 -18.656
1 -11.226
0 -9.318
0 -13.698
0 -9.343
0 -5.556
0 -9.589
0 -12.845
1 -8.25
0 -9.278
0 -14.274
0 -14.755
0 -11.598
0 -14.326
0 -19.724
0 -19.63
0 -16.15
0 -18.869
0 -22.618
0 -20.162
0 -12.358
0 -13.926
0 -21.783
0 -27.21
0 -30.113
0 -30.861
0 -33.101
0 -31.813
0 -29.992
0 -28.639
0 -24.272
0 -24.206
0 -17.292
0 -12.704
0 -16.551
0 -12.316
0 -17.088
0 -15.188
0 -20.479
0 -20.544
0 -21.982
0 -21.286
0 -18.479
0 -14.134
0 -13.954
0 -17.458
0 -17.146
0 -15.365
0 -16.127
0 -18.856
0 -21.163
0 -22.332
0 -19.571
0 -20.947
0 -20.134
1 -19.239
0 -18.832
0 -21.6
0 -15.044
0 -18.588
0 -15.027
1 -10.408
0 -15.759
0 -9.175
0 -14.462
0 -7.551
0 -10.569
0 -5.848
0 -9.177
0 -4.609
0 -4.057
0 -13.411
0 -10.691
0 -16.799
0 -11.937
0 -6.948
0 -12.213
0 -16.339
0 -11.062
0 -11.623
0 -16.738
0 -17.1
1 -14.702
0 -14.336
0 -17.659
1 -18.082
0 -14.607
0 -13.313
0 -15.824
0 -18.963
0 -12.106
0 -15.284
1 -10.666
0 -11.162
0 -12.13
1 -11.076
1 -10.354
1 -10.185
0 -8.782
0 -8.555
1 -7.891
0 -4.883
0 -5.55
0 -6.909
0 -7.224
1 -9.404
1 -8.165
1 -10.628
1 -9.978
1 -10.064
1 -10.079
1 -8.336
0 -10.392
0 -8.414
0 -11.288
0 -8.983
0 -11.268
0 -14.048
0 -13.972
0 -17.497
1 -16.628
0 -21.549
0 -16.972
0 -16.66
0 -20.499
0 -18.615
0 -23.314
0 -24.491
0 -26.545
0 -26.431
0 -29.557
0 -28.926
0 -25.994
0 -25.016
0 -22.751
0 -21.035
0 -16.265
0 -14.611
0 -10.519
0 -8.478
0 -5.155
0 -5.339
0 -8.282
0 -3.695
0 -7.228
0 -4.582
0 -3.153
0 -5.145
0 -11.031
0 -6.882
0 -9.951
0 -17.229
0 -18.623
0 -23.144
0 -22.858
0 -23.757
0 -22.02
0 -21.205
0 -16.555
0 -17.213
0 -19.513
0 -18.98
0 -21.287
0 -21.466
0 -21.517
0 -20.501
0 -16.968
0 -19.171
0 -20.578
0 -19.252
0 -21.162
0 -20.289
0 -20.15
0 -14.524
0 -10.921
0 -9.186
0 -6.05
1 -4.372
0 -5.722
0 -8.679
0 -6.954
0 -6.346
0 -5.025
0 -3.219
0 -1.811
1 0.812
1 -1.556
1 0.984
1 0.49
1 0.256
1 1.23
1 -1.727
0 -4.32
0 -6.752
0 -7.75
0 -11.44
0 -10.287
0 -12.941
1 -9.723
0 -11.471
0 -14.199
0 -20.434
0 -17.653
0 -23.207
0 -17.25
0 -21.111
0 -15.093
1 -14.787
0 -7.74
1 -5.119
1 -6.55
1 -8.688
1 -12.035
1 -10.649
1 -16.837
1 -15.294
0 -20.825
1 -17.268
0 -21.76
0 -17.637
1 -12.792
1 -11.767
1 -15.582
1 -18.697
1 -13.308
1 -10.374
0 -14.15
0 -12.429
0 -7.874
1 -7.24
0 -10.895
1 -7.68
0 -5.316
0 -6.39
0 -6.645
0 -3.85
0 -2.29
1 -3.868
1 -2.656
1 -3.75
1 -2.87
0 -6.867
0 -5.022
0 -8.161
0 -13.525
1 -12.327
0 -13.942
0 -13.319
1 -8.59
1 -4.766
1 -7.203
1 -11.01
1 -13.925
1 -15.4
1 -12.187
1 -12.105
1 -16.688
0 -20.938
0 -19.804
0 -22.212
0 -21.636
0 -19.642
0 -17.037
0 -16.553
0 -17.781
1 -18.945
0 -20.537
1 -18.495
0 -20.377
0 -16.813
0 -22.127
0 -14.994
1 -17.122
0 -20.525
0 -18.501
1 -12.761
0 -12.382
1 -7.721
0 -7.015
1 -11.646
0 -17.154
1 -15.125
1 -20.198
1 -15.034
1 -18.185
1 -14.647
1 -16.509
1 -15.187
0 -12.334
1 -12.682
1 -16.698
1 -13.312
1 -13.009
1 -13.111
1 -12.485
0 -9.379
1 -7.046
0 -10.869
1 -11.16
0 -13.455
1 -11.853
0 -14.031
1 -12.604
1 -9.622
1 -12.536
0 -11.408
1 -6.3
0 -8.416
1 -10.57
0 -16.507
1 -12.383
0 -20.38
1 -15.79
0 -21.199
0 -18.027
0 -21.69
0 -16.771
0 -16.929
0 -17.17
0 -14.576
0 -13.289
0 -7.677
1 -5.509
1 -3.445
1 -0.255
1 -2.845
0 -5.446
0 -6.574
0 -12.191
0 -11.183
0 -16.805
0 -11.772
1 -14.117
1 -9.653
0 -3.946
0 -11.881
0 -8.614
0 -10.92
0 -18.97
0 -15.775
0 -11.555
0 -15.073
0 -16.775
0 -16.061
0 -11.823
0 -14.504
0 -17.412
0 -16.645
0 -18.019
0 -21.276
0 -20.52
0 -26.971
0 -25.646
0 -30.161
0 -27.824
0 -24.827
0 -23.597
0 -20.442
0 -17.81
0 -19.041
0 -14.783
0 -22.025
0 -13.304
0 -22.083
0 -26.401
0 -28.425
0 -28.82
0 -31.57
0 -29.344
0 -28.343
0 -26.653
0 -22.982
0 -21.939
0 -16.531
0 -11.157
0 -15.312
0 -11.146
0 -16.961
0 -14.714
0 -20.612
0 -21.32
0 -22.306
0 -20.508
0 -17.976
0 -12.562
0 -16.513
0 -18.967
0 -17.898
0 -16.541
0 -14.788
0 -18.909
0 -22.175
0 -22.507
0 -19.099
0 -20.419
0 -18.819
1 -16.322
0 -16.536
0 -18.586
0 -13.53
0 -17.356
1 -14.218
0 -10.421
0 -14.435
0 -9.314
0 -13.135
0 -6.033
0 -8.045
0 -4.414
0 -7.833
0 -3.725
0 -2.89
0 -10.432
0 -8.439
0 -15.261
0 -11.017
0 -7.781
0 -12.335
0 -15.978
0 -11.311
0 -10.189
0 -15.573
0 -17.052
1 -13.994
0 -14.908
0 -17.858
1 -17.696
0 -14.112
0 -14.671
0 -16.099
0 -19.145
0 -11.838
0 -15.106
1 -10.831
1 -11.255
0 -12.085
1 -10.773
1 -10.37
1 -9.943
0 -8.427
0 -7.778
0 -7.648
0 -6.509
0 -6.556
1 -8.789
1 -7.693
1 -10.244
1 -9.687
1 -9.593
1 -9.943
1 -8.151
0 -10.321
0 -8.507
0 -10.603
0 -9.06
0 -12.002
0 -14.29
0 -14.773
0 -17.53
1 -17.447
0 -22.47
0 -17.357
0 -17.606
0 -20.856
0 -18.968
0 -22.18
0 -22.586
0 -24.82
0 -24.242
0 -26.23
0 -26.988
0 -24.855
0 -23.118
0 -21.675
0 -19.207
0 -15.032
0 -13.25
0 -9.842
0 -8.902
0 -4.786
0 -4.302
0 -8.219
0 -3.948
0 -6.409
0 -3.005
0 -2.074
0 -4.45
0 -9.761
0 -6.237
0 -9.41
0 -15.817
0 -16.487
0 -20.888
0 -21.323
0 -22.051
0 -21.362
0 -19.766
0 -16.708
0 -17.14
0 -20.223
0 -19.744
0 -21.526
0 -22.206
0 -22.266
0 -19.427
0 -16.4
0 -19.523
0 -20.312
0 -17.576
0 -21.633
0 -20.066
0 -20.476
0 -15.099
0 -10.648
0 -9.056
0 -5.641
1 -4.554
0 -5.641
1 -8.502
0 -6.893
0 -6.358
0 -4.647
0 -2.534
0 -0.776
1 1.175
1 -1.237
1 0.536
1 1.263
1 0.668
1 2.175
1 -0.911
0 -4.634
0 -6.746
0 -7.78
0 -10.874
0 -10.503
0 -13.662
0 -9.688
0 -11.677
0 -14.672
0 -20.3
0 -17.689
0 -23.237
1 -16.882
0 -19.941
0 -14.289
1 -14.656
0 -7.396
1 -4.644
1 -5.63
1 -8.458
1 -10.465
1 -11.136
1 -16.816
1 -15.065
0 -20.789
1 -17.101
0 -21.563
0 -17.177
1 -12.807
1 -11.935
1 -15.851
1 -19.251
1 -13.45
1 -10.816
0 -14.687
0 -12.872
0 -8.059
1 -7.543
0 -10.608
1 -7.779
0 -5.106
0 -6.402
0 -6.696
0 -4.034
0 -3.119
1 -3.375
1 -3.148
1 -2.389
1 -3.064
0 -7.227
0 -5.592
0 -7.734
0 -13.178
1 -12.062
0 -13.765
0 -13.103
1 -8.634
1 -5.422
1 -7.929
1 -10.978
1 -13.445
1 -13.806
1 -12.366
1 -12.092
1 -15.809
0 -20.441
0 -19.393
0 -22.227
0 -21.863
0 -20.239
0 -17.066
0 -16.446
0 -17.257
1 -18.609
0 -20.379
1 -18.506
0 -20.206
0 -16.726
0 -21.476
0 -14.87
1 -16.815
0 -20.633
0 -18.993
1 -12.519
0 -12.533
1 -8.462
1 -7.348
0 -12.083
0 -16.832
1 -14.904
1 -19.845
1 -14.684
1 -17.996
1 -14.395
1 -16.257
1 -14.637
0 -11.495
1 -12.033
1 -15.9
1 -12.337
1 -12.574
1 -11.835
1 -13.398
0 -7.875
1 -7.371
0 -10.671
1 -10.914
0 -13.243
1 -12.243
0 -14.166
1 -12.564
1 -9.512
1 -12.308
0 -11.077
1 -6.579
0 -7.618
1 -9.552
0 -14.784
1 -13.3
0 -18.744
1 -16.059
0 -21.113
0 -17.436
0 -21.346
0 -16.207
0 -16.901
0 -17.348
0 -14.283
0 -12.9
1 -8.051
1 -5.661
1 -3.553
1 -0.367
1 -2.941
0 -5.757
0 -6.317
0 -11.915
0 -11.549
0 -16.845
0 -13.156
1 -13.734
1 -9.699
0 -3.765
0 -12.046
0 -8.607
0 -10.512
0 -18.161
0 -15.39
0 -10.53
0 -15.205
0 -16.805
0 -16.088
0 -11.875
0 -13.981
0 -17.087
0 -16.321
0 -16.704
0 -19.751
0 -19.705
0 -25.055
0 -24.32
0 -27.715
0 -26.386
0 -24.26
0 -22.276
0 -19.315
0 -16.538
0 -17.532
0 -12.709
0 -17.564
0 -13.866
0 -21.869
0 -26.089
0 -28.924
0 -29.584
0 -32.502
0 -30.836
0 -29.574
0 -28.312
0 -23.814
0 -22.096
0 -16.804
0 -12.458
0 -18.462
0 -12.572
0 -18.69
0 -16.349
0 -21.854
0 -21.683
0 -22.879
0 -20.442
0 -18.531
0 -13.713
0 -16.293
0 -17.532
0 -17.516
0 -16.437
0 -15.206
0 -18.847
0 -21.332
0 -23.174
0 -19.821
0 -21.357
0 -20.159
1 -18.221
0 -18.639
0 -20.874
0 -14.763
0 -18.77
1 -15.594
0 -11.651
0 -15.796
0 -10.264
0 -14.588
0 -6.932
0 -9.618
0 -4.411
0 -8.51
0 -4.417
0 -2.983
0 -12.201
0 -10.379
0 -16.64
0 -11.311
0 -8.11
0 -12.131
0 -16.609
0 -11.701
0 -11.824
0 -16.452
0 -17.514
1 -13.745
0 -14.514
0 -17.87
1 -18.167
0 -14.18
0 -13.818
0 -16.387
0 -18.79
0 -12.064
0 -14.518
1 -10.672
1 -11.385
0 -11.903
1 -10.502
1 -9.255
1 -8.753
0 -7.235
0 -6.673
0 -5.514
0 -5.726
1 -7.985
1 -6.647
1 -9.592
1 -8.535
1 -8.974
1 -9.466
1 -8.257
0 -10.451
0 -8.462
0 -10.707
0 -8.9
0 -11.715
0 -13.921
0 -14.17
0 -17.228
1 -17.521
0 -21.847
0 -17.054
0 -16.979
0 -21.309
0 -19.398
0 -23.156
0 -23.723
0 -26.131
0 -27.454
0 -29.119
0 -29.483
0 -25.982
0 -25.842
0 -22.596
0 -20.635
0 -16.119
0 -14.086
0 -10.443
0 -8.62
0 -5.653
0 -4.669
0 -9.016
0 -3.628
0 -7.498
0 -4.591
0 -2.827
0 -5.199
0 -10.689
0 -6.719
0 -10.144
0 -16.869
0 -17.767
0 -22.817
0 -22.541
0 -23.656
0 -22.533
0 -21.055
0 -17.75
0 -17.323
0 -19.941
0 -19.832
0 -21.327
0 -22.55
0 -21.959
0 -20.158
0 -17.841
0 -19.53
0 -19.915
0 -19.225
0 -21.079
0 -20.323
0 -21.186
0 -15.367
0 -10.819
0 -8.744
0 -6.292
1 -4.59
0 -6.348
0 -8.551
0 -6.933
0 -6.504
0 -4.63
0 -2.803
0 -1.032
1 1.137
1 -1.963
1 0.68
1 0.27
1 0.413
1 1.747
1 -1.451
0 -4.403
0 -7.179
0 -7.862
0 -11.795
0 -10.636
0 -13.507
0 -10.373
0 -11.576
0 -14.208
0 -20.051
0 -17.971
0 -23.355
1 -17.742
0 -20.369
0 -15.149
1 -15.523
0 -7.871
1 -5.14
1 -5.954
1 -8.019
1 -11.438
1 -10.538
1 -17.775
1 -15.188
0 -20.751
0 -17.35
0 -21.637
0 -17.302
0 -12.872
0 -11.679
0 -15.636
0 -18.807
0 -13.398
0 -10.835
0 -14.438
0 -13.07
0 -7.695
0 -7.229
0 -10.892
0 -7.984
0 -5.318
0 -6.389
0 -6.946
0 -4.118
0 -2.443
1 -3.675
1 -2.644
1 -2.708
1 -2.879
0 -7.201
0 -5.105
0 -7.716
0 -13.099
1 -11.148
0 -12.673
0 -12.666
1 -9.463
1 -6.752
1 -7.21
1 -11.866
1 -14.039
1 -14.776
1 -13.159
1 -12.36
1 -17.05
0 -20.366
0 -20.089
0 -21.938
0 -21.462
0 -19.889
0 -17.482
0 -17.771
0 -17.635
1 -18.978
0 -20.212
1 -18.71
0 -20.328
0 -16.789
0 -21.809
0 -14.863
1 -16.585
0 -20.764
0 -18.899
1 -12.584
0 -12.043
1 -8.248
1 -7.757
0 -12.45
0 -16.773
1 -14.941
1 -19.927
1 -14.224
1 -17.687
1 -14.189
1 -16.654
1 -14.902
0 -12.288
1 -12.859
1 -15.856
1 -12.277
1 -13.295
1 -13.547
1 -12.687
0 -9.149
1 -6.085
0 -10.041
1 -10.814
0 -12.939
1 -11.978
0 -14.009
1 -11.377
1 -8.935
1 -12.577
0 -10.875
1 -6.313
0 -7.603
1 -9.267
0 -16.22
1 -12.467
0 -19.128
1 -15.687
0 -20.905
0 -17.46
0 -21.707
0 -16.767
0 -16.591
0 -17.102
0 -14.785
0 -13.023
0 -8.31
1 -5.664
1 -3.095
1 -0.674
1 -2.78
0 -5.451
0 -6.668
0 -11.324
0 -11.544
0 -17.019
0 -13.183
1 -13.716
1 -10.097
0 -4.367
0 -11.947
0 -8.837
0 -10.838
0 -18.66
0 -16.163
0 -11.81
0 -14.681
0 -15.964
0 -15.727
0 -12.549
0 -15.054
0 -17.583
0 -16.502
0 -18.727
0 -21.641
0 -20.345
0 -27.009
0 -26.321
0 -31.027
0 -28.043
0 -24.822
0 -22.969
0 -18.97
0 -16.093
0 -16.658
0 -12.133
0 -18.329
0 -31.529
0 -27.38
0 -24.203
0 -29.864
0 -26.759
0 -20.078
0 -23.681
0 -22.019
0 -16.342
0 -15.212
0 -14.539
0 -19.952
0 -16.915
0 -16.812
0 -25.072
0 -25.053
0 -18.714
0 -23.129
0 -27.78
0 -26.19
0 -19.904
0 -22.194
0 -30.443
0 -24.335
0 -17.065
0 -22.014
1 -21.611
0 -21.588
1 -21.679
1 -26.782
0 -27.423
0 -25.667
1 -25.785
0 -28.81
0 -27.393
0 -26.578
0 -27.631
0 -26.905
0 -25.254
0 -26.592
0 -29.611
0 -26.939
0 -27.523
0 -32.224
0 -30.484
0 -25.574
0 -30.349
0 -34.952
0 -30.981
0 -28.691
0 -34.289
0 -37.289
0 -32.249
0 -33.579
0 -34.954
0 -37.642
0 -39.564
0 -38.324
0 -38.633
0 -37.052
0 -33.947
0 -36.492
0 -29.043
0 -28.439
0 -20.298
0 -19.006
0 -12.0
0 -12.333
0 -7.784
1 -3.619
0 -2.275
0 -7.427
0 -9.079
1 -4.374
1 -5.42
1 -3.916
1 -9.592
1 -5.621
1 -6.396
0 -11.711
0 -13.604
1 -8.853
1 -6.381
0 -11.601
0 -16.269
0 -23.079
0 -17.407
0 -13.133
0 -19.116
0 -17.532
1 -12.221
0 -9.542
0 -13.709
1 -10.323
0 -4.75
0 -9.882
0 -13.733
1 -8.743
0 -9.548
0 -15.814
0 -17.817
1 -14.871
0 -18.426
0 -24.894
0 -23.677
0 -20.875
0 -24.233
0 -29.015
0 -22.55
0 -21.013
0 -27.087
0 -25.605
0 -17.888
0 -23.204
0 -21.527
0 -15.962
0 -15.322
0 -13.497
0 -18.184
0 -15.803
0 -16.348
0 -22.04
0 -22.384
0 -17.912
0 -20.659
0 -25.789
0 -24.556
0 -18.023
0 -20.02
0 -27.859
0 -20.014
0 -12.871
1 -22.315
0 -21.732
1 -21.788
1 -26.85
0 -27.909
1 -25.799
0 -26.083
0 -28.197
0 -26.829
0 -24.417
0 -26.911
0 -26.661
0 -23.47
0 -24.85
0 -27.226
0 -26.399
0 -26.468
0 -32.077
0 -29.751
0 -26.763
0 -30.031
0 -36.013
0 -33.136
0 -30.456
0 -36.097
0 -38.364
0 -35.521
0 -34.951
0 -35.608
0 -38.694
0 -39.131
0 -38.273
0 -37.098
0 -34.959
0 -31.408
0 -33.403
0 -28.515
0 -28.833
0 -20.085
0 -20.381
0 -12.506
0 -11.688
0 -8.746
1 -2.943
0 -3.896
0 -9.227
0 -7.661
1 -3.312
1 -5.354
1 -3.188
1 -8.257
1 -5.508
1 -5.966
0 -11.088
0 -11.826
1 -7.938
1 -6.002
0 -11.15
0 -15.34
0 -21.435
0 -16.714
0 -12.255
0 -17.13
0 -16.472
1 -11.614
0 -8.536
0 -13.398
1 -8.346
0 -3.695
0 -8.414
0 -12.781
1 -8.023
0 -10.157
0 -15.271
0 -17.537
1 -16.694
0 -18.562
0 -25.057
0 -24.663
0 -21.856
0 -24.248
0 -29.851
0 -24.014
0 -30.873
0 -27.271
0 -23.891
0 -29.493
0 -26.714
1 -20.554
0 -24.902
0 -22.577
0 -16.502
0 -16.336
0 -14.666
0 -19.896
0 -16.003
0 -17.383
0 -23.872
0 -24.271
0 -18.54
0 -23.282
0 -28.22
0 -27.339
0 -21.961
0 -23.106
1 -22.57
0 -21.154
1 -22.256
1 -26.716
0 -27.419
1 -25.301
0 -26.282
0 -29.277
0 -26.645
0 -25.969
0 -28.023
0 -27.765
0 -25.222
0 -27.446
0 -28.358
0 -27.239
0 -28.875
0 -34.11
0 -31.451
0 -27.983
0 -32.141
0 -36.025
0 -33.264
0 -30.5
0 -35.395
0 -38.461
0 -34.366
0 -32.69
0 -35.538
0 -38.62
0 -40.413
0 -38.757
0 -37.378
0 -35.868
0 -32.908
0 -35.142
0 -27.957
0 -28.994
0 -19.529
0 -19.863
0 -11.654
0 -11.182
0 -6.831
1 -2.683
0 -1.471
0 -6.638
0 -7.977
1 -3.265
1 -4.257
1 -2.727
1 -8.667
1 -5.532
1 -5.772
0 -10.834
0 -12.419
1 -7.805
1 -7.306
0 -11.235
0 -15.86
0 -22.318
0 -17.756
0 -12.863
0 -18.748
0 -17.12
1 -12.261
0 -9.902
0 -12.963
0 -9.221
0 -4.423
0 -9.294
0 -13.802
1 -10.183
0 -10.192
0 -16.342
0 -19.079
0 -15.864
0 -19.285
0 -25.293
0 -25.41
0 -21.94
0 -24.716
0 -30.191
0 -23.99
