-6.206
-11.354
-12.879
-19.674
-21.472
-25.766
-24.981
-24.136
-23.294
-28.389
-30.389
-31.046
-30.042
-28.06
-21.62
-18.522
-14.138
-16.172
-15.823
-20.562
-20.641
-21.983
-23.308
-24.555
-23.39
-18.697
-14.519
-14.087
-14.002
-13.703
-15.237
-14.348
-13.901
-10.546
-7.111
-4.699
-3.06
-1.437
-0.53
-0.929
-2.997
-1.954
-6.997
-7.651
-10.408
-11.338
-7.521
-5.407
-1.234
-3.095
-2.753
-2.983
-2.925
-1.524
-3.932
-4.025
-4.432
-4.237
-7.682
-7.549
-5.654
-8.958
-14.793
-12.629
-10.941
-15.443
-15.752
-13.128
-13.142
-19.707
-15.258
-4.003
-4.341
-5.899
-5.924
-7.285
-9.298
-8.93
-8.289
-9.386
-11.677
-11.641
-12.943
-18.009
-17.466
-16.764
-18.787
-21.019
-19.283
-18.826
-22.865
-22.751
-21.861
-24.345
-26.94
-25.297
-24.356
-28.8
-28.652
-23.877
-23.467
-25.88
-20.868
-19.828
-22.117
-21.55
-18.942
-19.083
-21.627
-18.474
-16.074
-16.953
-15.598
-12.201
-14.176
-16.56
-12.68
-10.022
-12.065
-14.074
-12.27
-10.759
-11.27
-14.794
-11.855
-13.509
-15.195
-13.049
-12.015
-9.977
-10.285
-9.401
-6.068
-5.045
-4.435
-3.85
-3.483
-3.114
-1.301
-3.977
-5.903
-5.358
-6.209
-6.713
-9.509
-15.004
-14.056
-10.958
-16.472
-16.296
-15.108
-18.92
-18.251
-20.016
-21.85
-23.618
-23.392
-22.082
-20.98
-22.611
-23.546
-23.942
-21.977
-22.159
-22.011
-18.356
-17.934
-17.914
-15.479
-14.477
-13.416
-9.801
-11.879
-15.209
-12.575
-8.827
-11.517
-10.372
-6.47
-4.755
-7.73
-7.204
-8.934
-4.89
-2.293
-5.012
-10.184
-8.227
-6.989
-11.201
-14.714
-11.297
-11.722
-15.402
-17.606
-20.077
-18.307
-19.508
-20.037
-20.828
-19.481
-22.215
-22.812
-20.753
-20.722
-18.046
-16.855
-15.091
-13.981
-11.12
-6.926
-6.958
-12.073
-13.429
-14.545
-15.406
-16.411
-19.763
-18.526
-19.07
-21.21
-19.55
-19.92
-20.246
-19.308
-17.534
-13.537
-18.747
-18.46
-20.04
-22.56
-24.399
-30.369
-34.45
-35.597
-37.967
-33.52
-29.502
-27.026
-25.324
-25.45
-31.768
-31.141
-32.402
-31.613
-29.862
-26.196
-22.97
-25.195
-27.291
-25.842
-28.786
-27.655
-28.132
-30.687
-30.286
-32.132
-31.146
-28.064
-25.357
-22.428
-23.079
-20.524
-21.926
-22.341
-21.96
-17.092
-15.636
-12.653
-11.471
-14.362
-18.602
-20.797
-22.802
-25.392
-29.183
-32.147
-33.114
-32.668
-33.591
-34.76
-31.294
-27.288
-23.695
-20.025
-22.774
-24.065
-19.276
-25.047
-26.069
-20.59
-19.054
-20.212
-16.12
-12.832
-12.211
-14.759
-19.084
-18.676
-21.843
-24.069
-23.839
-24.066
-18.443
-21.636
-17.132
-19.236
-25.551
-32.247
-34.275
-35.06
-32.273
-34.74
-30.807
-30.365
-22.261
-17.041
-19.57
-26.765
-30.697
-30.998
-33.096
-28.53
-25.95
-19.221
-19.107
-25.92
-22.263
-24.308
-19.958
-17.81
-10.843
-6.607
-4.229
-0.089
-5.021
-5.454
-8.426
-10.269
-13.618
-16.913
-21.062
-18.64
-21.165
-25.576
-27.795
-25.263
-24.685
-18.836
-13.666
-9.949
-6.344
-7.368
-11.461
-10.652
-16.829
-21.818
-24.216
-28.912
-22.861
-20.946
-23.864
-23.245
-25.79
-21.147
-17.874
-13.217
-13.142
-9.592
-9.364
-6.131
-6.925
-9.704
-12.219
-12.283
-13.996
-7.996
-5.55
-2.476
-1.891
-1.726
-2.317
-3.479
-6.049
-7.117
-7.894
-8.266
-10.622
-10.238
-11.92
-10.03
-10.765
-6.055
-7.7
-13.244
-12.11
-10.688
-15.88
-17.807
-14.519
-15.444
-19.668
-18.082
-16.615
-20.552
-24.097
-18.629
-19.048
-24.162
-22.115
-19.034
-19.518
-6.709
-11.449
-13.083
-19.348
-19.827
-25.596
-24.919
-24.309
-22.724
-26.643
-30.268
-31.083
-29.919
-27.069
-22.642
-18.545
-14.133
-15.93
-15.554
-20.794
-20.374
-22.92
-23.279
-25.083
-23.253
-18.87
-14.03
-13.511
-13.791
-14.13
-15.748
-14.063
-13.845
-10.514
-6.798
-4.535
-3.096
-1.222
-0.726
-0.056
-1.207
-1.78
-6.36
-7.597
-10.083
-11.635
-7.033
-4.512
-0.474
-3.013
-2.424
-2.547
-3.017
-2.795
-3.891
-4.211
-4.059
-3.745
-6.064
-7.572
-5.467
-8.04
-14.807
-12.148
-9.985
-15.347
-15.692
-13.26
-14.482
-20.043
-17.481
-4.316
-5.082
-7.06
-6.174
-7.174
-9.379
-9.149
-7.994
-8.834
-11.167
-10.542
-11.997
-16.558
-16.65
-15.89
-18.182
-21.42
-19.121
-18.974
-22.371
-21.478
-21.47
-23.908
-26.927
-25.392
-24.573
-28.557
-28.585
-23.474
-23.878
-25.878
-21.078
-20.278
-21.897
-21.231
-19.045
-18.734
-21.64
-17.905
-15.806
-16.932
-15.579
-13.217
-13.928
-16.64
-13.147
-10.505
-12.062
-13.805
-12.327
-11.005
-12.112
-15.289
-11.624
-13.253
-14.957
-12.981
-11.532
-10.085
-9.982
-8.906
-6.41
-5.381
-4.571
-3.286
-3.292
-3.251
-1.902
-3.71
-5.967
-5.266
-6.339
-7.558
-10.044
-15.065
-14.842
-11.737
-16.453
-16.885
-14.944
-19.104
-18.136
-19.961
-21.672
-24.116
-24.514
-22.297
-20.819
-22.461
-23.575
-23.517
-21.634
-22.29
-21.178
-18.055
-18.479
-17.167
-15.461
-13.661
-13.211
-9.789
-11.702
-14.999
-11.662
-8.532
-11.486
-10
-6.025
-3.911
-7.385
-7.169
-9.35
-5.223
-2.723
-5.737
-10.418
-8.3
-7.214
-10.928
-15.097
-11.467
-12.578
-15.862
-18.276
-20.08
-18.373
-19.846
-20.134
-21.034
-19.6
-21.771
-22.753
-20.393
-20.454
-17.673
-16.628
-14.725
-13.498
-11.076
-6.79
-6.941
-12.655
-13.667
-15.034
-15.497
-16.934
-20.245
-19.06
-18.75
-20.338
-19.197
-20.07
-20.575
-19.402
-17.555
-13.805
-18.232
-18.304
-19.84
-22.451
-23.572
-30.502
-34.66
-35.759
-36.146
-32.598
-28.639
-26.104
-25.549
-26.149
-30.012
-30.913
-31.497
-30.536
-31.196
-25.727
-24.26
-26.875
-27.632
-26.73
-28.172
-27.68
-27.734
-29.997
-29.963
-31.577
-31.178
-29.514
-27.25
-24.265
-23.612
-19.559
-21.095
-21.656
-21.508
-17.887
-15.731
-13.248
-11.997
-14.582
-17.805
-21.103
-22.398
-25.501
-27.942
-31.529
-32.345
-31.602
-33.743
-34.868
-32.629
-28.303
-25.2
-20.926
-25.945
-24.2
-18.855
-24.008
-25.818
-20.098
-19.772
-20.977
-17.087
-15.404
-12.178
-14.307
-19.561
-20.728
-22.327
-24.827
-23.486
-22.503
-20.368
-20.351
-16.854
-18.881
-26.044
-32.192
-35.083
-34.617
-32.014
-34.16
-30.898
-29.342
-21.473
-16.684
-18.918
-26.665
-31.661
-30.557
-31.817
-28.334
-25.121
-21.61
-19.723
-25.702
-22.364
-23.656
-18.838
-17.277
-10.503
-6.5
-4.181
-0.333
-4.661
-5.085
-8.429
-10.203
-13.522
-16.045
-20.964
-18.162
-21.018
-25.418
-27.526
-25.172
-24.243
-18.231
-12.132
-10.06
-6.773
-7.198
-11.444
-10.928
-16.306
-21.585
-23.434
-28.887
-22.6
-20.962
-23.402
-22.587
-25.082
-20.759
-18.989
-14.601
-13.009
-10.377
-9.483
-7.031
-6.152
-9.702
-11.74
-11.568
-13.274
-7.654
-5.695
-2.501
-1.679
-1.206
-2.498
-4.126
-6.134
-7.696
-8.61
-8.492
-11.35
-10.027
-11.757
-10.067
-11.229
-6.136
-7.672
-13.218
-12.038
-10.306
-15.898
-17.433
-14.615
-15.238
-20.013
-18.06
-15.894
-20.104
-24.144
-18.703
-19.247
-23.842
-21.991
-19.326
-19.921
-7.35
-11.391
-13.057
-19.862
-21.154
-25.343
-25.525
-24.357
-22.38
-26.693
-30.911
-31.278
-29.729
-27.336
-22.552
-19.142
-14.665
-16.137
-15.924
-20.943
-20.714
-21.811
-22.894
-25.175
-23.464
-18.917
-14.119
-14.185
-14.177
-14.217
-16.069
-14.098
-14.132
-10.859
-7.055
-4.678
-3.4
-1.522
-0.625
-0.881
-2.971
-2.586
-6.937
-7.858
-10.351
-11.71
-7.562
-5.231
-1.214
-2.79
-2.351
-3.127
-2.507
-2.289
-4.152
-4.216
-4.31
-3.372
-6.994
-7.602
-6
-8.502
-13.96
-12.253
-10.49
-15.206
-15.382
-14.342
-13.732
-19.501
-17.375
-3.844
-5.973
-7.56
-5.813
-7.381
-9.21
-8.783
-8.179
-10.31
-12.111
-11.437
-12.855
-18.15
-17.212
-16.452
-18.193
-20.51
-19.233
-18.924
-22.642
-22.28
-21.316
-24.22
-26.81
-24.649
-24.663
-28.386
-28.483
-23.314
-24.265
-25.849
-21.074
-20.672
-22.076
-21.825
-19.302
-19.413
-21.344
-18.158
-16.057
-16.728
-16.014
-12.448
-14.189
-15.655
-12.793
-10.445
-12.223
-14.235
-12.139
-10.85
-11.662
-15.001
-11.741
-12.727
-14.467
-13.056
-11.831
-10.229
-10.715
-9.286
-5.801
-5.332
-4.289
-3.715
-2.99
-3.429
-2.526
-3.671
-5.933
-5.212
-6.096
-7.286
-10.217
-14.996
-14.205
-11.829
-17.191
-17.379
-15.671
-19.48
-18.511
-19.655
-21.877
-24.246
-23.683
-22.14
-21.081
-22.027
-23.36
-24.077
-21.92
-21.165
-22.104
-18.914
-18.436
-17.098
-16.38
-14.619
-13.299
-9.586
-12.098
-15.476
-12.007
-9.138
-11.824
-11.104
-6.359
-4.885
-8.267
-6.821
-9.214
-5.429
-2.767
-5.911
-9.897
-8.429
-7.339
-11.631
-15.646
-12.49
-12.621
-15.861
-19.065
-20.146
-18.398
-19.692
-21.321
-21.327
-19.694
-21.976
-23.395
-20.922
-20.214
-17.685
-16.711
-14.946
-13.715
-10.604
-6.907
-6.894
-12.357
-13.688
-14.321
-16.594
-16.669
-19.698
-18.389
-18.607
-20.41
-19.047
-20.052
-21.333
-19.671
-17.739
-14.833
-18.371
-18.28
-20.29
-22.708
-23.28
-28.848
-34.077
-35.214
-36.968
-33.194
-29.315
-27.238
-25.103
-24.461
-29.202
-29.273
-31.177
-30.486
-31.12
-25.76
-23.857
-26.705
-27.408
-26.8
-29.359
-28.286
-27.787
-30.575
-30.792
-32.355
-32.268
-29.609
-26.381
-23.192
-21.646
-20.903
-19.945
-22.26
-19.797
-17.776
-15.925
-12.898
-11.992
-14.753
-17.819
-21.23
-22.93
-25.702
-28.8
-32.664
-32.922
-33.5
-34.898
-35.626
-33.495
-29.197
-24.676
-20.723
-26.357
-24.721
-19.351
-25.848
-26.086
-20.072
-19.566
-21.571
-16.026
-14.172
-13.493
-15.664
-20.21
-19.921
-22.416
-24.62
-24.184
-21.292
-19.444
-21.063
-18.219
-19.042
-26.057
-32.528
-34.397
-34.792
-32.211
-34.181
-30.039
-30.306
-21.471
-16.791
-19.021
-26.743
-30.384
-30.457
-33.18
-28.828
-26.287
-22.125
-20.339
-25.666
-22.134
-24.263
-19.142
-17.105
-9.921
-6.435
-4.158
-0.294
-4.82
-5.198
-7.971
-10.427
-13.965
-15.764
-21.125
-18.322
-21.107
-25.959
-28.057
-24.971
-25.004
-18.323
-12.549
-10.153
-6.472
-7.706
-10.889
-10.59
-16.331
-20.829
-22.097
-28.072
-22.495
-19.466
-23.011
-22.971
-25.653
-21.81
-18.791
-13.177
-12.458
-9.845
-9.615
-6.456
-7.011
-9.208
-11.695
-11.893
-13.721
-8.053
-5.759
-2.369
-1.69
-1.36
-2.312
-3.776
-5.573
-8.078
-7.923
-9.079
-10.52
-10.033
-12.124
-10.407
-11.268
-6.161
-7.627
-13.117
-11.315
-10.649
-15.977
-17.75
-14.698
-15.395
-20.125
-18.164
-16.338
-20.584
-24.133
-18.144
-18.94
-23.926
-22.256
-19.358
-20.11
-6.96
-12.659
-13.142
-18.16
-19.285
-24.05
-24.128
-22.862
-21.413
-26.525
-27.609
-30.328
-29.379
-26.384
-20.736
-17.752
-13.618
-15.66
-14.37
-16.542
-17.45
-20.688
-23.24
-23.321
-23.702
-23.089
-20.895
-21.642
-22.155
-23.988
-22.444
-23.437
-21.035
-17.615
-17.191
-9.543
-7.263
-5.249
-3.793
-3.543
-1.467
-1.479
-2.645
-2.091
-2.356
-3.562
-4.575
-5.243
-4.74
-4.527
-4.192
-5.423
-4.703
-4.049
-5.804
-6.878
-7.522
-7.452
-9.157
-10.74
-7.831
-10.957
-13.56
-13.66
-10.457
-13.063
-16.208
-13.052
-15.662
-17.993
-17.909
-20.731
-15.983
-16.012
-18.901
-14.918
-10.793
-9.772
-12.756
-14.801
-19.986
-16.413
-15.19
-21.499
-19.295
-16.003
-17.634
-18.263
-15.773
-12.872
-13.225
-16.187
-16.653
-18.795
-17.057
-17.431
-13.832
-13.394
-9.402
-10.012
-9.297
-11.564
-14.256
-17.9
-19.192
-21.873
-21.031
-20.557
-20.38
-19.372
-15.409
-13.647
-9.907
-7.329
-7.497
-6.341
-4.987
-3.314
-4.621
-6.478
-4.117
-2.88
-3.396
-4.445
-0.874
-1.773
-1.658
-2.715
-3.453
-3.356
-3.878
-5.91
-6.411
-5.463
-6.617
-6.801
-6.466
-7.466
-6.616
-4.454
-5.85
-8.523
-8.149
-10.131
-9.791
-13.881
-15.092
-13.39
-14.604
-17.205
-17.271
-16.677
-19.159
-20.805
-19.73
-19.984
-19.79
-21.345
-21.676
-23.249
-22.507
-24.202
-20.801
-21.57
-18.502
-19.256
-17.624
-18.387
-20.364
-17.274
-14.959
-11.69
-16.832
-22.019
-16.327
-16.082
-20.057
-18.114
-12.738
-13.369
-15.435
-11.665
-9.805
-7.576
-7.02
-8.002
-12.736
-12.475
-10.468
-14.387
-17.018
-14.131
-12.485
-16.68
-18.862
-20.056
-19.668
-20.822
-20.576
-20.396
-20.708
-24.029
-27.088
-25.23
-23.106
-24.686
-21.425
-20.059
-19.815
-15.829
-13.077
-13.271
-19.326
-22.315
-23.091
-22.061
-23.112
-25.888
-23.906
-24.584
-23.044
-21.581
-20.093
-17.421
-15.725
-14.083
-11.472
-13.647
-15.971
-19.513
-20.65
-23.896
-29.102
-30.234
-31.108
-29.824
-28.188
-27.963
-23.961
-20.528
-20.899
-24.268
-27.416
-24.871
-28.48
-26.429
-26.023
-24.227
-23.727
-22.358
-18.615
-20.614
-17.208
-16.654
-19.353
-21.652
-26.127
-28.078
-26.98
-25.126
-20.263
-21.7
-18.83
-18.09
-18.384
-18.621
-17.006
-15.97
-13.112
-12.124
-14.606
-16.918
-19.029
-22.931
-23.102
-23.594
-26.437
-27.444
-28.376
-29.547
-29.472
-25.979
-20.604
-17.146
-14.464
-21.443
-19.532
-15.57
-20.325
-23.638
-17.785
-15.727
-18.26
-12.64
-10.136
-9.691
-9.737
-14.596
-16.817
-19.772
-23.304
-22.264
-19.388
-20.322
-18.229
-18.591
-20.815
-23.118
-27.579
-28.485
-28.212
-28.126
-28.992
-25.047
-24.89
-20.743
-17.174
-17.804
-21.65
-27.738
-25.468
-27.404
-25.091
-24.556
-20.047
-18.811
-23.177
-20.728
-23.803
-18.675
-16.807
-11.854
-8.563
-9.325
-5.595
-3.248
-7.186
-8.537
-9.378
-13.759
-16.448
-20.773
-19.762
-20.851
-25.289
-27.147
-24.353
-23.45
-18.001
-13.134
-11.722
-8.873
-8.075
-10.938
-13.856
-19.641
-20.854
-24.383
-27.676
-27.066
-25.329
-26.555
-24.784
-23.99
-21.488
-18.716
-17.611
-15.616
-13.078
-8.008
-5.818
-7.607
-12.658
-13.13
-16.738
-16.655
-17.098
-15.623
-17.187
-20.346
-18.221
-19.744
-13.67
-12.079
-12.63
-10.988
-11.885
-9.876
-11.364
-15.342
-16.723
-16.347
-18.829
-17.445
-17.776
-17.624
-17.832
-18.939
-17.11
-13.928
-14.649
-15.579
-12.54
-11.714
-13.156
-10.779
-7.699
-9.901
-10.432
-7.602
-6.794
-7.494
-6.91
-12.701
-13.664
-18.419
-20.387
-24.754
-24.386
-23.203
-21.604
-26.225
-27.696
-29.574
-29.053
-26.615
-21.01
-17.451
-13.169
-15.016
-14.397
-15.729
-17.174
-20.929
-23.437
-22.726
-23.684
-22.268
-19.485
-21.819
-23.517
-23.989
-23.17
-23.037
-20.353
-17.542
-15.968
-9.74
-7.293
-5.641
-3.331
-5.228
-2.59
-0.982
-2.558
-2.305
-2.489
-2.638
-4.146
-5.281
-4.097
-4.016
-3.956
-4.805
-5.282
-4.213
-6.557
-7.315
-7.739
-6.564
-8.909
-11.573
-7.913
-10.204
-13.226
-14.132
-10.013
-13.131
-15.218
-12.311
-16.039
-18.379
-18.284
-21.375
-15.218
-15.182
-19.342
-14.271
-11.549
-11.261
-13.009
-15.344
-20.915
-16.837
-15.485
-21.565
-19.16
-15.609
-17.575
-18.47
-15.88
-11.812
-13.527
-15.138
-17.529
-19.058
-18.184
-17.355
-13.447
-12.737
-8.382
-9.772
-8.697
-13.101
-14.111
-17.719
-19.351
-22.931
-21.235
-20.215
-19.326
-18.461
-15.347
-12.521
-9.704
-6.853
-6.728
-6.803
-5.313
-3.455
-4.783
-6.116
-4.87
-2.847
-2.267
-3.61
-1.482
-1.786
-2.25
-3.022
-3.258
-3.48
-4.135
-4.837
-6.818
-6.353
-6.781
-6.738
-6.827
-8.081
-5.897
-4.895
-5.019
-8.452
-8.732
-10.288
-10.124
-13.617
-15.521
-14.075
-13.924
-16.742
-16.221
-17.107
-19.65
-21.703
-18.897
-19.777
-19.611
-20.535
-20.941
-23.934
-22.217
-23.722
-20.41
-21.907
-18.775
-18.112
-16.59
-19.194
-21.343
-17.867
-14.444
-12.115
-16.578
-21.631
-16.573
-15.187
-20.094
-17.645
-12.972
-12.791
-14.3
-10.85
-8.603
-7.27
-6.702
-7.678
-13.567
-12.55
-9.954
-13.838
-16.799
-13.463
-14.279
-16.406
-18.398
-19.128
-19.34
-19.987
-20.025
-20.458
-21.23
-24.17
-25.38
-25.572
-23.206
-24.096
-21.936
-19.831
-18.664
-15.437
-12.191
-13.346
-19.431
-21.424
-23.338
-22.546
-23.007
-25.87
-23.867
-24.037
-22.925
-20.991
-19.708
-17.048
-16.036
-13.925
-11.365
-13.413
-15.626
-19.584
-21.116
-23.474
-29.142
-29.973
-31.34
-30.252
-28.199
-28.209
-25.248
-20.937
-20.925
-24.217
-26.822
-25.417
-27.933
-26.738
-26.236
-23.791
-23.936
-22.256
-18.597
-20.466
-17.235
-16.488
-19.202
-21.557
-24.842
-27.626
-24.498
-24.774
-19.493
-21.847
-17.796
-17.727
-18.945
-18.558
-17.259
-16.823
-14.428
-13.202
-15.644
-16.695
-19.21
-22.114
-23.798
-23.599
-25.754
-26.771
-27.959
-28.701
-29.102
-25.48
-20.698
-16.982
-13.87
-21.406
-19.481
-15.733
-20.372
-22.697
-18.245
-16.285
-18.415
-12.317
-10.388
-9.433
-9.388
-14.6
-17.043
-18.778
-22.377
-21.872
-19.855
-19.4
-17.589
-18.149
-20.699
-23.852
-28.053
-28.354
-28.366
-28.483
-29.71
-25.695
-24.807
-21.849
-17.837
-18.044
-21.146
-27.048
-24.783
-27.78
-26.314
-24.313
-20.341
-18.231
-23.111
-20.362
-24.045
-19.161
-17.907
-12.713
-11.684
-10.574
-7.281
-4.668
-8.183
-8.96
-9.153
-13.524
-15.522
-20.516
-19.73
-20.595
-24.23
-26.715
-24.62
-22.634
-17.821
-14.047
-13.315
-9.59
-8.737
-13.725
-16.343
-21.727
-22.422
-24.831
-27.742
-27.812
-26.148
-26.766
-26.159
-25.348
-24.717
-20.844
-19.637
-16.971
-15.187
-8.9
-6.707
-7.988
-13.413
-13.421
-17.81
-17.494
-17.642
-16.065
-17.359
-19.832
-18.149
-19.755
-14.079
-12.165
-11.654
-11.004
-11.842
-8.785
-11.407
-14.302
-15.728
-17.146
-19.568
-16.195
-17.934
-17.582
-16.397
-18.539
-15.814
-14.404
-14.249
-14.196
-11.644
-11.8
-12.767
-10.49
-7.886
-9.674
-10.158
-9.053
-6.945
-7.009
-7.099
-12.957
-13.383
-17.569
-20.062
-24.342
-23.885
-22.77
-21.636
-26.557
-27.54
-29.418
-28.777
-26.505
-20.541
-17.424
-13.804
-15.492
-14.214
-16.207
-17.432
-20.476
-23.57
-22.383
-23.049
-21.7
-19.159
-20.924
-22.725
-24.45
-23.429
-23.107
-20.996
-17.872
-16.51
-9.516
-7.196
-4.516
-3.749
-2.106
-1.393
-1.579
-2.855
-1.28
-2.185
-2.859
-3.804
-4.752
-4.744
-4.114
-4.316
-5.195
-5.566
-3.95
-5.889
-7.126
-7.654
-7.026
-9.186
-11.307
-8.802
-10.091
-13.453
-14.488
-10.07
-13.417
-15.949
-12.714
-15.997
-18.358
-18.173
-21.291
-17.966
-15.952
-19.296
-15.134
-12.013
-10.777
-12.662
-15.362
-20.203
-16.044
-15.697
-21.324
-19.062
-15.031
-17.64
-17.846
-15.728
-12.273
-12.449
-15.121
-17.17
-19.382
-17.868
-18.149
-14.746
-14.362
-9.17
-10.594
-9.11
-12.437
-14.687
-18.182
-19.505
-22.548
-20.746
-20.145
-19.992
-18.936
-14.995
-13.791
-10.32
-7.795
-7.446
-6.938
-5.792
-4.141
-4.64
-6.217
-4.404
-2.572
-3.087
-3.341
-1.065
-2.356
-2.605
-3.384
-4.012
-3.455
-4.017
-4.725
-6.865
-5.869
-6.241
-5.651
-6.057
-7.23
-5.635
-5.145
-5.576
-8.21
-8.414
-10.598
-9.573
-14.013
-15.28
-13.484
-14.661
-16.674
-16.963
-17.503
-18.17
-22.211
-18.975
-20.467
-18.8
-20.71
-20.466
-23.267
-22.198
-24.225
-20.017
-21.901
-19.127
-18.939
-17.223
-20.574
-21.381
-16.679
-14.334
-12.076
-15.841
-20.262
-14.84
-13.954
-19.901
-16.438
-12.002
-13.157
-14.268
-10.746
-8.946
-6.949
-6.722
-7.915
-12.988
-12.826
-10.618
-14.711
-16.964
-14.604
-13.44
-17.111
-19.149
-20.569
-19.754
-21.37
-21.404
-20.765
-20.209
-23.887
-26.252
-25.41
-22.647
-22.959
-21.857
-19.697
-19.098
-15.789
-13.451
-13.529
-19.603
-21.326
-23.197
-22.907
-24.175
-25.969
-22.721
-24.322
-22.938
-21.152
-19.129
-16.801
-15.631
-14.027
-11.823
-14.018
-15.586
-19.526
-20.456
-23.285
-28.532
-29.902
-30.734
-30.142
-28.297
-27.832
-24.008
-20.604
-20.604
-24.603
-26.626
-25.1
-28.072
-26.463
-25.748
-23.569
-23.746
-21.327
-18.49
-20.321
-17.398
-15.748
-19.417
-21.6
-24.354
-27.861
-25.335
-24.598
-18.852
-20.965
-17.9
-17.942
-17.889
-18.275
-17.308
-16.9
-14.571
-13.767
-15.385
-17.106
-18.958
-22.53
-23.364
-23.683
-26.037
-26.771
-28.053
-28.559
-29.124
-25.842
-20.806
-15.784
-14.562
-20.878
-18.49
-14.483
-19.366
-22.282
-18.679
-16.465
-18.716
-12.141
-11.291
-8.827
-9.65
-14.236
-16.931
-19.598
-22.918
-22.132
-19.771
-19.513
-17.784
-17.467
-21.069
-23.182
-27.796
-28.483
-28.368
-28.18
-28.582
-26.513
-24.027
-20.796
-16.758
-17.397
-20.326
-27.277
-25.369
-27.957
-26.579
-24.499
-20.376
-19.154
-23.167
-20.893
-23.992
-19.558
-17.105
-12.21
-9.741
-8.751
-5.551
-3.663
-7.233
-8.954
-9.308
-13.047
-15.979
-20.122
-19.597
-21.505
-25.186
-27.168
-24.672
-23.269
-17.075
-12.944
-12.576
-9.667
-9.095
-11.664
-14.638
-19.972
-21.42
-24.314
-27.322
-27.331
-25.399
-25.813
-24.99
-24.467
-22.006
-19.279
-18.226
-15.441
-13.592
-9.171
-6.072
-7.175
-12.392
-13.259
-17.707
-17.079
-17.839
-15.919
-16.959
-20.448
-17.96
-18.616
-13.859
-12.401
-10.376
-10.272
-10.908
-8.366
-10.336
-14.32
-15.235
-16.799
-17.032
-17.883
-16.459
-17.669
-17.779
-19.484
-16.934
-14.916
-14.543
-14.064
-11.149
-11.288
-13.028
-10.476
-7.887
-10.7
-11.027
-7.517
-6.443
-6.571
