0 -6.206
0 -11.354
0 -12.879
0 -19.674
0 -21.472
0 -25.766
0 -24.981
0 -24.136
0 -23.294
0 -28.389
0 -30.389
0 -31.046
0 -30.042
0 -28.06
0 -21.62
0 -18.522
0 -14.138
0 -16.172
0 -15.823
0 -20.562
0 -20.641
0 -21.983
0 -23.308
1 -24.555
0 -23.39
0 -18.697
0 -14.519
0 -14.087
0 -14.002
0 -13.703
0 -15.237
0 -14.348
0 -13.901
0 -10.546
0 -7.111
0 -4.699
0 -3.06
0 -1.437
0 -0.53
0 -0.929
0 -2.997
0 -1.954
0 -6.997
0 -7.651
0 -10.408
0 -11.338
0 -7.521
0 -5.407
0 -1.234
0 -3.095
0 -2.753
0 -2.983
0 -2.925
0 -1.524
0 -3.932
0 -4.025
0 -4.432
0 -4.237
0 -7.682
0 -7.549
0 -5.654
0 -8.958
0 -14.793
0 -12.629
0 -10.941
0 -15.443
0 -15.752
0 -13.128
0 -13.142
0 -19.707
0 -15.258
0 -4.003
0 -4.341
0 -5.899
0 -5.924
0 -7.285
0 -9.298
0 -8.93
0 -8.289
0 -9.386
0 -11.677
0 -11.641
0 -12.943
0 -18.009
0 -17.466
1 -16.764
1 -18.787
0 -21.019
1 -19.283
1 -18.826
1 -22.865
1 -22.751
1 -21.861
1 -24.345
0 -26.94
0 -25.297
0 -24.356
0 -28.8
0 -28.652
0 -23.877
0 -23.467
0 -25.88
0 -20.868
0 -19.828
1 -22.117
0 -21.55
0 -18.942
1 -19.083
0 -21.627
0 -18.474
1 -16.074
0 -16.953
0 -15.598
1 -12.201
0 -14.176
0 -16.56
0 -12.68
1 -10.022
0 -12.065
0 -14.074
0 -12.27
0 -10.759
0 -11.27
0 -14.794
0 -11.855
0 -13.509
0 -15.195
0 -13.049
0 -12.015
0 -9.977
0 -10.285
0 -9.401
0 -6.068
0 -5.045
0 -4.435
0 -3.85
0 -3.483
0 -3.114
0 -1.301
0 -3.977
0 -5.903
0 -5.358
1 -6.209
0 -6.713
0 -9.509
0 -15.004
0 -14.056
0 -10.958
0 -16.472
0 -16.296
0 -15.108
0 -18.92
0 -18.251
0 -20.016
0 -21.85
0 -23.618
0 -23.392
0 -22.082
0 -20.98
0 -22.611
0 -23.546
0 -23.942
0 -21.977
0 -22.159
0 -22.011
0 -18.356
0 -17.934
0 -17.914
0 -15.479
0 -14.477
0 -13.416
0 -9.801
0 -11.879
0 -15.209
1 -12.575
0 -8.827
0 -11.517
1 -10.372
1 -6.47
1 -4.755
0 -7.73
1 -7.204
1 -8.934
1 -4.89
1 -2.293
1 -5.012
0 -10.184
1 -8.227
1 -6.989
0 -11.201
0 -14.714
1 -11.297
0 -11.722
0 -15.402
0 -17.606
0 -20.077
0 -18.307
0 -19.508
0 -20.037
0 -20.828
0 -19.481
0 -22.215
0 -22.812
0 -20.753
0 -20.722
0 -18.046
0 -16.855
0 -15.091
0 -13.981
0 -11.12
0 -6.926
0 -6.958
0 -12.073
0 -13.429
0 -14.545
0 -15.406
0 -16.411
0 -19.763
0 -18.526
0 -19.07
0 -21.21
1 -19.55
0 -19.92
1 -20.246
0 -19.308
1 -17.534
1 -13.537
0 -18.747
0 -18.46
0 -20.04
0 -22.56
0 -24.399
0 -30.369
0 -34.45
0 -35.597
0 -37.967
0 -33.52
0 -29.502
0 -27.026
0 -25.324
0 -25.45
0 -31.768
0 -31.141
0 -32.402
0 -31.613
0 -29.862
0 -26.196
0 -22.97
0 -25.195
0 -27.291
0 -25.842
0 -28.786
0 -27.655
0 -28.132
0 -30.687
0 -30.286
0 -32.132
0 -31.146
0 -28.064
0 -25.357
0 -22.428
0 -23.079
0 -20.524
0 -21.926
0 -22.341
0 -21.96
0 -17.092
0 -15.636
0 -12.653
0 -11.471
0 -14.362
0 -18.602
0 -20.797
0 -22.802
0 -25.392
0 -29.183
0 -32.147
0 -33.114
0 -32.668
0 -33.591
0 -34.76
0 -31.294
0 -27.288
0 -23.695
0 -20.025
0 -22.774
0 -24.065
0 -19.276
0 -25.047
0 -26.069
0 -20.59
0 -19.054
0 -20.212
0 -16.12
0 -12.832
0 -12.211
0 -14.759
0 -19.084
0 -18.676
0 -21.843
0 -24.069
0 -23.839
0 -24.066
0 -18.443
0 -21.636
0 -17.132
0 -19.236
0 -25.551
0 -32.247
0 -34.275
0 -35.06
0 -32.273
0 -34.74
0 -30.807
0 -30.365
0 -22.261
0 -17.041
0 -19.57
0 -26.765
0 -30.697
0 -30.998
0 -33.096
0 -28.53
0 -25.95
0 -19.221
0 -19.107
0 -25.92
0 -22.263
0 -24.308
0 -19.958
0 -17.81
0 -10.843
0 -6.607
0 -4.229
0 -0.089
0 -5.021
0 -5.454
0 -8.426
0 -10.269
0 -13.618
0 -16.913
0 -21.062
0 -18.64
0 -21.165
0 -25.576
0 -27.795
0 -25.263
0 -24.685
0 -18.836
0 -13.666
0 -9.949
0 -6.344
0 -7.368
0 -11.461
0 -10.652
0 -16.829
0 -21.818
0 -24.216
0 -28.912
0 -22.861
0 -20.946
0 -23.864
0 -23.245
0 -25.79
0 -21.147
0 -17.874
0 -13.217
0 -13.142
0 -9.592
0 -9.364
0 -6.131
0 -6.925
0 -9.704
0 -12.219
0 -12.283
0 -13.996
0 -7.996
0 -5.55
0 -2.476
0 -1.891
0 -1.726
0 -2.317
0 -3.479
0 -6.049
0 -7.117
0 -7.894
0 -8.266
0 -10.622
0 -10.238
0 -11.92
0 -10.03
0 -10.765
0 -6.055
0 -7.7
0 -13.244
0 -12.11
0 -10.688
0 -15.88
0 -17.807
0 -14.519
0 -15.444
0 -19.668
0 -18.082
0 -16.615
0 -20.552
0 -24.097
0 -18.629
0 -19.048
0 -24.162
0 -22.115
0 -19.034
0 -19.518
0 -6.709
0 -11.449
0 -13.083
0 -19.348
0 -19.827
0 -25.596
0 -24.919
0 -24.309
0 -22.724
0 -26.643
0 -30.268
0 -31.083
0 -29.919
0 -27.069
0 -22.642
0 -18.545
0 -14.133
0 -15.93
0 -15.554
0 -20.794
0 -20.374
0 -22.92
0 -23.279
1 -25.083
0 -23.253
0 -18.87
0 -14.03
0 -13.511
0 -13.791
0 -14.13
0 -15.748
0 -14.063
0 -13.845
0 -10.514
0 -6.798
0 -4.535
0 -3.096
0 -1.222
0 -0.726
0 -0.056
0 -1.207
0 -1.78
0 -6.36
0 -7.597
0 -10.083
0 -11.635
0 -7.033
0 -4.512
0 -0.474
0 -3.013
0 -2.424
0 -2.547
0 -3.017
0 -2.795
0 -3.891
0 -4.211
0 -4.059
0 -3.745
0 -6.064
0 -7.572
0 -5.467
0 -8.04
0 -14.807
0 -12.148
0 -9.985
0 -15.347
0 -15.692
0 -13.26
0 -14.482
0 -20.043
0 -17.481
0 -4.316
0 -5.082
0 -7.06
0 -6.174
0 -7.174
0 -9.379
0 -9.149
0 -7.994
0 -8.834
0 -11.167
0 -10.542
0 -11.997
0 -16.558
0 -16.65
1 -15.89
1 -18.182
0 -21.42
1 -19.121
1 -18.974
1 -22.371
1 -21.478
1 -21.47
1 -23.908
0 -26.927
0 -25.392
0 -24.573
0 -28.557
0 -28.585
0 -23.474
0 -23.878
0 -25.878
0 -21.078
0 -20.278
1 -21.897
0 -21.231
0 -19.045
1 -18.734
0 -21.64
0 -17.905
1 -15.806
0 -16.932
0 -15.579
1 -13.217
0 -13.928
0 -16.64
0 -13.147
1 -10.505
0 -12.062
0 -13.805
0 -12.327
0 -11.005
0 -12.112
0 -15.289
0 -11.624
0 -13.253
0 -14.957
0 -12.981
0 -11.532
0 -10.085
0 -9.982
0 -8.906
0 -6.41
0 -5.381
0 -4.571
0 -3.286
0 -3.292
0 -3.251
0 -1.902
0 -3.71
0 -5.967
0 -5.266
1 -6.339
0 -7.558
0 -10.044
0 -15.065
0 -14.842
0 -11.737
0 -16.453
0 -16.885
0 -14.944
0 -19.104
0 -18.136
0 -19.961
0 -21.672
0 -24.116
0 -24.514
0 -22.297
0 -20.819
0 -22.461
0 -23.575
0 -23.517
0 -21.634
0 -22.29
0 -21.178
0 -18.055
0 -18.479
0 -17.167
0 -15.461
0 -13.661
0 -13.211
0 -9.789
0 -11.702
0 -14.999
1 -11.662
0 -8.532
0 -11.486
1 -10
1 -6.025
1 -3.911
0 -7.385
1 -7.169
1 -9.35
1 -5.223
1 -2.723
1 -5.737
0 -10.418
1 -8.3
1 -7.214
0 -10.928
0 -15.097
1 -11.467
0 -12.578
0 -15.862
0 -18.276
0 -20.08
0 -18.373
0 -19.846
0 -20.134
0 -21.034
0 -19.6
0 -21.771
0 -22.753
0 -20.393
0 -20.454
0 -17.673
0 -16.628
0 -14.725
0 -13.498
0 -11.076
0 -6.79
0 -6.941
0 -12.655
0 -13.667
0 -15.034
0 -15.497
0 -16.934
0 -20.245
0 -19.06
0 -18.75
0 -20.338
1 -19.197
0 -20.07
1 -20.575
0 -19.402
1 -17.555
1 -13.805
0 -18.232
0 -18.304
0 -19.84
0 -22.451
0 -23.572
0 -30.502
0 -34.66
0 -35.759
0 -36.146
0 -32.598
0 -28.639
0 -26.104
0 -25.549
0 -26.149
0 -30.012
0 -30.913
0 -31.497
0 -30.536
0 -31.196
0 -25.727
0 -24.26
0 -26.875
0 -27.632
0 -26.73
0 -28.172
0 -27.68
0 -27.734
0 -29.997
0 -29.963
0 -31.577
0 -31.178
0 -29.514
0 -27.25
0 -24.265
0 -23.612
0 -19.559
0 -21.095
0 -21.656
0 -21.508
0 -17.887
0 -15.731
0 -13.248
0 -11.997
0 -14.582
0 -17.805
0 -21.103
0 -22.398
0 -25.501
0 -27.942
0 -31.529
0 -32.345
0 -31.602
0 -33.743
0 -34.868
0 -32.629
0 -28.303
0 -25.2
0 -20.926
0 -25.945
0 -24.2
0 -18.855
0 -24.008
0 -25.818
0 -20.098
0 -19.772
0 -20.977
0 -17.087
0 -15.404
0 -12.178
0 -14.307
0 -19.561
0 -20.728
0 -22.327
0 -24.827
0 -23.486
0 -22.503
0 -20.368
0 -20.351
0 -16.854
0 -18.881
0 -26.044
0 -32.192
0 -35.083
0 -34.617
0 -32.014
0 -34.16
0 -30.898
0 -29.342
0 -21.473
0 -16.684
0 -18.918
0 -26.665
0 -31.661
0 -30.557
0 -31.817
0 -28.334
0 -25.121
0 -21.61
0 -19.723
0 -25.702
0 -22.364
0 -23.656
0 -18.838
0 -17.277
0 -10.503
0 -6.5
0 -4.181
0 -0.333
0 -4.661
0 -5.085
0 -8.429
0 -10.203
0 -13.522
0 -16.045
0 -20.964
0 -18.162
0 -21.018
0 -25.418
0 -27.526
0 -25.172
0 -24.243
0 -18.231
0 -12.132
0 -10.06
0 -6.773
0 -7.198
0 -11.444
0 -10.928
0 -16.306
0 -21.585
0 -23.434
0 -28.887
0 -22.6
0 -20.962
0 -23.402
0 -22.587
0 -25.082
0 -20.759
0 -18.989
0 -14.601
0 -13.009
0 -10.377
0 -9.483
0 -7.031
0 -6.152
0 -9.702
0 -11.74
0 -11.568
0 -13.274
0 -7.654
0 -5.695
0 -2.501
0 -1.679
0 -1.206
0 -2.498
0 -4.126
0 -6.134
0 -7.696
0 -8.61
0 -8.492
0 -11.35
0 -10.027
0 -11.757
0 -10.067
0 -11.229
0 -6.136
0 -7.672
0 -13.218
0 -12.038
0 -10.306
0 -15.898
0 -17.433
0 -14.615
0 -15.238
0 -20.013
0 -18.06
0 -15.894
0 -20.104
0 -24.144
0 -18.703
0 -19.247
0 -23.842
0 -21.991
0 -19.326
0 -19.921
0 -7.35
0 -11.391
0 -13.057
0 -19.862
0 -21.154
0 -25.343
0 -25.525
0 -24.357
0 -22.38
0 -26.693
0 -30.911
0 -31.278
0 -29.729
0 -27.336
0 -22.552
0 -19.142
0 -14.665
0 -16.137
0 -15.924
0 -20.943
0 -20.714
0 -21.811
0 -22.894
1 -25.175
0 -23.464
0 -18.917
0 -14.119
0 -14.185
0 -14.177
0 -14.217
0 -16.069
0 -14.098
0 -14.132
0 -10.859
0 -7.055
0 -4.678
0 -3.4
0 -1.522
0 -0.625
0 -0.881
0 -2.971
0 -2.586
0 -6.937
0 -7.858
0 -10.351
0 -11.71
0 -7.562
0 -5.231
0 -1.214
0 -2.79
0 -2.351
0 -3.127
0 -2.507
0 -2.289
0 -4.152
0 -4.216
0 -4.31
0 -3.372
0 -6.994
0 -7.602
0 -6
0 -8.502
0 -13.96
0 -12.253
0 -10.49
0 -15.206
0 -15.382
0 -14.342
0 -13.732
0 -19.501
0 -17.375
0 -3.844
0 -5.973
0 -7.56
0 -5.813
0 -7.381
0 -9.21
0 -8.783
0 -8.179
0 -10.31
0 -12.111
0 -11.437
0 -12.855
0 -18.15
0 -17.212
1 -16.452
1 -18.193
0 -20.51
1 -19.233
1 -18.924
1 -22.642
1 -22.28
1 -21.316
1 -24.22
0 -26.81
0 -24.649
0 -24.663
0 -28.386
0 -28.483
0 -23.314
0 -24.265
0 -25.849
0 -21.074
0 -20.672
1 -22.076
0 -21.825
0 -19.302
1 -19.413
0 -21.344
0 -18.158
1 -16.057
0 -16.728
0 -16.014
1 -12.448
0 -14.189
0 -15.655
0 -12.793
1 -10.445
0 -12.223
0 -14.235
0 -12.139
0 -10.85
0 -11.662
0 -15.001
0 -11.741
0 -12.727
0 -14.467
0 -13.056
0 -11.831
0 -10.229
0 -10.715
0 -9.286
0 -5.801
0 -5.332
0 -4.289
0 -3.715
0 -2.99
0 -3.429
0 -2.526
0 -3.671
0 -5.933
0 -5.212
1 -6.096
0 -7.286
0 -10.217
0 -14.996
0 -14.205
0 -11.829
0 -17.191
0 -17.379
0 -15.671
0 -19.48
0 -18.511
0 -19.655
0 -21.877
0 -24.246
0 -23.683
0 -22.14
0 -21.081
0 -22.027
0 -23.36
0 -24.077
0 -21.92
0 -21.165
0 -22.104
0 -18.914
0 -18.436
0 -17.098
0 -16.38
0 -14.619
0 -13.299
0 -9.586
0 -12.098
0 -15.476
1 -12.007
0 -9.138
0 -11.824
1 -11.104
1 -6.359
1 -4.885
0 -8.267
1 -6.821
1 -9.214
1 -5.429
1 -2.767
1 -5.911
0 -9.897
1 -8.429
1 -7.339
0 -11.631
0 -15.646
1 -12.49
0 -12.621
0 -15.861
0 -19.065
0 -20.146
0 -18.398
0 -19.692
0 -21.321
0 -21.327
0 -19.694
0 -21.976
0 -23.395
0 -20.922
0 -20.214
0 -17.685
0 -16.711
0 -14.946
0 -13.715
0 -10.604
0 -6.907
0 -6.894
0 -12.357
0 -13.688
0 -14.321
0 -16.594
0 -16.669
0 -19.698
0 -18.389
0 -18.607
0 -20.41
1 -19.047
0 -20.052
1 -21.333
0 -19.671
1 -17.739
1 -14.833
0 -18.371
0 -18.28
0 -20.29
0 -22.708
0 -23.28
0 -28.848
0 -34.077
0 -35.214
0 -36.968
0 -33.194
0 -29.315
0 -27.238
0 -25.103
0 -24.461
0 -29.202
0 -29.273
0 -31.177
0 -30.486
0 -31.12
0 -25.76
0 -23.857
0 -26.705
0 -27.408
0 -26.8
0 -29.359
0 -28.286
0 -27.787
0 -30.575
0 -30.792
0 -32.355
0 -32.268
0 -29.609
0 -26.381
0 -23.192
0 -21.646
0 -20.903
0 -19.945
0 -22.26
0 -19.797
0 -17.776
0 -15.925
0 -12.898
0 -11.992
0 -14.753
0 -17.819
0 -21.23
0 -22.93
0 -25.702
0 -28.8
0 -32.664
0 -32.922
0 -33.5
0 -34.898
0 -35.626
0 -33.495
0 -29.197
0 -24.676
0 -20.723
0 -26.357
0 -24.721
0 -19.351
0 -25.848
0 -26.086
0 -20.072
0 -19.566
0 -21.571
0 -16.026
0 -14.172
0 -13.493
0 -15.664
0 -20.21
0 -19.921
0 -22.416
0 -24.62
0 -24.184
0 -21.292
0 -19.444
0 -21.063
0 -18.219
0 -19.042
0 -26.057
0 -32.528
0 -34.397
0 -34.792
0 -32.211
0 -34.181
0 -30.039
0 -30.306
0 -21.471
0 -16.791
0 -19.021
0 -26.743
0 -30.384
0 -30.457
0 -33.18
0 -28.828
0 -26.287
0 -22.125
0 -20.339
0 -25.666
0 -22.134
0 -24.263
0 -19.142
0 -17.105
0 -9.921
0 -6.435
0 -4.158
0 -0.294
0 -4.82
0 -5.198
0 -7.971
0 -10.427
0 -13.965
0 -15.764
0 -21.125
0 -18.322
0 -21.107
0 -25.959
0 -28.057
0 -24.971
0 -25.004
0 -18.323
0 -12.549
0 -10.153
0 -6.472
0 -7.706
0 -10.889
0 -10.59
0 -16.331
0 -20.829
0 -22.097
0 -28.072
0 -22.495
0 -19.466
0 -23.011
0 -22.971
0 -25.653
0 -21.81
0 -18.791
0 -13.177
0 -12.458
0 -9.845
0 -9.615
0 -6.456
0 -7.011
0 -9.208
0 -11.695
0 -11.893
0 -13.721
0 -8.053
0 -5.759
0 -2.369
0 -1.69
0 -1.36
0 -2.312
0 -3.776
0 -5.573
0 -8.078
0 -7.923
0 -9.079
0 -10.52
0 -10.033
0 -12.124
0 -10.407
0 -11.268
0 -6.161
0 -7.627
0 -13.117
0 -11.315
0 -10.649
0 -15.977
0 -17.75
0 -14.698
0 -15.395
0 -20.125
0 -18.164
0 -16.338
0 -20.584
0 -24.133
0 -18.144
0 -18.94
0 -23.926
0 -22.256
0 -19.358
0 -20.11
0 -6.96
0 -12.659
0 -13.142
0 -18.16
0 -19.285
0 -24.05
0 -24.128
0 -22.862
0 -21.413
0 -26.525
0 -27.609
0 -30.328
0 -29.379
0 -26.384
0 -20.736
0 -17.752
0 -13.618
0 -15.66
0 -14.37
0 -16.542
0 -17.45
0 -20.688
0 -23.24
1 -23.321
0 -23.702
0 -23.089
0 -20.895
0 -21.642
0 -22.155
0 -23.988
0 -22.444
0 -23.437
0 -21.035
0 -17.615
1 -17.191
1 -9.543
1 -7.263
1 -5.249
1 -3.793
1 -3.543
0 -1.467
1 -1.479
1 -2.645
0 -2.091
0 -2.356
0 -3.562
0 -4.575
0 -5.243
0 -4.74
0 -4.527
0 -4.192
0 -5.423
0 -4.703
0 -4.049
0 -5.804
0 -6.878
1 -7.522
1 -7.452
0 -9.157
1 -10.74
1 -7.831
0 -10.957
0 -13.56
1 -13.66
0 -10.457
0 -13.063
0 -16.208
1 -13.052
0 -15.662
0 -17.993
0 -17.909
0 -20.731
0 -15.983
0 -16.012
0 -18.901
0 -14.918
0 -10.793
1 -9.772
1 -12.756
0 -14.801
0 -19.986
1 -16.413
0 -15.19
0 -21.499
1 -19.295
1 -16.003
0 -17.634
0 -18.263
1 -15.773
1 -12.872
1 -13.225
1 -16.187
0 -16.653
0 -18.795
0 -17.057
0 -17.431
0 -13.832
0 -13.394
0 -9.402
0 -10.012
0 -9.297
0 -11.564
0 -14.256
0 -17.9
0 -19.192
0 -21.873
0 -21.031
0 -20.557
0 -20.38
0 -19.372
1 -15.409
0 -13.647
1 -9.907
1 -7.329
1 -7.497
1 -6.341
1 -4.987
1 -3.314
1 -4.621
1 -6.478
1 -4.117
1 -2.88
1 -3.396
1 -4.445
1 -0.874
1 -1.773
1 -1.658
0 -2.715
0 -3.453
0 -3.356
0 -3.878
0 -5.91
0 -6.411
0 -5.463
0 -6.617
0 -6.801
0 -6.466
0 -7.466
0 -6.616
0 -4.454
0 -5.85
0 -8.523
0 -8.149
0 -10.131
0 -9.791
0 -13.881
0 -15.092
0 -13.39
0 -14.604
0 -17.205
0 -17.271
0 -16.677
0 -19.159
0 -20.805
0 -19.73
0 -19.984
0 -19.79
0 -21.345
0 -21.676
0 -23.249
0 -22.507
0 -24.202
0 -20.801
0 -21.57
0 -18.502
0 -19.256
0 -17.624
0 -18.387
0 -20.364
0 -17.274
0 -14.959
0 -11.69
0 -16.832
0 -22.019
0 -16.327
0 -16.082
0 -20.057
0 -18.114
0 -12.738
1 -13.369
0 -15.435
0 -11.665
1 -9.805
0 -7.576
0 -7.02
0 -8.002
0 -12.736
1 -12.475
0 -10.468
0 -14.387
0 -17.018
0 -14.131
0 -12.485
0 -16.68
0 -18.862
0 -20.056
0 -19.668
0 -20.822
0 -20.576
0 -20.396
0 -20.708
0 -24.029
0 -27.088
0 -25.23
0 -23.106
0 -24.686
0 -21.425
0 -20.059
1 -19.815
1 -15.829
1 -13.077
1 -13.271
0 -19.326
0 -22.315
0 -23.091
0 -22.061
0 -23.112
0 -25.888
0 -23.906
0 -24.584
0 -23.044
0 -21.581
0 -20.093
1 -17.421
0 -15.725
0 -14.083
1 -11.472
0 -13.647
0 -15.971
0 -19.513
0 -20.65
0 -23.896
0 -29.102
0 -30.234
0 -31.108
0 -29.824
0 -28.188
0 -27.963
0 -23.961
0 -20.528
0 -20.899
0 -24.268
0 -27.416
0 -24.871
0 -28.48
0 -26.429
0 -26.023
0 -24.227
0 -23.727
0 -22.358
0 -18.615
0 -20.614
0 -17.208
0 -16.654
0 -19.353
0 -21.652
0 -26.127
0 -28.078
0 -26.98
0 -25.126
0 -20.263
0 -21.7
0 -18.83
0 -18.09
0 -18.384
0 -18.621
0 -17.006
0 -15.97
0 -13.112
0 -12.124
0 -14.606
0 -16.918
0 -19.029
0 -22.931
0 -23.102
0 -23.594
0 -26.437
0 -27.444
0 -28.376
0 -29.547
0 -29.472
0 -25.979
0 -20.604
0 -17.146
0 -14.464
0 -21.443
0 -19.532
0 -15.57
0 -20.325
0 -23.638
0 -17.785
0 -15.727
0 -18.26
0 -12.64
0 -10.136
0 -9.691
0 -9.737
0 -14.596
0 -16.817
0 -19.772
0 -23.304
0 -22.264
0 -19.388
0 -20.322
0 -18.229
0 -18.591
0 -20.815
0 -23.118
0 -27.579
0 -28.485
0 -28.212
0 -28.126
0 -28.992
0 -25.047
0 -24.89
0 -20.743
0 -17.174
0 -17.804
0 -21.65
0 -27.738
0 -25.468
0 -27.404
0 -25.091
0 -24.556
0 -20.047
0 -18.811
0 -23.177
0 -20.728
0 -23.803
0 -18.675
0 -16.807
0 -11.854
0 -8.563
0 -9.325
0 -5.595
0 -3.248
0 -7.186
0 -8.537
0 -9.378
0 -13.759
0 -16.448
0 -20.773
0 -19.762
0 -20.851
0 -25.289
0 -27.147
0 -24.353
0 -23.45
0 -18.001
0 -13.134
0 -11.722
0 -8.873
0 -8.075
0 -10.938
0 -13.856
0 -19.641
0 -20.854
0 -24.383
0 -27.676
0 -27.066
0 -25.329
0 -26.555
0 -24.784
0 -23.99
0 -21.488
0 -18.716
0 -17.611
0 -15.616
0 -13.078
0 -8.008
0 -5.818
0 -7.607
0 -12.658
1 -13.13
0 -16.738
0 -16.655
1 -17.098
0 -15.623
0 -17.187
0 -20.346
0 -18.221
0 -19.744
0 -13.67
0 -12.079
0 -12.63
0 -10.988
0 -11.885
0 -9.876
0 -11.364
0 -15.342
0 -16.723
0 -16.347
0 -18.829
0 -17.445
0 -17.776
0 -17.624
0 -17.832
0 -18.939
0 -17.11
0 -13.928
0 -14.649
0 -15.579
0 -12.54
0 -11.714
0 -13.156
0 -10.779
0 -7.699
0 -9.901
0 -10.432
0 -7.602
0 -6.794
0 -7.494
0 -6.91
0 -12.701
0 -13.664
0 -18.419
0 -20.387
0 -24.754
0 -24.386
0 -23.203
0 -21.604
0 -26.225
0 -27.696
0 -29.574
0 -29.053
0 -26.615
0 -21.01
0 -17.451
0 -13.169
0 -15.016
0 -14.397
0 -15.729
0 -17.174
0 -20.929
0 -23.437
1 -22.726
0 -23.684
0 -22.268
0 -19.485
0 -21.819
0 -23.517
0 -23.989
0 -23.17
0 -23.037
0 -20.353
0 -17.542
1 -15.968
1 -9.74
1 -7.293
1 -5.641
1 -3.331
1 -5.228
0 -2.59
1 -0.982
1 -2.558
0 -2.305
0 -2.489
0 -2.638
0 -4.146
0 -5.281
0 -4.097
0 -4.016
0 -3.956
0 -4.805
0 -5.282
0 -4.213
0 -6.557
0 -7.315
1 -7.739
1 -6.564
0 -8.909
1 -11.573
1 -7.913
0 -10.204
0 -13.226
1 -14.132
0 -10.013
0 -13.131
0 -15.218
1 -12.311
0 -16.039
0 -18.379
0 -18.284
0 -21.375
0 -15.218
0 -15.182
0 -19.342
0 -14.271
0 -11.549
1 -11.261
1 -13.009
0 -15.344
0 -20.915
1 -16.837
0 -15.485
0 -21.565
1 -19.16
1 -15.609
0 -17.575
0 -18.47
1 -15.88
1 -11.812
1 -13.527
1 -15.138
0 -17.529
0 -19.058
0 -18.184
0 -17.355
0 -13.447
0 -12.737
0 -8.382
0 -9.772
0 -8.697
0 -13.101
0 -14.111
0 -17.719
0 -19.351
0 -22.931
0 -21.235
0 -20.215
0 -19.326
0 -18.461
1 -15.347
0 -12.521
1 -9.704
1 -6.853
1 -6.728
1 -6.803
1 -5.313
1 -3.455
1 -4.783
1 -6.116
1 -4.87
1 -2.847
1 -2.267
1 -3.61
1 -1.482
1 -1.786
1 -2.25
0 -3.022
0 -3.258
0 -3.48
0 -4.135
0 -4.837
0 -6.818
0 -6.353
0 -6.781
0 -6.738
0 -6.827
0 -8.081
0 -5.897
0 -4.895
0 -5.019
0 -8.452
0 -8.732
0 -10.288
0 -10.124
0 -13.617
0 -15.521
0 -14.075
0 -13.924
0 -16.742
0 -16.221
0 -17.107
0 -19.65
0 -21.703
0 -18.897
0 -19.777
0 -19.611
0 -20.535
0 -20.941
0 -23.934
0 -22.217
0 -23.722
0 -20.41
0 -21.907
0 -18.775
0 -18.112
0 -16.59
0 -19.194
0 -21.343
0 -17.867
0 -14.444
0 -12.115
0 -16.578
0 -21.631
0 -16.573
0 -15.187
0 -20.094
0 -17.645
0 -12.972
1 -12.791
0 -14.3
0 -10.85
1 -8.603
0 -7.27
0 -6.702
0 -7.678
0 -13.567
1 -12.55
0 -9.954
0 -13.838
0 -16.799
0 -13.463
0 -14.279
0 -16.406
0 -18.398
0 -19.128
0 -19.34
0 -19.987
0 -20.025
0 -20.458
0 -21.23
0 -24.17
0 -25.38
0 -25.572
0 -23.206
0 -24.096
0 -21.936
0 -19.831
1 -18.664
1 -15.437
1 -12.191
1 -13.346
0 -19.431
0 -21.424
0 -23.338
0 -22.546
0 -23.007
0 -25.87
0 -23.867
0 -24.037
0 -22.925
0 -20.991
0 -19.708
1 -17.048
0 -16.036
0 -13.925
1 -11.365
0 -13.413
0 -15.626
0 -19.584
0 -21.116
0 -23.474
0 -29.142
0 -29.973
0 -31.34
0 -30.252
0 -28.199
0 -28.209
0 -25.248
0 -20.937
0 -20.925
0 -24.217
0 -26.822
0 -25.417
0 -27.933
0 -26.738
0 -26.236
0 -23.791
0 -23.936
0 -22.256
0 -18.597
0 -20.466
0 -17.235
0 -16.488
0 -19.202
0 -21.557
0 -24.842
0 -27.626
0 -24.498
0 -24.774
0 -19.493
0 -21.847
0 -17.796
0 -17.727
0 -18.945
0 -18.558
0 -17.259
0 -16.823
0 -14.428
0 -13.202
0 -15.644
0 -16.695
0 -19.21
0 -22.114
0 -23.798
0 -23.599
0 -25.754
0 -26.771
0 -27.959
0 -28.701
0 -29.102
0 -25.48
0 -20.698
0 -16.982
0 -13.87
0 -21.406
0 -19.481
0 -15.733
0 -20.372
0 -22.697
0 -18.245
0 -16.285
0 -18.415
0 -12.317
0 -10.388
0 -9.433
0 -9.388
0 -14.6
0 -17.043
0 -18.778
0 -22.377
0 -21.872
0 -19.855
0 -19.4
0 -17.589
0 -18.149
0 -20.699
0 -23.852
0 -28.053
0 -28.354
0 -28.366
0 -28.483
0 -29.71
0 -25.695
0 -24.807
0 -21.849
0 -17.837
0 -18.044
0 -21.146
0 -27.048
0 -24.783
0 -27.78
0 -26.314
0 -24.313
0 -20.341
0 -18.231
0 -23.111
0 -20.362
0 -24.045
0 -19.161
0 -17.907
0 -12.713
0 -11.684
0 -10.574
0 -7.281
0 -4.668
0 -8.183
0 -8.96
0 -9.153
0 -13.524
0 -15.522
0 -20.516
0 -19.73
0 -20.595
0 -24.23
0 -26.715
0 -24.62
0 -22.634
0 -17.821
0 -14.047
0 -13.315
0 -9.59
0 -8.737
0 -13.725
0 -16.343
0 -21.727
0 -22.422
0 -24.831
0 -27.742
0 -27.812
0 -26.148
0 -26.766
0 -26.159
0 -25.348
0 -24.717
0 -20.844
0 -19.637
0 -16.971
0 -15.187
0 -8.9
0 -6.707
0 -7.988
0 -13.413
1 -13.421
0 -17.81
0 -17.494
1 -17.642
0 -16.065
0 -17.359
0 -19.832
0 -18.149
0 -19.755
0 -14.079
0 -12.165
0 -11.654
0 -11.004
0 -11.842
0 -8.785
0 -11.407
0 -14.302
0 -15.728
0 -17.146
0 -19.568
0 -16.195
0 -17.934
0 -17.582
0 -16.397
0 -18.539
0 -15.814
0 -14.404
0 -14.249
0 -14.196
0 -11.644
0 -11.8
0 -12.767
0 -10.49
0 -7.886
0 -9.674
0 -10.158
0 -9.053
0 -6.945
0 -7.009
0 -7.099
0 -12.957
0 -13.383
0 -17.569
0 -20.062
0 -24.342
0 -23.885
0 -22.77
0 -21.636
0 -26.557
0 -27.54
0 -29.418
0 -28.777
0 -26.505
0 -20.541
0 -17.424
0 -13.804
0 -15.492
0 -14.214
0 -16.207
0 -17.432
0 -20.476
0 -23.57
1 -22.383
0 -23.049
0 -21.7
0 -19.159
0 -20.924
0 -22.725
0 -24.45
0 -23.429
0 -23.107
0 -20.996
0 -17.872
1 -16.51
1 -9.516
1 -7.196
1 -4.516
1 -3.749
1 -2.106
0 -1.393
1 -1.579
1 -2.855
0 -1.28
0 -2.185
0 -2.859
0 -3.804
0 -4.752
0 -4.744
0 -4.114
0 -4.316
0 -5.195
0 -5.566
0 -3.95
0 -5.889
0 -7.126
1 -7.654
1 -7.026
0 -9.186
1 -11.307
1 -8.802
0 -10.091
0 -13.453
1 -14.488
0 -10.07
0 -13.417
0 -15.949
1 -12.714
0 -15.997
0 -18.358
0 -18.173
0 -21.291
0 -17.966
0 -15.952
0 -19.296
0 -15.134
0 -12.013
1 -10.777
1 -12.662
0 -15.362
0 -20.203
1 -16.044
0 -15.697
0 -21.324
1 -19.062
1 -15.031
0 -17.64
0 -17.846
1 -15.728
1 -12.273
1 -12.449
1 -15.121
0 -17.17
0 -19.382
0 -17.868
0 -18.149
0 -14.746
0 -14.362
0 -9.17
0 -10.594
0 -9.11
0 -12.437
0 -14.687
0 -18.182
0 -19.505
0 -22.548
0 -20.746
0 -20.145
0 -19.992
0 -18.936
1 -14.995
0 -13.791
1 -10.32
1 -7.795
1 -7.446
1 -6.938
1 -5.792
1 -4.141
1 -4.64
1 -6.217
1 -4.404
1 -2.572
1 -3.087
1 -3.341
1 -1.065
1 -2.356
1 -2.605
0 -3.384
0 -4.012
0 -3.455
0 -4.017
0 -4.725
0 -6.865
0 -5.869
0 -6.241
0 -5.651
0 -6.057
0 -7.23
0 -5.635
0 -5.145
0 -5.576
0 -8.21
0 -8.414
0 -10.598
0 -9.573
0 -14.013
0 -15.28
0 -13.484
0 -14.661
0 -16.674
0 -16.963
0 -17.503
0 -18.17
0 -22.211
0 -18.975
0 -20.467
0 -18.8
0 -20.71
0 -20.466
0 -23.267
0 -22.198
0 -24.225
0 -20.017
0 -21.901
0 -19.127
0 -18.939
0 -17.223
0 -20.574
0 -21.381
0 -16.679
0 -14.334
0 -12.076
0 -15.841
0 -20.262
0 -14.84
0 -13.954
0 -19.901
0 -16.438
0 -12.002
1 -13.157
0 -14.268
0 -10.746
1 -8.946
0 -6.949
0 -6.722
0 -7.915
0 -12.988
1 -12.826
0 -10.618
0 -14.711
0 -16.964
0 -14.604
0 -13.44
0 -17.111
0 -19.149
0 -20.569
0 -19.754
0 -21.37
0 -21.404
0 -20.765
0 -20.209
0 -23.887
0 -26.252
0 -25.41
0 -22.647
0 -22.959
0 -21.857
0 -19.697
1 -19.098
1 -15.789
1 -13.451
1 -13.529
0 -19.603
0 -21.326
0 -23.197
0 -22.907
0 -24.175
0 -25.969
0 -22.721
0 -24.322
0 -22.938
0 -21.152
0 -19.129
1 -16.801
0 -15.631
0 -14.027
1 -11.823
0 -14.018
0 -15.586
0 -19.526
0 -20.456
0 -23.285
0 -28.532
0 -29.902
0 -30.734
0 -30.142
0 -28.297
0 -27.832
0 -24.008
0 -20.604
0 -20.604
0 -24.603
0 -26.626
0 -25.1
0 -28.072
0 -26.463
0 -25.748
0 -23.569
0 -23.746
0 -21.327
0 -18.49
0 -20.321
0 -17.398
0 -15.748
0 -19.417
0 -21.6
0 -24.354
0 -27.861
0 -25.335
0 -24.598
0 -18.852
0 -20.965
0 -17.9
0 -17.942
0 -17.889
0 -18.275
0 -17.308
0 -16.9
0 -14.571
0 -13.767
0 -15.385
0 -17.106
0 -18.958
0 -22.53
0 -23.364
0 -23.683
0 -26.037
0 -26.771
0 -28.053
0 -28.559
0 -29.124
0 -25.842
0 -20.806
0 -15.784
0 -14.562
0 -20.878
0 -18.49
0 -14.483
0 -19.366
0 -22.282
0 -18.679
0 -16.465
0 -18.716
0 -12.141
0 -11.291
0 -8.827
0 -9.65
0 -14.236
0 -16.931
0 -19.598
0 -22.918
0 -22.132
0 -19.771
0 -19.513
0 -17.784
0 -17.467
0 -21.069
0 -23.182
0 -27.796
0 -28.483
0 -28.368
0 -28.18
0 -28.582
0 -26.513
0 -24.027
0 -20.796
0 -16.758
0 -17.397
0 -20.326
0 -27.277
0 -25.369
0 -27.957
0 -26.579
0 -24.499
0 -20.376
0 -19.154
0 -23.167
0 -20.893
0 -23.992
0 -19.558
0 -17.105
0 -12.21
0 -9.741
0 -8.751
0 -5.551
0 -3.663
0 -7.233
0 -8.954
0 -9.308
0 -13.047
0 -15.979
0 -20.122
0 -19.597
0 -21.505
0 -25.186
0 -27.168
0 -24.672
0 -23.269
0 -17.075
0 -12.944
0 -12.576
0 -9.667
0 -9.095
0 -11.664
0 -14.638
0 -19.972
0 -21.42
0 -24.314
0 -27.322
0 -27.331
0 -25.399
0 -25.813
0 -24.99
0 -24.467
0 -22.006
0 -19.279
0 -18.226
0 -15.441
0 -13.592
0 -9.171
0 -6.072
0 -7.175
0 -12.392
1 -13.259
0 -17.707
0 -17.079
1 -17.839
0 -15.919
0 -16.959
0 -20.448
0 -17.96
0 -18.616
0 -13.859
0 -12.401
0 -10.376
0 -10.272
0 -10.908
0 -8.366
0 -10.336
0 -14.32
0 -15.235
0 -16.799
0 -17.032
0 -17.883
0 -16.459
0 -17.669
0 -17.779
0 -19.484
0 -16.934
0 -14.916
0 -14.543
0 -14.064
0 -11.149
0 -11.288
0 -13.028
0 -10.476
0 -7.887
0 -10.7
0 -11.027
0 -7.517
0 -6.443
0 -6.571
