0.0 0.1395204338275663 1.52884 0.70281483 0.56155535 0.12338221972970354 ../testing_datasets/H3_epi.csv NeighborSum 8
0.0 0.12126822760261213 -0.5508 0.211964021 0.626477082 0.41513885801762274 ../testing_datasets/H3_epi.csv NeighborSum 8
0.0 0.11227735141605422 -0.68593 0.612367541 0.577727537 -2.003456993552134 ../testing_datasets/H3_epi.csv NeighborSum 8
0.0 0.09921592670413619 -2.9028 1.196666614 0.482218707 -2.8251352393562206 ../testing_datasets/H3_epi.csv NeighborSum 8
0.0 0.08374353881201178 -2.42402 0.715100347 0.473249904 -4.211506702639803 ../testing_datasets/H3_epi.csv NeighborSum 8
0.0 0.08911880841736218 -3.42658 0.115711929 0.608409029 -1.372213039661164 ../testing_datasets/H3_epi.csv NeighborSum 8
0.0 0.09508568536065251 -1.3467 0.690582744 0.594653653 -4.82699242347654 ../testing_datasets/H3_epi.csv NeighborSum 8
0.0 0.06424275201761803 -4.18677 1.196403002 0.469250807 -7.447680622596213 ../testing_datasets/H3_epi.csv NeighborSum 8
0.0 0.07061009650417843 -2.34491 0.483154326 0.538550908 -6.569798035263082 ../testing_datasets/H3_epi.csv NeighborSum 8
0.0 0.10743350792808061 0.09823 0.130677272 0.609272048 -2.3278016724646493 ../testing_datasets/H3_epi.csv NeighborSum 8
0.0 0.09385153700205726 -1.99779 0.943695555 0.516303867 -4.303353309101508 ../testing_datasets/H3_epi.csv NeighborSum 8
0.0 0.05279873351496743 -4.73053 0.958617728 0.467438631 -7.922657013794187 ../testing_datasets/H3_epi.csv NeighborSum 8
0.0 0.07950656529969218 -3.1488 0.262675306 0.574262765 -3.5900428985682082 ../testing_datasets/H3_epi.csv NeighborSum 8
0.0 0.1096499272526347 -0.18274 0.539623645 0.595199657 -3.006214338669628 ../testing_datasets/H3_epi.csv NeighborSum 8
0.0 0.08402631960652082 -3.23461 1.223431364 0.509046026 -5.599794698711526 ../testing_datasets/H3_epi.csv NeighborSum 8
0.0 0.07963169728430962 -2.77369 0.815664173 0.510678066 -5.381543844175235 ../testing_datasets/H3_epi.csv NeighborSum 8
0.0 0.11557862945581794 -0.08763 0.760532859 0.627501588 -3.297764259969915 ../testing_datasets/H3_epi.csv NeighborSum 8
0.0 0.10834268813682375 -1.15649 0.854286305 0.549632638 -2.748832669235271 ../testing_datasets/H3_epi.csv NeighborSum 8
0.0 0.06993406705547955 -3.9233 1.153800785 0.454219304 -6.38685643900781 ../testing_datasets/H3_epi.csv NeighborSum 8
0.0 0.10278518876936107 -2.31607 1.042818155 0.539641004 -2.981096604230356 ../testing_datasets/H3_epi.csv NeighborSum 8
0.0 0.11563647300085207 -1.72819 0.812858912 0.632049147 -1.5948731160200773 ../testing_datasets/H3_epi.csv NeighborSum 8
0.0 0.07855355957904334 -4.04467 1.048833101 0.538544532 -5.306359896026862 ../testing_datasets/H3_epi.csv NeighborSum 8
0.0 0.07339849093046398 -4.43669 1.118867783 0.470433077 -5.213509319439211 ../testing_datasets/H3_epi.csv NeighborSum 8
0.0 0.10829636791979833 -0.93916 1.004286968 0.628100731 -4.549785875567498 ../testing_datasets/H3_epi.csv NeighborSum 8
0.0 0.10393570923712225 -1.38571 0.864627887 0.599518878 -3.9173966229738864 ../testing_datasets/H3_epi.csv NeighborSum 8
0.0 0.07187379501320218 -4.76964 1.682866623 0.478859209 -7.3785118522582405 ../testing_datasets/H3_epi.csv NeighborSum 8
0.0 0.091646658193821 -3.66705 0.973980498 0.542138731 -3.1477848605960728 ../testing_datasets/H3_epi.csv NeighborSum 8
0.0 0.11744445269155546 -1.60765 1.019964963 0.631878833 -2.211805231364013 ../testing_datasets/H3_epi.csv NeighborSum 8
0.0 0.08749447902980559 -2.145 1.080741775 0.554341472 -6.267648447508208 ../testing_datasets/H3_epi.csv NeighborSum 8
0.0 0.07625455546133969 -3.17593 1.026439054 0.498467907 -6.180047628879579 ../testing_datasets/H3_epi.csv NeighborSum 8
0.0 0.10389554869667124 -1.05362 0.783120339 0.616650998 -4.212070384415936 ../testing_datasets/H3_epi.csv NeighborSum 8
0.0 0.10665419783923018 -3.13934 0.87491363 0.59456164 -1.3219783547006327 ../testing_datasets/H3_epi.csv NeighborSum 8
0.0 0.06525986472064578 -3.01718 1.273974642 0.491998065 -9.23137404000018 ../testing_datasets/H3_epi.csv NeighborSum 8
0.0 0.0860645217901338 -4.10324 0.698662507 0.53317147 -2.4611802367076936 ../testing_datasets/H3_epi.csv NeighborSum 8
0.0 0.10154207149821047 0.52582 0.806137062 0.632076224 -6.790712044727389 ../testing_datasets/H3_epi.csv NeighborSum 8
0.0 0.07014407782515125 -1.99172 0.999791515 0.482538406 -8.393142889386073 ../testing_datasets/H3_epi.csv NeighborSum 8
0.0 0.0591196371364059 -4.67313 0.723010869 0.429239388 -5.474589957157873 ../testing_datasets/H3_epi.csv NeighborSum 8
0.0 0.0807830530796092 -1.1148 0.9134052 0.540615998 -7.888167112181443 ../testing_datasets/H3_epi.csv NeighborSum 8
0.0 0.07969027084939312 -5.404 1.177075753 0.529124751 -3.8673869805125562 ../testing_datasets/H3_epi.csv NeighborSum 8
0.0 0.014572374873795785 -4.9215 0.866090372 0.346167498 -12.758009125200426 ../testing_datasets/H3_epi.csv NeighborSum 8
0.0 0.05473814258613042 -2.35313 1.040738514 0.406823853 -9.980459280876698 ../testing_datasets/H3_epi.csv NeighborSum 8
0.0 0.06848323047423265 -2.96365 0.883922457 0.46264375 -6.846928582121057 ../testing_datasets/H3_epi.csv NeighborSum 8
0.0 0.028028936407242293 -4.06317 1.192942461 0.270529635 -11.697670073994889 ../testing_datasets/H3_epi.csv NeighborSum 8
0.0 0.010319836668631205 -4.13784 0.598159525 0.323559242 -13.144595500230851 ../testing_datasets/H3_epi.csv NeighborSum 8
0.0 0.04545624269864714 -3.01452 1.063868523 0.328395925 -10.0047217656325 ../testing_datasets/H3_epi.csv NeighborSum 8
0.0 0.04620599580689116 -5.09443 1.020103694 0.287609174 -6.731847144392915 ../testing_datasets/H3_epi.csv NeighborSum 8
0.0 0.025861355035576787 -2.28589 0.436271469 0.391556774 -12.742794454940494 ../testing_datasets/H3_epi.csv NeighborSum 8
0.0 0.042116360434178185 -3.6143 0.535295504 0.405053862 -8.779311241639935 ../testing_datasets/H3_epi.csv NeighborSum 8
0.0 0.06823701083233215 -2.23618 1.043296385 0.436763376 -8.058646194445892 ../testing_datasets/H3_epi.csv NeighborSum 8
0.0 0.06109959406211381 -3.25662 0.716735645 0.416629836 -6.6239175400603125 ../testing_datasets/H3_epi.csv NeighborSum 8
0.0 0.022969952192893682 -3.97757 0.332333688 0.408527766 -11.057054815203568 ../testing_datasets/H3_epi.csv NeighborSum 8
0.0 0.05746950971641082 -3.66304 0.984743405 0.426183226 -7.949107148116565 ../testing_datasets/H3_epi.csv NeighborSum 8
0.0 0.05281320201504674 -2.33928 0.827641358 0.386560227 -9.272879806020715 ../testing_datasets/H3_epi.csv NeighborSum 8
0.0 0.02546213254792025 -4.78178 0.752629948 0.431684229 -11.56004623302787 ../testing_datasets/H3_epi.csv NeighborSum 8
0.0 0.030764939516825386 -2.92275 0.760721617 0.380252846 -12.220014741681835 ../testing_datasets/H3_epi.csv NeighborSum 8
0.0 0.04018542057551728 -2.88438 0.993678795 0.346179275 -11.05441425487066 ../testing_datasets/H3_epi.csv NeighborSum 8
0.0 0.03433843431447977 -5.10075 0.800457834 0.497762087 -10.568112196032368 ../testing_datasets/H3_epi.csv NeighborSum 8
0.0 -0.0010702644363317498 -5.5473 0.704684042 0.379752709 -14.618525514115463 ../testing_datasets/H3_epi.csv NeighborSum 8
0.0 0.010244720207730915 -5.75177 1.140684827 0.403300247 -14.308813506855042 ../testing_datasets/H3_epi.csv NeighborSum 8
0.0 0.04645186009608323 -1.90614 0.70700435 0.403129698 -10.669406817381736 ../testing_datasets/H3_epi.csv NeighborSum 8
0.0 0.020684623486759715 -4.0602 1.090830856 0.472615618 -15.086183653621287 ../testing_datasets/H3_epi.csv NeighborSum 8
0.0 0.02428737611208774 -6.95578 1.013050303 0.4003109 -9.814406473286462 ../testing_datasets/H3_epi.csv NeighborSum 8
0.0 0.03848303865109211 -3.20118 0.997334168 0.353239521 -11.084780070282243 ../testing_datasets/H3_epi.csv NeighborSum 8
0.0 0.07786168460896768 -2.07735 0.700903709 0.409320593 -4.852618815784658 ../testing_datasets/H3_epi.csv NeighborSum 8
0.0 0.08268751294189632 -2.42921 1.057297943 0.376497109 -4.544833756889877 ../testing_datasets/H3_epi.csv NeighborSum 8
0.0 0.11524140268089245 -0.34127 0.801095412 0.412423433 -0.6004896503606947 ../testing_datasets/H3_epi.csv NeighborSum 8
0.0 0.09152676833706341 -1.1374 1.414119983 0.508437329 -7.471045139631732 ../testing_datasets/H3_epi.csv NeighborSum 8
0.0 0.03411433120347045 -3.56227 1.320760203 0.533053811 -14.880601191071033 ../testing_datasets/H3_epi.csv NeighborSum 8
0.0 0.060120406332907814 -6.05407 1.078336037 0.455954045 -5.352660643137036 ../testing_datasets/H3_epi.csv NeighborSum 8
0.0 0.05681964670650947 -5.75949 1.527139493 0.563980563 -9.348356648118951 ../testing_datasets/H3_epi.csv NeighborSum 8
0.0 0.09486996551363727 -1.72598 0.995512046 0.461749902 -3.980470572374007 ../testing_datasets/H3_epi.csv NeighborSum 8
0.0 0.11803593988084331 -0.27599 0.809259689 0.498023719 -1.2458996834394165 ../testing_datasets/H3_epi.csv NeighborSum 8
0.0 0.13614775871113607 0.78786 0.661070452 0.488295188 1.4478378861994767 ../testing_datasets/H3_epi.csv NeighborSum 8
0.0 0.11510278887611189 -1.25191 1.286137987 0.465452962 -2.0650987871624733 ../testing_datasets/H3_epi.csv NeighborSum 8
0.0 0.04938279596367176 -3.39295 1.206935439 0.389150128 -10.138816646208015 ../testing_datasets/H3_epi.csv NeighborSum 8
0.0 0.10262679024801985 -0.6642 0.629992918 0.546774317 -3.461895370532478 ../testing_datasets/H3_epi.csv NeighborSum 8
0.0 0.10131073337408181 -0.54879 0.537023876 0.518248533 -3.1298928956510417 ../testing_datasets/H3_epi.csv NeighborSum 8
0.0 0.030702898682956448 -4.67577 1.163806547 0.338176932 -11.196400411024584 ../testing_datasets/H3_epi.csv NeighborSum 8
0.0 0.04653169258681457 -3.61244 1.138946126 0.489545243 -11.34887098257332 ../testing_datasets/H3_epi.csv NeighborSum 8
0.0 0.09040734745563697 -2.14659 0.433889401 0.614015761 -3.961376344659482 ../testing_datasets/H3_epi.csv NeighborSum 8
0.0 0.06646289399851009 -3.42675 0.753158473 0.379966177 -5.149852101385322 ../testing_datasets/H3_epi.csv NeighborSum 8
0.0 0.04999818623745134 -2.43284 1.307695958 0.354909653 -11.143198073735848 ../testing_datasets/H3_epi.csv NeighborSum 8
0.0 0.08693070811423759 -2.60718 0.821615474 0.583038153 -5.165438577326286 ../testing_datasets/H3_epi.csv NeighborSum 8
0.0 0.10705872640679961 -1.84538 0.867244679 0.579307992 -2.5722263945934665 ../testing_datasets/H3_epi.csv NeighborSum 8
0.0 0.07833470657597102 -1.47083 1.13120506 0.383977002 -6.846210793336439 ../testing_datasets/H3_epi.csv NeighborSum 8
0.0 0.07209060901957005 -5.06677 0.951889434 0.590394481 -5.511676326162973 ../testing_datasets/H3_epi.csv NeighborSum 8
0.0 0.10568026768127436 0.14959 0.825507389 0.500680061 -4.075394771549809 ../testing_datasets/H3_epi.csv NeighborSum 8
0.0 0.11209082729330049 -2.35388 0.793110125 0.484987789 0.37299966581566274 ../testing_datasets/H3_epi.csv NeighborSum 8
0.0 0.09747421280353463 -1.97868 1.031493409 0.412505547 -2.751262653457655 ../testing_datasets/H3_epi.csv NeighborSum 8
0.0 0.09376980374390426 -1.68432 0.864759332 0.640975992 -5.900155159256496 ../testing_datasets/H3_epi.csv NeighborSum 8
0.0 0.09415248124912767 -2.93833 0.61270284 0.346884099 0.20918709778872094 ../testing_datasets/H3_epi.csv NeighborSum 8
0.0 0.13482372450229396 0.00428 0.884873647 0.498689027 1.1478369539671354 ../testing_datasets/H3_epi.csv NeighborSum 8
0.0 0.13934300526211035 3.39402 0.640065215 0.309540596 1.1794362099866986 ../testing_datasets/H3_epi.csv NeighborSum 8
0.0 0.1913847471825248 3.72932 0.851685847 0.472378626 7.368693475363471 ../testing_datasets/H3_epi.csv NeighborSum 8
0.0 0.16128657927851103 3.02247 0.348089293 0.486863257 4.55427064736796 ../testing_datasets/H3_epi.csv NeighborSum 8
0.0 0.11859990176332155 -1.44359 0.862810622 0.259698915 2.93262757666487 ../testing_datasets/H3_epi.csv NeighborSum 8
0.0 0.11277537247545494 0.04102 0.592361004 0.467037937 -1.3552961553702048 ../testing_datasets/H3_epi.csv NeighborSum 8
0.0 0.07171882346010494 -5.15766 0.872087436 0.349740606 -2.2373456464330377 ../testing_datasets/H3_epi.csv NeighborSum 8
0.0 0.09702743247537227 -2.09295 0.212941744 0.601158313 -1.8195818755542863 ../testing_datasets/H3_epi.csv NeighborSum 8
0.0 0.10114289402088068 -2.09427 1.046359446 0.489431993 -2.9445417395372653 ../testing_datasets/H3_epi.csv NeighborSum 8
0.0 0.1165375941948179 -0.9528 0.561512033 0.596570427 -0.9499505695331345 ../testing_datasets/H3_epi.csv NeighborSum 8
0.0 0.094771227100194 -0.93621 0.924414753 0.499467611 -5.1202524995744625 ../testing_datasets/H3_epi.csv NeighborSum 8
0.0 0.08114893397475285 -4.12068 0.847142193 0.393469877 -2.204172403542278 ../testing_datasets/H3_epi.csv NeighborSum 8
0.0 0.07484480261462245 -1.51253 1.19843548 0.562528423 -9.8560582325864 ../testing_datasets/H3_epi.csv NeighborSum 8
0.0 0.10991915712284935 -3.8361 0.445627454 0.570197539 2.053158993147402 ../testing_datasets/H3_epi.csv NeighborSum 8
0.0 0.10526366019734083 -0.29297 0.155453728 0.475606338 -0.7257147894803726 ../testing_datasets/H3_epi.csv NeighborSum 8
0.0 0.1035154016887788 0.84165 0.29890498 0.353029544 -1.4556650930250805 ../testing_datasets/H3_epi.csv NeighborSum 8
0.0 0.10804903017610891 -0.78019 0.885523229 0.403688576 -1.5965760914688816 ../testing_datasets/H3_epi.csv NeighborSum 8
0.0 0.1280613208327529 -0.54588 0.693656821 0.559945629 0.5781281568054593 ../testing_datasets/H3_epi.csv NeighborSum 8
0.0 0.1418696251878517 -0.0536 0.530187444 0.574809442 2.9355050038543538 ../testing_datasets/H3_epi.csv NeighborSum 8
0.0 0.10415317956054318 -1.19656 0.883519866 0.428623689 -2.099478823956352 ../testing_datasets/H3_epi.csv NeighborSum 8
0.0 0.1096489513986117 -2.19318 1.387089416 0.575558465 -3.658542722210714 ../testing_datasets/H3_epi.csv NeighborSum 8
0.0 0.1475491946679026 1.59275 0.778761919 0.606189786 0.6590111819497094 ../testing_datasets/H3_epi.csv NeighborSum 8
0.0 0.12878665574114379 0.1107 0.859310583 0.467540693 0.409993302163875 ../testing_datasets/H3_epi.csv NeighborSum 8
0.0 0.11931731814692977 0.41361 0.297774008 0.563904458 -0.6550281281593002 ../testing_datasets/H3_epi.csv NeighborSum 8
0.0 0.1255949871595046 0.28113 0.63965973 0.544507881 -0.45319139676944664 ../testing_datasets/H3_epi.csv NeighborSum 8
0.0 0.10910539597669258 -2.27529 1.182778761 0.440773273 -1.230114276416743 ../testing_datasets/H3_epi.csv NeighborSum 8
0.0 0.07781213909950913 -3.70025 0.804572899 0.427404248 -3.553345658770914 ../testing_datasets/H3_epi.csv NeighborSum 8
0.0 0.09302695309391233 -2.84012 0.209785592 0.611011815 -1.7603682855569802 ../testing_datasets/H3_epi.csv NeighborSum 8
0.0 0.10267408802405797 -1.13788 0.710732654 0.562273126 -3.3911666990957956 ../testing_datasets/H3_epi.csv NeighborSum 8
0.0 0.058186331836378224 -4.20663 1.229652285 0.410203822 -7.927555575960364 ../testing_datasets/H3_epi.csv NeighborSum 8
0.0 0.07009896229699411 -2.08391 0.546764592 0.576019322 -7.673827149148793 ../testing_datasets/H3_epi.csv NeighborSum 8
0.0 0.1048822060840112 0.0015 0.148827361 0.620165623 -2.875587714588356 ../testing_datasets/H3_epi.csv NeighborSum 8
0.0 0.08877310117373872 -2.16323 0.988284263 0.485308723 -4.818561390047602 ../testing_datasets/H3_epi.csv NeighborSum 8
0.0 0.04623449961113929 -4.83761 0.97372298 0.403990021 -8.266701243913461 ../testing_datasets/H3_epi.csv NeighborSum 8
0.0 0.08076392654849374 -2.8658 0.267811892 0.599316612 -4.024039449020304 ../testing_datasets/H3_epi.csv NeighborSum 8
0.0 0.10295048193862938 -0.51165 0.525778473 0.583949304 -3.6331624433614635 ../testing_datasets/H3_epi.csv NeighborSum 8
0.0 0.06960772094420767 -3.94918 1.253416225 0.426396575 -6.462495987643153 ../testing_datasets/H3_epi.csv NeighborSum 8
0.0 0.08238172881056607 -2.78632 0.812587298 0.544642374 -5.271369828344488 ../testing_datasets/H3_epi.csv NeighborSum 8
0.0 0.12061348668393532 0.05174 0.750926705 0.639230418 -2.660731824894075 ../testing_datasets/H3_epi.csv NeighborSum 8
0.0 0.10348041126743923 -1.73511 0.896655797 0.536271912 -2.939568338686364 ../testing_datasets/H3_epi.csv NeighborSum 8
0.0 0.06579285435206363 -3.95331 1.164038449 0.392366016 -6.386063239892521 ../testing_datasets/H3_epi.csv NeighborSum 8
0.0 0.11377213784448559 -1.74702 1.014292453 0.576458363 -2.0130148186927252 ../testing_datasets/H3_epi.csv NeighborSum 8
0.0 0.12145875442148879 -1.75657 0.823902963 0.621906065 -0.43056509104602947 ../testing_datasets/H3_epi.csv NeighborSum 8
0.0 0.07436327113792839 -3.38826 1.050005639 0.495719354 -6.326564274649616 ../testing_datasets/H3_epi.csv NeighborSum 8
0.0 0.07994946298150632 -3.48545 1.118057678 0.467466891 -5.12366970818124 ../testing_datasets/H3_epi.csv NeighborSum 8
0.0 0.11828004182975135 0.03917 1.024392338 0.631669233 -4.0334311480033795 ../testing_datasets/H3_epi.csv NeighborSum 8
0.0 0.09480358069137472 -2.27652 0.811640813 0.607153363 -4.393056438496777 ../testing_datasets/H3_epi.csv NeighborSum 8
0.0 0.058309816957308136 -5.13785 1.672334066 0.408430113 -8.490474179203616 ../testing_datasets/H3_epi.csv NeighborSum 8
0.0 0.09134968796059613 -3.23876 0.990691291 0.567722225 -4.086074567582461 ../testing_datasets/H3_epi.csv NeighborSum 8
0.0 0.09437198552307785 -2.91654 1.020979387 0.643275644 -4.959417551606446 ../testing_datasets/H3_epi.csv NeighborSum 8
0.0 0.0560828910789654 -4.50715 1.055795637 0.514645867 -8.54576678660548 ../testing_datasets/H3_epi.csv NeighborSum 8
0.0 0.06463069070489547 -4.03849 1.066198821 0.446254287 -6.770473283707908 ../testing_datasets/H3_epi.csv NeighborSum 8
0.0 0.09152413750815301 -1.36978 0.778543834 0.607264091 -5.935660298974314 ../testing_datasets/H3_epi.csv NeighborSum 8
0.0 0.08625157260645536 -4.30798 0.847986298 0.59031896 -3.4565833129949777 ../testing_datasets/H3_epi.csv NeighborSum 8
0.0 0.056642092768265255 -3.53463 1.275809547 0.40190763 -9.082812330406291 ../testing_datasets/H3_epi.csv NeighborSum 8
0.0 0.08916000193109078 -2.56919 0.741038623 0.542195954 -4.000290660340405 ../testing_datasets/H3_epi.csv NeighborSum 8
0.0 0.11743089103909082 0.28557 0.764726784 0.625742436 -3.4022207992322855 ../testing_datasets/H3_epi.csv NeighborSum 8
0.0 0.08332368755070302 0.03139 0.943782976 0.499055425 -8.405106758632295 ../testing_datasets/H3_epi.csv NeighborSum 8
0.0 0.0547414483191275 -4.03036 0.714746749 0.387679481 -6.491310431067465 ../testing_datasets/H3_epi.csv NeighborSum 8
0.0 0.08503591615653246 -2.02353 0.930253372 0.548842022 -6.206040283339821 ../testing_datasets/H3_epi.csv NeighborSum 8
0.0 0.08773308655456172 -5.07726 1.256053567 0.552774454 -3.3984040647953084 ../testing_datasets/H3_epi.csv NeighborSum 8
0.0 0.025874536324379777 -5.28832 0.835810015 0.384117365 -10.627487668843976 ../testing_datasets/H3_epi.csv NeighborSum 8
0.0 0.05789205990191179 -2.36821 1.083273344 0.479061963 -10.436207221514124 ../testing_datasets/H3_epi.csv NeighborSum 8
0.0 0.07064388298529477 -2.95877 0.886397964 0.533813016 -7.33747156541214 ../testing_datasets/H3_epi.csv NeighborSum 8
0.0 0.028287081668166167 -3.71619 1.218344686 0.311900771 -12.664678553543096 ../testing_datasets/H3_epi.csv NeighborSum 8
0.0 0.017505302943020475 -4.48718 0.617600794 0.405366022 -12.502746794501634 ../testing_datasets/H3_epi.csv NeighborSum 8
0.0 0.05557619792922233 -3.13134 1.0464075 0.5403663 -10.54891552026407 ../testing_datasets/H3_epi.csv NeighborSum 8
0.0 0.03875235382041653 -5.72685 1.026717248 0.287898969 -7.353442537987428 ../testing_datasets/H3_epi.csv NeighborSum 8
0.0 0.025858413432585818 -2.59026 0.518199171 0.368240239 -12.415322166316969 ../testing_datasets/H3_epi.csv NeighborSum 8
0.0 0.05390038457118027 -2.8663 0.539287956 0.486555808 -8.549099437250938 ../testing_datasets/H3_epi.csv NeighborSum 8
0.0 0.06047741974981326 -2.44934 1.023206693 0.464467007 -9.463587080525357 ../testing_datasets/H3_epi.csv NeighborSum 8
0.0 0.05472032853203137 -3.83694 0.728241107 0.422476545 -7.2001469671761855 ../testing_datasets/H3_epi.csv NeighborSum 8
0.0 0.01983735373603747 -3.89887 0.328855717 0.382383951 -11.384427328100365 ../testing_datasets/H3_epi.csv NeighborSum 8
0.0 0.05583622540871574 -4.07024 0.974385705 0.506631538 -8.697095869574074 ../testing_datasets/H3_epi.csv NeighborSum 8
0.0 0.04764532387728601 -2.38199 0.843482432 0.384565318 -10.191234903294873 ../testing_datasets/H3_epi.csv NeighborSum 8
0.0 0.029927947433642473 -3.82156 0.746764275 0.439312904 -11.966122534459284 ../testing_datasets/H3_epi.csv NeighborSum 8
0.0 0.02730219523667632 -3.38786 0.741876229 0.415290525 -12.644426993443053 ../testing_datasets/H3_epi.csv NeighborSum 8
0.0 0.040723086055640026 -3.11426 0.873741936 0.373295355 -10.54935751381913 ../testing_datasets/H3_epi.csv NeighborSum 8
0.0 0.03337125977969428 -5.24012 0.715975754 0.482192467 -10.06060345249839 ../testing_datasets/H3_epi.csv NeighborSum 8
0.0 0.009550213943681482 -5.12656 0.676692141 0.403193686 -13.37974608658953 ../testing_datasets/H3_epi.csv NeighborSum 8
0.0 0.010392046437277438 -5.4106 1.149109632 0.416671749 -14.882928511325021 ../testing_datasets/H3_epi.csv NeighborSum 8
0.0 0.05079993620171931 -2.74384 0.663963377 0.411535695 -8.824883581400558 ../testing_datasets/H3_epi.csv NeighborSum 8
0.0 0.037465173209957604 -2.92053 1.038341646 0.494932181 -13.482575056653818 ../testing_datasets/H3_epi.csv NeighborSum 8
0.0 0.03649224284645366 -6.71791 1.00931652 0.349881488 -7.268730893900703 ../testing_datasets/H3_epi.csv NeighborSum 8
0.0 0.04646570399818274 -1.92027 1.009611947 0.349563584 -11.17068335279996 ../testing_datasets/H3_epi.csv NeighborSum 8
0.0 0.09738319436632681 -1.81679 0.652709931 0.420269957 -1.5880822020439282 ../testing_datasets/H3_epi.csv NeighborSum 8
0.0 0.10046676970051394 -0.51203 1.057207112 0.373279735 -3.5779738427502443 ../testing_datasets/H3_epi.csv NeighborSum 8
0.0 0.11829041188810574 -0.09657 0.796349185 0.334679664 0.6216166010193123 ../testing_datasets/H3_epi.csv NeighborSum 8
0.0 0.07853495296436551 -1.49485 1.425720087 0.240282756 -6.175558117015432 ../testing_datasets/H3_epi.csv NeighborSum 8
0.0 0.045304040561772646 -3.73869 1.324051971 0.365272282 -10.62665773373562 ../testing_datasets/H3_epi.csv NeighborSum 8
0.0 0.08059568598035535 -2.59388 0.931263958 0.562063996 -6.493404368732991 ../testing_datasets/H3_epi.csv NeighborSum 8
0.0 0.06888167897767078 -5.61514 1.533873041 0.56157671 -7.341388064460888 ../testing_datasets/H3_epi.csv NeighborSum 8
0.0 0.09647150147179138 -2.13966 1.003082454 0.46457996 -3.263544873197755 ../testing_datasets/H3_epi.csv NeighborSum 8
0.0 0.08665865803635697 -2.37709 0.678620048 0.452984855 -3.354059439169553 ../testing_datasets/H3_epi.csv NeighborSum 8
0.0 0.11076266936044443 0.17981 0.75855219 0.380298829 -1.472629174215102 ../testing_datasets/H3_epi.csv NeighborSum 8
0.0 0.08144547009458493 -2.60548 1.338682007 0.414699532 -6.112857034310993 ../testing_datasets/H3_epi.csv NeighborSum 8
0.0 0.03655054657567034 -3.98847 1.177513617 0.379725251 -11.516771753330094 ../testing_datasets/H3_epi.csv NeighborSum 8
0.0 0.08965329535418154 -0.18059 0.609733531 0.568492374 -6.562106447553369 ../testing_datasets/H3_epi.csv NeighborSum 8
0.0 0.09053857355853494 -0.96669 0.57155383 0.511658692 -4.629488499844909 ../testing_datasets/H3_epi.csv NeighborSum 8
0.0 0.02506674358084103 -4.8795 1.200862802 0.394994434 -12.804602352723158 ../testing_datasets/H3_epi.csv NeighborSum 8
0.0 0.048166126892376315 -3.67725 1.102180344 0.534471882 -11.380658529625398 ../testing_datasets/H3_epi.csv NeighborSum 8
0.0 0.08586964979038747 -3.05186 0.423707349 0.616079463 -3.6892428361682286 ../testing_datasets/H3_epi.csv NeighborSum 8
0.0 0.06788961410843763 -3.64711 0.798066441 0.45229618 -5.683373560930856 ../testing_datasets/H3_epi.csv NeighborSum 8
0.0 0.061605598570416004 -2.49425 1.225768266 0.457767935 -9.909507321962298 ../testing_datasets/H3_epi.csv NeighborSum 8
0.0 0.08455747038604836 -1.96038 0.760830503 0.599357063 -6.325359154608428 ../testing_datasets/H3_epi.csv NeighborSum 8
0.0 0.10424758607031585 -1.69825 0.869511023 0.583571932 -3.3147212762824627 ../testing_datasets/H3_epi.csv NeighborSum 8
0.0 0.08551677366530078 -1.71581 1.161003485 0.477452749 -6.510933788343063 ../testing_datasets/H3_epi.csv NeighborSum 8
0.0 0.0684917276313231 -4.23326 1.014349233 0.58835187 -7.36860271819387 ../testing_datasets/H3_epi.csv NeighborSum 8
0.0 0.1001044023121409 -1.06952 0.973275298 0.510262173 -4.320248087209384 ../testing_datasets/H3_epi.csv NeighborSum 8
0.0 0.10426825015430641 -2.15604 0.825378865 0.436412063 -0.8076579516403136 ../testing_datasets/H3_epi.csv NeighborSum 8
0.0 0.09840663732647958 -2.29049 1.012759628 0.455058025 -2.656984869610519 ../testing_datasets/H3_epi.csv NeighborSum 8
0.0 0.10706923772662963 -1.02117 0.84322232 0.605456103 -3.774898182610056 ../testing_datasets/H3_epi.csv NeighborSum 8
0.0 0.10389104914096342 -0.29344 0.779412834 0.327122072 -1.5839130851035175 ../testing_datasets/H3_epi.csv NeighborSum 8
0.0 0.11823024206354438 -2.65906 0.930594875 0.504854588 1.0693909809915314 ../testing_datasets/H3_epi.csv NeighborSum 8
0.0 0.11853866021948775 0.47193 0.379967836 0.436321724 0.3673745177145686 ../testing_datasets/H3_epi.csv NeighborSum 8
0.0 0.13216599636605375 0.8982 0.814016394 0.477707583 0.13509413430033773 ../testing_datasets/H3_epi.csv NeighborSum 8
0.0 0.1133063779747985 -0.2394 0.316414832 0.381706553 1.1790533863080497 ../testing_datasets/H3_epi.csv NeighborSum 8
0.0 0.08631335163742644 -3.05671 0.933438646 0.267033665 -1.33524468722602 ../testing_datasets/H3_epi.csv NeighborSum 8
0.0 0.10150568766336175 -0.22077 0.309571582 0.477258311 -2.1060271186927113 ../testing_datasets/H3_epi.csv NeighborSum 8
0.0 0.061208761318830504 -6.60376 0.879706311 0.437279676 -3.5070095211230257 ../testing_datasets/H3_epi.csv NeighborSum 8
0.0 0.10298692895950919 -1.60209 0.53804943 0.617598402 -2.7866818179110036 ../testing_datasets/H3_epi.csv NeighborSum 8
0.0 0.09366508959602923 -3.18765 1.011120086 0.4937018 -2.9088445371382035 ../testing_datasets/H3_epi.csv NeighborSum 8
0.0 0.12793618844479937 1.14064 0.543627628 0.594920348 -1.2935623362292252 ../testing_datasets/H3_epi.csv NeighborSum 8
0.0 0.09416655778147598 -1.32924 0.923468502 0.512895651 -4.921586246778333 ../testing_datasets/H3_epi.csv NeighborSum 8
0.0 0.0779862592196196 -4.64228 0.882711911 0.41149199 -2.511199938476059 ../testing_datasets/H3_epi.csv NeighborSum 8
0.0 0.06150498535772446 -1.37019 1.186875898 0.566663894 -12.436654912509637 ../testing_datasets/H3_epi.csv NeighborSum 8
0.0 0.10120058378352922 -4.19771 0.442003714 0.573623731 0.8830099780393639 ../testing_datasets/H3_epi.csv NeighborSum 8
0.0 0.0927862775023275 -0.04808 0.120918225 0.498945978 -3.417098246297954 ../testing_datasets/H3_epi.csv NeighborSum 8
0.0 0.0988572145688085 -0.23083 0.221265229 0.420739764 -1.5430587640861804 ../testing_datasets/H3_epi.csv NeighborSum 8
0.0 0.07528902577791496 -1.1378 0.975002954 0.383610335 -7.182246308908097 ../testing_datasets/H3_epi.csv NeighborSum 8
0.0 0.10738514795839219 -2.88341 0.657951648 0.566483721 -0.31326372068831065 ../testing_datasets/H3_epi.csv NeighborSum 8
0.0 0.10433856973135279 0.04784 0.203960544 0.465709462 -1.365233051354494 ../testing_datasets/H3_epi.csv NeighborSum 8
0.0 0.10691546303428211 -0.60415 0.731130699 0.394561194 -1.301672783858455 ../testing_datasets/H3_epi.csv NeighborSum 8
0.0 0.0865116481302564 -2.186 1.374086679 0.543240415 -7.396906039369858 ../testing_datasets/H3_epi.csv NeighborSum 8
0.0 0.10684082492809191 -2.75189 0.575827981 0.618551087 -0.882570955410042 ../testing_datasets/H3_epi.csv NeighborSum 8
0.0 0.14397466187679403 -0.06371 0.784631442 0.593738037 2.1121155073629243 ../testing_datasets/H3_epi.csv NeighborSum 8
0.0 0.1264563070841819 0.79046 0.404721355 0.564438746 -0.23600846481792326 ../testing_datasets/H3_epi.csv NeighborSum 8
0.0 0.1191095858207912 -0.45849 0.605313959 0.547516672 -0.6471954241690168 ../testing_datasets/H3_epi.csv NeighborSum 8
0.0 0.10948755359236309 -2.05804 1.121181829 0.42045763 -0.9341210009711747 ../testing_datasets/H3_epi.csv NeighborSum 8
0.0 0.09682961972591413 -2.46537 0.866287947 0.475436489 -2.4141020677692686 ../testing_datasets/H3_epi.csv NeighborSum 8
0.0 0.09980320968209638 -3.09908 0.225781842 0.598960413 -0.14587691095185967 ../testing_datasets/H3_epi.csv NeighborSum 8
0.0 0.10077214297260575 -1.20107 0.65672676 0.55870095 -3.4065846621163507 ../testing_datasets/H3_epi.csv NeighborSum 8
0.0 0.07322952529265314 -3.42813 1.183858458 0.437388659 -6.293006014488377 ../testing_datasets/H3_epi.csv NeighborSum 8
0.0 0.08304198258397441 -1.69757 0.617009927 0.583953198 -6.167145170769913 ../testing_datasets/H3_epi.csv NeighborSum 8
0.0 0.11082304183957419 0.14145 0.207435725 0.606864247 -2.035766992671455 ../testing_datasets/H3_epi.csv NeighborSum 8
0.0 0.09096219839534393 -2.03707 0.94038325 0.444806271 -3.8961073435306965 ../testing_datasets/H3_epi.csv NeighborSum 8
0.0 0.05721313101905165 -4.7304 1.022230688 0.450382689 -7.165666549106837 ../testing_datasets/H3_epi.csv NeighborSum 8
0.0 0.09079238719263788 -2.53619 0.334850427 0.604359704 -2.9280246029633545 ../testing_datasets/H3_epi.csv NeighborSum 8
0.0 0.10732860843990052 -0.12594 0.494418865 0.571118742 -3.0247643120646117 ../testing_datasets/H3_epi.csv NeighborSum 8
0.0 0.07542383646131437 -3.83323 1.23377934 0.434192912 -5.570099826800639 ../testing_datasets/H3_epi.csv NeighborSum 8
0.0 0.08638223498406508 -2.3094 0.862137593 0.577173467 -5.703965792451282 ../testing_datasets/H3_epi.csv NeighborSum 8
0.0 0.119727486190998 0.0807 0.770149767 0.638266368 -2.917656685130782 ../testing_datasets/H3_epi.csv NeighborSum 8
0.0 0.10573566744108366 -1.36635 0.858298918 0.500572512 -2.388899082763645 ../testing_datasets/H3_epi.csv NeighborSum 8
0.0 0.0684084469079885 -4.04703 1.183739322 0.439313535 -6.449686955393181 ../testing_datasets/H3_epi.csv NeighborSum 8
0.0 0.10272226997876276 -2.53589 1.040113198 0.593647392 -3.376929210458783 ../testing_datasets/H3_epi.csv NeighborSum 8
0.0 0.11663543941185317 -2.32882 0.8189937 0.622521708 -0.6086529240873781 ../testing_datasets/H3_epi.csv NeighborSum 8
0.0 0.0775453013235064 -2.36208 1.058076775 0.482879744 -6.847814958900523 ../testing_datasets/H3_epi.csv NeighborSum 8
0.0 0.07631997576790568 -4.37304 1.126303504 0.514298648 -5.324111223973635 ../testing_datasets/H3_epi.csv NeighborSum 8
0.0 0.09904577637996642 -1.28578 1.033761289 0.637086279 -6.029396824732127 ../testing_datasets/H3_epi.csv NeighborSum 8
0.0 0.09522463721138963 -1.76027 0.857445172 0.581951777 -4.801912222498737 ../testing_datasets/H3_epi.csv NeighborSum 8
0.0 0.06376116890065658 -4.75711 1.674021396 0.460665884 -8.601221128053743 ../testing_datasets/H3_epi.csv NeighborSum 8
0.0 0.084011686021577 -4.41633 0.973501852 0.591731843 -4.234831665695943 ../testing_datasets/H3_epi.csv NeighborSum 8
0.0 0.09027526659438417 -2.95255 1.022611663 0.633192194 -5.539252413001736 ../testing_datasets/H3_epi.csv NeighborSum 8
0.0 0.05994748151239071 -4.01106 1.066444429 0.456087844 -7.768161333882205 ../testing_datasets/H3_epi.csv NeighborSum 8
0.0 0.06443531073550036 -3.00875 1.044997612 0.490030666 -8.479749580080199 ../testing_datasets/H3_epi.csv NeighborSum 8
0.0 0.08875423013245734 -1.36355 0.79112984 0.614803357 -6.582969507880813 ../testing_datasets/H3_epi.csv NeighborSum 8
0.0 0.08597263750107974 -4.80221 0.860397633 0.544333849 -2.4085950507512104 ../testing_datasets/H3_epi.csv NeighborSum 8
0.0 0.05901777762424752 -3.31862 1.256955553 0.412356109 -8.96511970162279 ../testing_datasets/H3_epi.csv NeighborSum 8
0.0 0.08948076329790562 -3.5095 0.706950877 0.566876072 -2.9925466262607094 ../testing_datasets/H3_epi.csv NeighborSum 8
0.0 0.10988513563680757 -0.0153 0.797042168 0.635124982 -4.644569286475206 ../testing_datasets/H3_epi.csv NeighborSum 8
0.0 0.08186365931508863 0.55593 0.973929637 0.491812211 -9.320688880872675 ../testing_datasets/H3_epi.csv NeighborSum 8
0.0 0.06670214430553013 -3.80654 0.694254731 0.425811019 -4.984272700550935 ../testing_datasets/H3_epi.csv NeighborSum 8
0.0 0.09126977961194635 -1.54641 0.891798479 0.586719497 -5.960350395183563 ../testing_datasets/H3_epi.csv NeighborSum 8
0.0 0.09589554309001258 -5.08613 1.261879668 0.551305233 -1.920434086957042 ../testing_datasets/H3_epi.csv NeighborSum 8
0.0 0.03541031275873965 -4.64777 0.820562394 0.449131647 -10.400177865866327 ../testing_datasets/H3_epi.csv NeighborSum 8
0.0 0.07082066527519301 -1.68062 1.040108166 0.498811407 -8.994779751370336 ../testing_datasets/H3_epi.csv NeighborSum 8
0.0 0.07649474232050076 -2.78645 0.869979244 0.521583404 -6.27492779669021 ../testing_datasets/H3_epi.csv NeighborSum 8
0.0 0.040751210619049225 -3.22231 1.179757521 0.378793401 -11.667339667007814 ../testing_datasets/H3_epi.csv NeighborSum 8
0.0 0.03034045098876488 -4.34332 0.601591722 0.464461998 -11.0150544874686 ../testing_datasets/H3_epi.csv NeighborSum 8
0.0 0.056687741526850396 -3.20198 1.083122381 0.536047447 -10.35412223670271 ../testing_datasets/H3_epi.csv NeighborSum 8
0.0 0.04647216213015874 -6.21378 1.006637211 0.307794794 -5.546322879065227 ../testing_datasets/H3_epi.csv NeighborSum 8
0.0 0.029180209467468243 -2.78339 0.432581259 0.422469544 -11.91416311458501 ../testing_datasets/H3_epi.csv NeighborSum 8
0.0 0.058460298244156494 -2.68834 0.611989681 0.553563832 -9.033987788286943 ../testing_datasets/H3_epi.csv NeighborSum 8
0.0 0.0613982961050418 -2.1739 1.058319156 0.455904878 -9.656832854089396 ../testing_datasets/H3_epi.csv NeighborSum 8
0.0 0.04763887345095658 -2.87977 0.667925035 0.407145028 -9.19538088843248 ../testing_datasets/H3_epi.csv NeighborSum 8
0.0 0.02270138612563244 -4.21333 0.345201153 0.470765546 -11.631340159363674 ../testing_datasets/H3_epi.csv NeighborSum 8
0.0 0.04593151293973892 -3.98978 1.059536526 0.491412183 -10.723799491379562 ../testing_datasets/H3_epi.csv NeighborSum 8
0.0 0.04162401338790688 -2.81077 0.794924622 0.385400415 -10.589630023410539 ../testing_datasets/H3_epi.csv NeighborSum 8
0.0 0.020795754903956437 -5.25553 0.70427318 0.437332735 -11.719884654976045 ../testing_datasets/H3_epi.csv NeighborSum 8
0.0 0.028799674344178114 -3.32452 0.750990428 0.49708766 -13.478921656768204 ../testing_datasets/H3_epi.csv NeighborSum 8
0.0 0.035155680397066624 -2.71549 0.921750244 0.361690652 -12.072352394323934 ../testing_datasets/H3_epi.csv NeighborSum 8
0.0 0.03308118446850028 -4.78668 0.731156107 0.413983088 -9.88186503778596 ../testing_datasets/H3_epi.csv NeighborSum 8
0.0 0.00568800003702398 -5.0761 0.687332561 0.456874455 -14.829810029646339 ../testing_datasets/H3_epi.csv NeighborSum 8
0.0 0.014352281768274994 -5.39295 1.128182407 0.4428872 -14.427219009990603 ../testing_datasets/H3_epi.csv NeighborSum 8
0.0 0.04773995913993957 -1.88965 0.651141511 0.46636381 -11.00884480821651 ../testing_datasets/H3_epi.csv NeighborSum 8
0.0 0.026909299595683313 -3.8445 1.092719543 0.450734477 -13.961381064262403 ../testing_datasets/H3_epi.csv NeighborSum 8
0.0 0.020067121446082546 -7.82524 1.012464666 0.427269469 -9.867261888453505 ../testing_datasets/H3_epi.csv NeighborSum 8
0.0 0.03376446243920505 -3.80103 1.015872496 0.393047444 -11.77820002556994 ../testing_datasets/H3_epi.csv NeighborSum 8
0.0 0.07915306233900041 -2.00459 0.711453749 0.463939507 -5.410775689702165 ../testing_datasets/H3_epi.csv NeighborSum 8
0.0 0.07065771298986324 -3.6809 1.115958164 0.485260775 -6.775218540039264 ../testing_datasets/H3_epi.csv NeighborSum 8
0.0 0.10966206032748704 -0.25187 0.823143494 0.414461947 -1.8231487239350304 ../testing_datasets/H3_epi.csv NeighborSum 8
0.0 0.06968500032077185 -2.19764 1.451526067 0.296096304 -7.714344675092361 ../testing_datasets/H3_epi.csv NeighborSum 8
0.0 0.04201244062825338 -2.86952 1.312299207 0.48675974 -13.68437504805456 ../testing_datasets/H3_epi.csv NeighborSum 8
0.0 0.07838692242536102 -2.86086 0.912711905 0.56537855 -6.542833886689822 ../testing_datasets/H3_epi.csv NeighborSum 8
0.0 0.05810897740118021 -6.19442 1.516847775 0.560533917 -8.517052160697625 ../testing_datasets/H3_epi.csv NeighborSum 8
0.0 0.09120263426512437 -1.96319 0.97506998 0.460823665 -4.269497751553046 ../testing_datasets/H3_epi.csv NeighborSum 8
0.0 0.08340437447773746 -2.92345 0.620981734 0.470468653 -3.280792156899885 ../testing_datasets/H3_epi.csv NeighborSum 8
0.0 0.11863175808001367 0.75182 0.657617848 0.419822546 -0.8229511255829257 ../testing_datasets/H3_epi.csv NeighborSum 8
0.0 0.09641428397532925 -1.66416 1.255474233 0.361532806 -3.564018561813234 ../testing_datasets/H3_epi.csv NeighborSum 8
0.0 0.04296824992145962 -4.2178 1.196279444 0.388813265 -10.269775951703116 ../testing_datasets/H3_epi.csv NeighborSum 8
0.0 0.09381745436558747 -0.67915 0.607995014 0.582008488 -5.375915395523188 ../testing_datasets/H3_epi.csv NeighborSum 8
0.0 0.09331733870433659 -1.10036 0.550428197 0.513791627 -3.913556882789838 ../testing_datasets/H3_epi.csv NeighborSum 8
0.0 0.03387241813993661 -5.2012 1.184196075 0.392317454 -10.736980479790644 ../testing_datasets/H3_epi.csv NeighborSum 8
0.0 0.04969129588972747 -2.74257 1.096636703 0.534449489 -12.195000300263098 ../testing_datasets/H3_epi.csv NeighborSum 8
0.0 0.09238694362476765 -1.89528 0.408940997 0.621989157 -3.90341372646152 ../testing_datasets/H3_epi.csv NeighborSum 8
0.0 0.07358862629459449 -3.32553 0.729475299 0.462519736 -4.896525977915416 ../testing_datasets/H3_epi.csv NeighborSum 8
0.0 0.04438175222355625 -3.22984 1.268900122 0.431765031 -11.992413496209503 ../testing_datasets/H3_epi.csv NeighborSum 8
0.0 0.08830808284527712 -3.00248 0.702256702 0.594060732 -4.118958671879484 ../testing_datasets/H3_epi.csv NeighborSum 8
0.0 0.11284674340533356 -1.97056 0.87665334 0.578834163 -1.410190801063187 ../testing_datasets/H3_epi.csv NeighborSum 8
0.0 0.07893619508528507 -1.88963 1.150906151 0.44943011 -7.111509064229413 ../testing_datasets/H3_epi.csv NeighborSum 8
0.0 0.07142530708394385 -4.84453 0.975306772 0.579266 -5.851288849452211 ../testing_datasets/H3_epi.csv NeighborSum 8
0.0 0.10779600016757027 1.07773 0.923744322 0.520739632 -5.421255555660261 ../testing_datasets/H3_epi.csv NeighborSum 8
0.0 0.1135956156017601 -1.05014 0.83649241 0.365010035 0.3845164830602739 ../testing_datasets/H3_epi.csv NeighborSum 8
0.0 0.09767454545325133 -2.52051 1.09437991 0.407446563 -2.2529856119361726 ../testing_datasets/H3_epi.csv NeighborSum 8
0.0 0.06170172766886303 -0.65501 0.708683209 0.612620955 -11.958589469985757 ../testing_datasets/H3_epi.csv NeighborSum 8
0.0 0.07582329344264746 -1.97508 0.593224647 0.392259914 -4.717645738524936 ../testing_datasets/H3_epi.csv NeighborSum 8
0.0 0.10012149252412667 -3.57439 0.857243788 0.556167087 -1.44801627273084 ../testing_datasets/H3_epi.csv NeighborSum 8
0.0 0.08348999552790888 -0.00559 0.31878471 0.380062688 -4.46558246827008 ../testing_datasets/H3_epi.csv NeighborSum 8
0.0 0.09758570692142234 -2.62371 0.760981142 0.439272669 -1.2423682139939314 ../testing_datasets/H3_epi.csv NeighborSum 8
0.0 0.10579740413859813 -0.21843 0.207246088 0.414991602 -0.18198952976245464 ../testing_datasets/H3_epi.csv NeighborSum 8
0.0 0.09902107590566572 -0.96302 0.779605479 0.314603852 -1.5148606690737099 ../testing_datasets/H3_epi.csv NeighborSum 8
0.0 0.10008066548362811 -0.73868 0.252588801 0.493516488 -1.7243118939746678 ../testing_datasets/H3_epi.csv NeighborSum 8
0.0 0.044604732533362806 -5.45621 0.707217285 0.364622847 -6.31512505095127 ../testing_datasets/H3_epi.csv NeighborSum 8
0.0 0.07250624367650702 -3.10496 0.204689558 0.601322518 -5.009034667982117 ../testing_datasets/H3_epi.csv NeighborSum 8
0.0 0.07609192673878115 -4.12046 1.04134297 0.487016267 -5.00506351289461 ../testing_datasets/H3_epi.csv NeighborSum 8
0.0 0.10452175573422315 -2.06128 0.595059183 0.57918101 -1.7178487737331432 ../testing_datasets/H3_epi.csv NeighborSum 8
0.0 0.08856202124437264 -0.31143 0.931770858 0.502247853 -7.0451032365261925 ../testing_datasets/H3_epi.csv NeighborSum 8
0.0 0.08331778513354393 -4.28469 0.872256556 0.432441566 -2.1888432217495937 ../testing_datasets/H3_epi.csv NeighborSum 8
0.0 0.0674974593831258 -1.25944 1.212739305 0.584495518 -11.80436499268601 ../testing_datasets/H3_epi.csv NeighborSum 8
0.0 0.09532183386451258 -4.81659 0.426957457 0.57182225 0.6386208872403716 ../testing_datasets/H3_epi.csv NeighborSum 8
0.0 0.0859853387672183 -0.53857 0.092517369 0.496861171 -3.9252935824324093 ../testing_datasets/H3_epi.csv NeighborSum 8
0.0 0.08982514302778837 -0.1696 0.261605919 0.389021693 -3.0155524295976113 ../testing_datasets/H3_epi.csv NeighborSum 8
0.0 0.07100332474980223 -1.14458 1.005179347 0.391918259 -8.164906862625589 ../testing_datasets/H3_epi.csv NeighborSum 8
0.0 0.10571443035303335 -2.80542 0.655162333 0.520932103 -0.14296216647327553 ../testing_datasets/H3_epi.csv NeighborSum 8
0.0 0.09905655416143935 -0.35188 0.205533792 0.468353003 -1.880890967006718 ../testing_datasets/H3_epi.csv NeighborSum 8
0.0 0.09937485355506606 -1.76164 0.757078726 0.392518945 -1.3612632992464708 ../testing_datasets/H3_epi.csv NeighborSum 8
0.0 0.08578270290462656 -1.87786 1.355263093 0.3525717 -5.5048372106464765 ../testing_datasets/H3_epi.csv NeighborSum 8
0.0 0.12137341847815439 -0.61363 0.484034328 0.641637324 -0.7287012331739208 ../testing_datasets/H3_epi.csv NeighborSum 8
1.0 0.09610576281865812 -4.75777 0.70281483 0.69905717 -1.9040006217982923 ../testing_datasets/H3_epi.csv NeighborSum 8
1.0 0.08432371303563688 -1.29402 0.211964021 0.647833971 -5.623916766396784 ../testing_datasets/H3_epi.csv NeighborSum 8
0.0 0.08256064473933686 -1.45537 0.612367541 0.483448964 -5.302596863179891 ../testing_datasets/H3_epi.csv NeighborSum 8
0.0 0.06727155718992373 -3.89779 1.196666614 0.428008725 -6.7448164183866846 ../testing_datasets/H3_epi.csv NeighborSum 8
1.0 0.07275819529757012 -2.7384 0.715100347 0.579302426 -7.107751874734795 ../testing_datasets/H3_epi.csv NeighborSum 8
1.0 0.08200100642776502 -3.62681 0.115711929 0.595265533 -2.2581818017085538 ../testing_datasets/H3_epi.csv NeighborSum 8
0.0 0.08995550381822438 -1.29095 0.690582744 0.501678063 -4.6886868443059715 ../testing_datasets/H3_epi.csv NeighborSum 8
1.0 0.09343429352789587 -3.75295 1.196403002 0.476626621 -2.788241805785729 ../testing_datasets/H3_epi.csv NeighborSum 8
1.0 0.0996675754721438 -2.54344 0.483154326 0.679766952 -2.809210089261462 ../testing_datasets/H3_epi.csv NeighborSum 8
1.0 0.11936043589935141 0.51657 0.130677272 0.627926417 -0.9007467285637656 ../testing_datasets/H3_epi.csv NeighborSum 8
0.0 0.11210851397296939 -0.9336 0.943695555 0.451696998 -1.490658183109976 ../testing_datasets/H3_epi.csv NeighborSum 8
1.0 0.11875063224552329 -1.79045 0.958617728 0.546161722 -0.4798004389587327 ../testing_datasets/H3_epi.csv NeighborSum 8
1.0 0.12585578597124755 -1.32404 0.262675306 0.630650387 1.9147112458290052 ../testing_datasets/H3_epi.csv NeighborSum 8
0.0 0.1246315323218394 0.18962 0.539623645 0.504267199 0.35810666340264524 ../testing_datasets/H3_epi.csv NeighborSum 8
0.0 0.13484044770822828 -2.26927 1.223431364 0.481973491 2.746092481101807 ../testing_datasets/H3_epi.csv NeighborSum 8
1.0 0.14853200575669412 1.60892 0.815664173 0.630753393 0.3756866439993489 ../testing_datasets/H3_epi.csv NeighborSum 8
0.0 0.16406554311796376 -0.31093 0.760532859 0.78011504 3.8579342382112736 ../testing_datasets/H3_epi.csv NeighborSum 8
1.0 0.15636519321627088 0.0206 0.854286305 0.730994594 2.308981199075772 ../testing_datasets/H3_epi.csv NeighborSum 8
1.0 0.16349279884929827 0.38414 1.153800785 0.749115592 1.7825652802723257 ../testing_datasets/H3_epi.csv NeighborSum 8
1.0 0.1401886849715556 -0.37162 1.042818155 0.578004096 0.9870105972586178 ../testing_datasets/H3_epi.csv NeighborSum 8
0.0 0.14347170297616896 -1.01975 0.812858912 0.74782007 1.1762806647499895 ../testing_datasets/H3_epi.csv NeighborSum 8
0.0 0.1388148952137613 -3.49857 1.048833101 0.623264499 3.883267081477847 ../testing_datasets/H3_epi.csv NeighborSum 8
0.0 0.16917530832998462 2.34185 1.118867783 0.657316866 1.730868706064237 ../testing_datasets/H3_epi.csv NeighborSum 8
0.0 0.1714687062655464 1.81148 1.004286968 0.666177814 3.110897966071648 ../testing_datasets/H3_epi.csv NeighborSum 8
0.0 0.13796755599782562 -0.82393 0.864627887 0.666824629 0.7346287805338128 ../testing_datasets/H3_epi.csv NeighborSum 8
0.0 0.06757302186169009 -2.21698 1.682866623 0.363254491 -9.78395228357268 ../testing_datasets/H3_epi.csv NeighborSum 8
0.0 0.11746126041245998 -0.0665 0.973980498 0.403111979 -1.0829232144188254 ../testing_datasets/H3_epi.csv NeighborSum 8
0.0 0.11460905090525747 -1.59397 1.019964963 0.435621943 -0.3545557151553822 ../testing_datasets/H3_epi.csv NeighborSum 8
0.0 0.1315224455377983 -0.5896 1.080741775 0.511120366 0.3491054593202596 ../testing_datasets/H3_epi.csv NeighborSum 8
0.0 0.13563839266013902 -1.46618 1.026439054 0.565670623 1.6808433648783971 ../testing_datasets/H3_epi.csv NeighborSum 8
0.0 0.13031753547298702 -0.25813 0.783120339 0.570654191 0.16649448158008848 ../testing_datasets/H3_epi.csv NeighborSum 8
0.0 0.1421386800068594 -1.41549 0.87491363 0.640544341 2.469684366497443 ../testing_datasets/H3_epi.csv NeighborSum 8
0.0 0.15103886017521284 1.21723 1.273974642 0.639236861 -0.583922708697711 ../testing_datasets/H3_epi.csv NeighborSum 8
0.0 0.12691591379791728 -2.39566 0.698662507 0.6397586 1.5813078063305563 ../testing_datasets/H3_epi.csv NeighborSum 8
0.0 0.11714616320228909 -0.94351 0.806137062 0.596440879 -1.7966911495924067 ../testing_datasets/H3_epi.csv NeighborSum 8
0.0 0.10827309748428023 -2.80478 0.999791515 0.541202652 -1.262762835112835 ../testing_datasets/H3_epi.csv NeighborSum 8
0.0 0.08456476382323076 0.05205 0.723010869 0.429522132 -6.506190669874411 ../testing_datasets/H3_epi.csv NeighborSum 8
0.0 0.08654131189575906 -2.47256 0.9134052 0.493951519 -4.668484786316944 ../testing_datasets/H3_epi.csv NeighborSum 8
0.0 0.08276183614419842 -4.09892 1.177075753 0.602264421 -5.753677915410234 ../testing_datasets/H3_epi.csv NeighborSum 8
0.0 0.030373875313879833 -5.40796 0.866090372 0.447345866 -10.559358864966308 ../testing_datasets/H3_epi.csv NeighborSum 8
0.0 0.0352691282272124 -5.7612 1.040738514 0.382127 -9.140145937689896 ../testing_datasets/H3_epi.csv NeighborSum 8
0.0 0.06375307346382131 -3.20132 0.883922457 0.544771566 -8.41549276428944 ../testing_datasets/H3_epi.csv NeighborSum 8
0.0 0.04951769337914747 -3.80354 1.192942461 0.423177569 -9.985704432684962 ../testing_datasets/H3_epi.csv NeighborSum 8
0.0 0.010773459211137218 -4.44307 0.598159525 0.403076121 -13.666204781141067 ../testing_datasets/H3_epi.csv NeighborSum 8
0.0 0.07700085615685393 -4.42333 1.063868523 0.531204229 -5.105254366715947 ../testing_datasets/H3_epi.csv NeighborSum 8
0.0 0.09107345266434005 -1.52687 1.020103694 0.530667803 -5.834569311454891 ../testing_datasets/H3_epi.csv NeighborSum 8
0.0 0.05834318705368214 -2.32609 0.436271469 0.437249809 -7.392052790500903 ../testing_datasets/H3_epi.csv NeighborSum 8
0.0 0.07217250702534181 -1.10892 0.535295504 0.46735749 -7.094077069313862 ../testing_datasets/H3_epi.csv NeighborSum 8
0.0 0.11316871166162709 -1.28695 1.043296385 0.624816382 -3.368698720871743 ../testing_datasets/H3_epi.csv NeighborSum 8
0.0 0.0750733407055626 -3.82857 0.716735645 0.489040682 -4.303699640115184 ../testing_datasets/H3_epi.csv NeighborSum 8
0.0 0.029529820882757796 -5.14881 0.332333688 0.449105671 -8.974691178287502 ../testing_datasets/H3_epi.csv NeighborSum 8
0.0 0.09338668882753269 -1.62541 0.984743405 0.469638647 -4.421715585009614 ../testing_datasets/H3_epi.csv NeighborSum 8
0.0 0.10654641616520202 -1.30478 0.827641358 0.603729944 -3.4507407906520124 ../testing_datasets/H3_epi.csv NeighborSum 8
0.0 0.06711118057557602 -2.93369 0.752629948 0.500263238 -7.0788666764388175 ../testing_datasets/H3_epi.csv NeighborSum 8
0.0 0.0742237915317578 -2.75751 0.760721617 0.439325834 -5.296348415418849 ../testing_datasets/H3_epi.csv NeighborSum 8
0.0 0.11861002831301967 -1.34156 0.993678795 0.579146798 -1.5753614480053382 ../testing_datasets/H3_epi.csv NeighborSum 8
0.0 0.1102058417068307 -2.12549 0.800457834 0.606546749 -1.7440862555689787 ../testing_datasets/H3_epi.csv NeighborSum 8
0.0 0.07757279587536456 -3.61401 0.704684042 0.481717532 -3.972336911324296 ../testing_datasets/H3_epi.csv NeighborSum 8
0.0 0.09175621658956631 -2.19707 1.140684827 0.421130542 -4.050428743634532 ../testing_datasets/H3_epi.csv NeighborSum 8
0.0 0.11872154722421382 0.85552 0.70700435 0.571915455 -2.9694397866126403 ../testing_datasets/H3_epi.csv NeighborSum 8
0.0 0.10839521863608834 -1.46995 1.090830856 0.551696943 -3.307549556333597 ../testing_datasets/H3_epi.csv NeighborSum 8
0.0 0.07823747446575441 -4.86162 1.013050303 0.439234554 -3.0468506643223017 ../testing_datasets/H3_epi.csv NeighborSum 8
0.0 0.09310458925868051 -4.15352 0.997334168 0.460810882 -1.4086535456920706 ../testing_datasets/H3_epi.csv NeighborSum 8
0.0 0.12023499590185982 -1.95822 0.700903709 0.614625217 0.15309547308414612 ../testing_datasets/H3_epi.csv NeighborSum 8
0.0 0.11973816153474078 -0.48431 1.057297943 0.509948747 -1.796401577967819 ../testing_datasets/H3_epi.csv NeighborSum 8
0.0 0.10192572065509849 -0.54065 0.801095412 0.454936861 -3.2816125772041898 ../testing_datasets/H3_epi.csv NeighborSum 8
0.0 0.12086040294594347 -2.17009 1.414119983 0.499189536 -0.8405891935451851 ../testing_datasets/H3_epi.csv NeighborSum 8
0.0 0.11880463856101713 -0.71104 1.320760203 0.602191007 -3.8360986505050323 ../testing_datasets/H3_epi.csv NeighborSum 8
0.0 0.08602021653553601 -3.95962 1.078336037 0.518546851 -3.932037473519143 ../testing_datasets/H3_epi.csv NeighborSum 8
0.0 0.10189359946630665 -1.45186 1.527139493 0.457961345 -5.051683888480163 ../testing_datasets/H3_epi.csv NeighborSum 8
0.0 0.08303313528634577 -2.32088 0.995512046 0.525460049 -6.182264289017776 ../testing_datasets/H3_epi.csv NeighborSum 8
0.0 0.0665219525431048 -7.53053 0.809259689 0.603318369 -3.191972268460277 ../testing_datasets/H3_epi.csv NeighborSum 8
0.0 0.06416355486198254 -2.73052 0.661070452 0.549756481 -8.098985155603884 ../testing_datasets/H3_epi.csv NeighborSum 8
0.0 0.08502391798809764 -4.30751 1.286137987 0.580807725 -5.2592116959132555 ../testing_datasets/H3_epi.csv NeighborSum 8
0.0 0.0977621966088424 -1.72581 1.206935439 0.634181451 -6.372906647610968 ../testing_datasets/H3_epi.csv NeighborSum 8
0.0 0.08558005191798951 -1.18195 0.629992918 0.619746482 -6.80757993460545 ../testing_datasets/H3_epi.csv NeighborSum 8
0.0 0.08455437655386949 -2.64982 0.537023876 0.62398496 -4.939154744424228 ../testing_datasets/H3_epi.csv NeighborSum 8
0.0 0.10073145422702078 -3.12395 1.163806547 0.628880946 -3.9439088006867262 ../testing_datasets/H3_epi.csv NeighborSum 8
0.0 0.08831600091274433 -3.51753 1.138946126 0.579603666 -5.02013685882987 ../testing_datasets/H3_epi.csv NeighborSum 8
0.0 0.07980774950373923 -3.43685 0.433889401 0.575833243 -3.875203800333958 ../testing_datasets/H3_epi.csv NeighborSum 8
0.0 0.09293709173295553 -1.85087 0.753158473 0.620360106 -5.169776423481973 ../testing_datasets/H3_epi.csv NeighborSum 8
0.0 0.09191284027326733 -3.30034 1.307695958 0.541796192 -4.823487560446841 ../testing_datasets/H3_epi.csv NeighborSum 8
0.0 0.06565230719030717 -1.83852 0.821615474 0.460142172 -8.423435265292243 ../testing_datasets/H3_epi.csv NeighborSum 8
0.0 0.09835348448172054 -2.82625 0.867244679 0.563614512 -2.785485891818926 ../testing_datasets/H3_epi.csv NeighborSum 8
0.0 0.09589750307141715 -0.99022 1.13120506 0.501806143 -5.681892481478232 ../testing_datasets/H3_epi.csv NeighborSum 8
0.0 0.08716447120299475 -6.09864 0.951889434 0.560343008 -1.2011895913422992 ../testing_datasets/H3_epi.csv NeighborSum 8
0.0 0.14834085036999345 5.26967 0.825507389 0.413718163 -1.4114012750852254 ../testing_datasets/H3_epi.csv NeighborSum 8
0.0 0.1551952105450366 3.39804 0.793110125 0.251239882 4.149627920928592 ../testing_datasets/H3_epi.csv NeighborSum 8
0.0 0.10810794748469793 -3.83505 1.031493409 0.607399108 -0.9949056891499821 ../testing_datasets/H3_epi.csv NeighborSum 8
0.0 0.02662445573728893 -2.42327 0.864759332 0.541983715 -15.928642285718645 ../testing_datasets/H3_epi.csv NeighborSum 8
0.0 0.06350962809014099 -4.71313 0.61270284 0.33415347 -3.0527769440711516 ../testing_datasets/H3_epi.csv NeighborSum 8
0.0 0.0728325066275552 -4.36946 0.884873647 0.462233314 -4.389994420637213 ../testing_datasets/H3_epi.csv NeighborSum 8
0.0 0.06917395710599308 -0.29921 0.640065215 0.254434063 -6.4156402456503105 ../testing_datasets/H3_epi.csv NeighborSum 8
0.0 0.07569076005346737 -1.95715 0.851685847 0.316120234 -4.838217873056644 ../testing_datasets/H3_epi.csv NeighborSum 8
0.0 0.0859406412189804 -2.09951 0.348089293 0.261316096 -0.20481099748450488 ../testing_datasets/H3_epi.csv NeighborSum 8
0.0 0.08741107733034928 -2.13756 0.862810622 0.335489908 -2.7883939281335324 ../testing_datasets/H3_epi.csv NeighborSum 8
0.0 0.09871701269271926 -0.64753 0.592361004 0.502324198 -3.501016247465401 ../testing_datasets/H3_epi.csv NeighborSum 8
0.0 0.048815126196298755 -5.0457 0.872087436 0.403206386 -7.150910767746428 ../testing_datasets/H3_epi.csv NeighborSum 8
0.0 0.06035264361982813 -2.30736 0.212941744 0.541336978 -7.45217268800053 ../testing_datasets/H3_epi.csv NeighborSum 8
0.0 0.08639661808156485 -3.20706 1.046359446 0.614300241 -5.798582537399774 ../testing_datasets/H3_epi.csv NeighborSum 8
0.0 0.07466200224367237 -4.24697 0.561512033 0.590431103 -4.511651190730539 ../testing_datasets/H3_epi.csv NeighborSum 8
0.0 0.09775296929201713 -4.26129 0.924414753 0.661403561 -2.5974640055726237 ../testing_datasets/H3_epi.csv NeighborSum 8
0.0 0.1158124694412892 -1.33014 0.847142193 0.583158969 -1.5749479534013096 ../testing_datasets/H3_epi.csv NeighborSum 8
0.0 0.11708520998190242 -0.00773 1.19843548 0.69259174 -5.607271756940869 ../testing_datasets/H3_epi.csv NeighborSum 8
0.0 0.09528839173287046 -4.68592 0.445627454 0.616167129 -0.13390144296616946 ../testing_datasets/H3_epi.csv NeighborSum 8
0.0 0.08347062063082518 -2.16794 0.155453728 0.548487042 -3.3128404999078453 ../testing_datasets/H3_epi.csv NeighborSum 8
0.0 0.09237319842269813 0.10503 0.29890498 0.508037714 -4.473145126243869 ../testing_datasets/H3_epi.csv NeighborSum 8
0.0 0.10143842126234262 -1.88707 0.885523229 0.50698248 -2.7281793834850205 ../testing_datasets/H3_epi.csv NeighborSum 8
0.0 0.10128266119664042 -2.67076 0.693656821 0.591047054 -2.1033826626772982 ../testing_datasets/H3_epi.csv NeighborSum 8
0.0 0.10252069549503212 -0.33149 0.530187444 0.53873164 -3.392439382777261 ../testing_datasets/H3_epi.csv NeighborSum 8
0.0 0.0976608111968186 -3.02644 0.883519866 0.452514967 -1.385367258160025 ../testing_datasets/H3_epi.csv NeighborSum 8
0.0 0.08411126774989902 -4.0757 1.387089416 0.295413638 -2.622134894339286 ../testing_datasets/H3_epi.csv NeighborSum 8
1.0 0.11343393009534952 -1.53205 0.778761919 0.681401239 -2.6929982087399424 ../testing_datasets/H3_epi.csv NeighborSum 8
1.0 0.09876690487014228 -4.91755 0.859310583 0.702726693 -1.8845496630710763 ../testing_datasets/H3_epi.csv NeighborSum 8
1.0 0.08750737418655422 -1.27514 0.297774008 0.643291799 -5.349181664779468 ../testing_datasets/H3_epi.csv NeighborSum 8
0.0 0.08575183453102332 -1.29311 0.63965973 0.479991183 -4.9835882988220765 ../testing_datasets/H3_epi.csv NeighborSum 8
0.0 0.06918612617253572 -3.85198 1.182778761 0.425444972 -6.369057187670702 ../testing_datasets/H3_epi.csv NeighborSum 8
1.0 0.07618430681627864 -2.85527 0.804572899 0.583190318 -6.744530897241202 ../testing_datasets/H3_epi.csv NeighborSum 8
1.0 0.08646348337579171 -3.44489 0.209785592 0.591967233 -1.9937363254572482 ../testing_datasets/H3_epi.csv NeighborSum 8
0.0 0.09123635406514534 -1.25972 0.710732654 0.48401853 -4.358218425874496 ../testing_datasets/H3_epi.csv NeighborSum 8
1.0 0.09532591037160443 -3.69254 1.229652285 0.474846113 -2.6259805979610764 ../testing_datasets/H3_epi.csv NeighborSum 8
1.0 0.102261894451461 -2.40279 0.546764592 0.681350678 -2.774022852397135 ../testing_datasets/H3_epi.csv NeighborSum 8
1.0 0.11947388547962255 0.43991 0.148827361 0.631045646 -0.8973222834713184 ../testing_datasets/H3_epi.csv NeighborSum 8
0.0 0.11162314756999384 -1.08336 0.988284263 0.434100289 -1.3589470296749868 ../testing_datasets/H3_epi.csv NeighborSum 8
1.0 0.1185589172742913 -1.6756 0.97372298 0.544192875 -0.6854627067113154 ../testing_datasets/H3_epi.csv NeighborSum 8
1.0 0.1225773993685256 -1.69697 0.267811892 0.632829896 1.7204106092838827 ../testing_datasets/H3_epi.csv NeighborSum 8
0.0 0.11647908419941191 -0.40057 0.525778473 0.436773712 0.4631722104611426 ../testing_datasets/H3_epi.csv NeighborSum 8
0.0 0.13598605856152857 -1.98033 1.253416225 0.487119349 2.43060274310543 ../testing_datasets/H3_epi.csv NeighborSum 8
1.0 0.14943759739610307 1.59349 0.812587298 0.627322263 0.6109625373729284 ../testing_datasets/H3_epi.csv NeighborSum 8
0.0 0.16270349099295495 -0.21564 0.750926705 0.78332428 3.497193633964644 ../testing_datasets/H3_epi.csv NeighborSum 8
1.0 0.15773926815798678 -0.03585 0.896655797 0.739252699 2.3595294560219533 ../testing_datasets/H3_epi.csv NeighborSum 8
1.0 0.15962171964479738 0.38713 1.164038449 0.703406116 1.596670305640913 ../testing_datasets/H3_epi.csv NeighborSum 8
1.0 0.13711837122915196 -0.38731 1.014292453 0.540255779 1.0210666275396811 ../testing_datasets/H3_epi.csv NeighborSum 8
0.0 0.13840845903157106 -1.57996 0.823902963 0.748905845 0.8731339363035822 ../testing_datasets/H3_epi.csv NeighborSum 8
0.0 0.12748755948093055 -4.22743 1.050005639 0.553238002 3.5532234611865547 ../testing_datasets/H3_epi.csv NeighborSum 8
0.0 0.1659355151720856 2.68302 1.118057678 0.644745921 0.896875905149177 ../testing_datasets/H3_epi.csv NeighborSum 8
0.0 0.14722413657037542 2.00924 1.024392338 0.273106697 3.201922765739966 ../testing_datasets/H3_epi.csv NeighborSum 8
0.0 0.13262949499013515 -0.82497 0.811640813 0.612915315 0.6333577565340492 ../testing_datasets/H3_epi.csv NeighborSum 8
0.0 0.08794545606635173 -2.29809 1.672334066 0.588790597 -8.713200345682624 ../testing_datasets/H3_epi.csv NeighborSum 8
0.0 0.12862877386576516 -0.11523 0.990691291 0.562892802 -1.0172222658650976 ../testing_datasets/H3_epi.csv NeighborSum 8
0.0 0.11633692690458788 -1.85847 1.020979387 0.463587352 -0.07224967992305698 ../testing_datasets/H3_epi.csv NeighborSum 8
0.0 0.13065814177311036 -0.5931 1.055795637 0.514859204 0.24852747844367912 ../testing_datasets/H3_epi.csv NeighborSum 8
0.0 0.1370362693453619 -1.40486 1.066198821 0.565636186 1.7065527173414452 ../testing_datasets/H3_epi.csv NeighborSum 8
0.0 0.13063133022638612 -0.24762 0.778543834 0.571814993 0.21420549853085202 ../testing_datasets/H3_epi.csv NeighborSum 8
0.0 0.14177140806734426 -1.41029 0.847986298 0.640120458 2.506659909012892 ../testing_datasets/H3_epi.csv NeighborSum 8
0.0 0.15057026070282392 1.12562 1.275809547 0.640861635 -0.5863781038567869 ../testing_datasets/H3_epi.csv NeighborSum 8
0.0 0.1261658581085234 -2.33122 0.741038623 0.619450974 1.452149482035776 ../testing_datasets/H3_epi.csv NeighborSum 8
0.0 0.11671710087967953 -0.92338 0.764726784 0.591459914 -1.6771629089319997 ../testing_datasets/H3_epi.csv NeighborSum 8
0.0 0.10532982077282606 -2.8022 0.943782976 0.528581312 -1.4264585059434745 ../testing_datasets/H3_epi.csv NeighborSum 8
0.0 0.07768046135404709 -0.01974 0.714746749 0.328057281 -6.397473947229752 ../testing_datasets/H3_epi.csv NeighborSum 8
0.0 0.08759564137753639 -2.48348 0.930253372 0.484794605 -4.419302835660121 ../testing_datasets/H3_epi.csv NeighborSum 8
0.0 0.08375112684460098 -4.05156 1.256053567 0.603275949 -5.949599903535817 ../testing_datasets/H3_epi.csv NeighborSum 8
0.0 0.027294197435454824 -5.37611 0.835810015 0.420346607 -10.707335270513154 ../testing_datasets/H3_epi.csv NeighborSum 8
0.0 0.03925526921128327 -5.67761 1.083273344 0.3953137 -8.845513587968172 ../testing_datasets/H3_epi.csv NeighborSum 8
0.0 0.06313632302203048 -3.15799 0.886397964 0.554881606 -8.710675691844585 ../testing_datasets/H3_epi.csv NeighborSum 8
0.0 0.04984375251411152 -4.5826 1.218344686 0.424243444 -9.112047729558318 ../testing_datasets/H3_epi.csv NeighborSum 8
0.0 0.007641153446558566 -4.29972 0.617600794 0.398735687 -14.424060209769227 ../testing_datasets/H3_epi.csv NeighborSum 8
0.0 0.07411747673118746 -4.19526 1.0464075 0.569476161 -6.293887939425052 ../testing_datasets/H3_epi.csv NeighborSum 8
0.0 0.08889473966661601 -1.70948 1.026717248 0.53272905 -6.061072680941499 ../testing_datasets/H3_epi.csv NeighborSum 8
0.0 0.047975618353302996 -2.48409 0.518199171 0.40001798 -8.938783261467107 ../testing_datasets/H3_epi.csv NeighborSum 8
0.0 0.05898835828880178 -2.68823 0.539287956 0.483434805 -7.805229347070432 ../testing_datasets/H3_epi.csv NeighborSum 8
0.0 0.104244898347851 -1.20313 1.023206693 0.632002374 -5.087332367540811 ../testing_datasets/H3_epi.csv NeighborSum 8
0.0 0.07140172514023567 -4.34651 0.728241107 0.476373758 -4.240777351837386 ../testing_datasets/H3_epi.csv NeighborSum 8
0.0 0.021505202331435186 -4.60651 0.328855717 0.396911669 -10.418923878967925 ../testing_datasets/H3_epi.csv NeighborSum 8
0.0 0.09639920397661975 -1.7083 0.974385705 0.554862987 -4.775395097538476 ../testing_datasets/H3_epi.csv NeighborSum 8
0.0 0.1037624214362704 -1.49109 0.843482432 0.611772961 -3.8904227748550317 ../testing_datasets/H3_epi.csv NeighborSum 8
0.0 0.0659208826292201 -3.04207 0.746764275 0.493207108 -7.056245941879347 ../testing_datasets/H3_epi.csv NeighborSum 8
0.0 0.0767824326772982 -2.69687 0.741876229 0.45682828 -5.046707791323989 ../testing_datasets/H3_epi.csv NeighborSum 8
0.0 0.11690376883327579 -1.18715 0.873741936 0.593139238 -1.7723701777254268 ../testing_datasets/H3_epi.csv NeighborSum 8
0.0 0.10749420391552095 -2.17792 0.715975754 0.61215617 -1.9119160774165784 ../testing_datasets/H3_epi.csv NeighborSum 8
0.0 0.07322044526011118 -3.79772 0.676692141 0.449198465 -4.035370545669959 ../testing_datasets/H3_epi.csv NeighborSum 8
0.0 0.09886782720528789 -2.1581 1.149109632 0.476781449 -3.5230307466137574 ../testing_datasets/H3_epi.csv NeighborSum 8
0.0 0.12134129480032718 0.9376 0.663963377 0.57104252 -2.4173016312954143 ../testing_datasets/H3_epi.csv NeighborSum 8
0.0 0.10775603017208764 -1.41486 1.038341646 0.559444308 -3.3792611163016257 ../testing_datasets/H3_epi.csv NeighborSum 8
0.0 0.08104980380193594 -4.72697 1.00931652 0.431092985 -2.586319130219537 ../testing_datasets/H3_epi.csv NeighborSum 8
0.0 0.09986596992407666 -3.45534 1.009611947 0.486794408 -1.3824897384402037 ../testing_datasets/H3_epi.csv NeighborSum 8
0.0 0.12131097127977887 -2.04081 0.652709931 0.616720799 0.6064435885473434 ../testing_datasets/H3_epi.csv NeighborSum 8
0.0 0.11922692314783812 -0.57995 1.057207112 0.516754622 -1.8572610213588345 ../testing_datasets/H3_epi.csv NeighborSum 8
0.0 0.1056055819637979 -0.60971 0.796349185 0.48347495 -2.8642555339994895 ../testing_datasets/H3_epi.csv NeighborSum 8
0.0 0.12291948095418638 -2.21871 1.425720087 0.502018272 -0.49071069656075683 ../testing_datasets/H3_epi.csv NeighborSum 8
0.0 0.11654751660896417 -0.68489 1.324051971 0.607116558 -4.346863396766885 ../testing_datasets/H3_epi.csv NeighborSum 8
0.0 0.07909361295672006 -4.02353 0.931263958 0.51091208 -4.443153950906143 ../testing_datasets/H3_epi.csv NeighborSum 8
0.0 0.10335640825349075 -1.38956 1.533873041 0.463566869 -4.956108903923182 ../testing_datasets/H3_epi.csv NeighborSum 8
0.0 0.08214020334117879 -2.19767 1.003082454 0.524189417 -6.503646349501351 ../testing_datasets/H3_epi.csv NeighborSum 8
0.0 0.06068535110372038 -8.06823 0.678620048 0.604079564 -3.108905447167834 ../testing_datasets/H3_epi.csv NeighborSum 8
0.0 0.06413815616405942 -2.65016 0.75855219 0.559590165 -8.695980803454823 ../testing_datasets/H3_epi.csv NeighborSum 8
0.0 0.0883923405416164 -4.22106 1.338682007 0.57830857 -4.927523612587692 ../testing_datasets/H3_epi.csv NeighborSum 8
0.0 0.09615426364265992 -1.61936 1.177513617 0.63108996 -6.637980723993455 ../testing_datasets/H3_epi.csv NeighborSum 8
0.0 0.08164587150290294 -1.26789 0.609733531 0.620732659 -7.348510152249352 ../testing_datasets/H3_epi.csv NeighborSum 8
0.0 0.0833651528351809 -2.69164 0.57155383 0.626154719 -5.263963796155054 ../testing_datasets/H3_epi.csv NeighborSum 8
0.0 0.10001394048467706 -3.23685 1.200862802 0.626778819 -4.057012519962266 ../testing_datasets/H3_epi.csv NeighborSum 8
0.0 0.08557376317602293 -3.79799 1.102180344 0.582491601 -5.074059375669794 ../testing_datasets/H3_epi.csv NeighborSum 8
0.0 0.07335268999608725 -3.58861 0.423707349 0.493538359 -3.819529386318214 ../testing_datasets/H3_epi.csv NeighborSum 8
0.0 0.09124215167901893 -1.78956 0.798066441 0.566932433 -5.072958344511925 ../testing_datasets/H3_epi.csv NeighborSum 8
0.0 0.08802632735285547 -3.24208 1.225768266 0.532304167 -5.161176220573102 ../testing_datasets/H3_epi.csv NeighborSum 8
0.0 0.06897274867965236 -1.48119 0.760830503 0.470574667 -8.140829772781315 ../testing_datasets/H3_epi.csv NeighborSum 8
0.0 0.09452917538299305 -2.15644 0.869511023 0.384658061 -2.1056007120650797 ../testing_datasets/H3_epi.csv NeighborSum 8
0.0 0.09989658517109873 -1.13286 1.161003485 0.570106513 -5.736411282845345 ../testing_datasets/H3_epi.csv NeighborSum 8
0.0 0.08606174595774518 -6.61769 1.014349233 0.560870036 -1.031232737932935 ../testing_datasets/H3_epi.csv NeighborSum 8
0.0 0.1590950877600517 4.87358 0.973275298 0.555339863 -1.2939960249057765 ../testing_datasets/H3_epi.csv NeighborSum 8
0.0 0.1758349478688466 3.60952 0.825378865 0.589182174 3.38911577445933 ../testing_datasets/H3_epi.csv NeighborSum 8
0.0 0.10679558448939398 -4.30213 1.012759628 0.618099716 -0.7338388877598858 ../testing_datasets/H3_epi.csv NeighborSum 8
0.0 0.03456402098936201 -2.13264 0.84322232 0.551274732 -14.871740954527299 ../testing_datasets/H3_epi.csv NeighborSum 8
0.0 0.0748974314319824 -3.69397 0.779412834 0.331578695 -2.8246264539074484 ../testing_datasets/H3_epi.csv NeighborSum 8
0.0 0.0745387518056311 -4.22694 0.930594875 0.446294999 -4.235017241553405 ../testing_datasets/H3_epi.csv NeighborSum 8
0.0 0.07273866511224367 0.17248 0.379967836 0.263618748 -5.43816056344582 ../testing_datasets/H3_epi.csv NeighborSum 8
0.0 0.06802369971855013 -2.5862 0.814016394 0.299687273 -5.127662731605469 ../testing_datasets/H3_epi.csv NeighborSum 8
0.0 0.08639996303009675 -2.25701 0.316414832 0.270686036 0.07402534838233221 ../testing_datasets/H3_epi.csv NeighborSum 8
0.0 0.08512683370338472 -2.00232 0.933438646 0.314576607 -3.380427871639621 ../testing_datasets/H3_epi.csv NeighborSum 8
0.0 0.10189879478349378 0.33482 0.309571582 0.494544545 -2.9056724609284617 ../testing_datasets/H3_epi.csv NeighborSum 8
0.0 0.06095934449989265 -4.48065 0.879706311 0.39965766 -5.618761541719397 ../testing_datasets/H3_epi.csv NeighborSum 8
0.0 0.07760534303180094 -2.32292 0.53804943 0.542396994 -5.593578580357371 ../testing_datasets/H3_epi.csv NeighborSum 8
0.0 0.092402931262289 -2.62324 1.011120086 0.613470917 -5.262865518818005 ../testing_datasets/H3_epi.csv NeighborSum 8
0.0 0.07358895833249537 -4.37888 0.543627628 0.59858662 -4.57823204957778 ../testing_datasets/H3_epi.csv NeighborSum 8
0.0 0.09146565233972673 -4.3021 0.923468502 0.665551103 -3.729625016973386 ../testing_datasets/H3_epi.csv NeighborSum 8
0.0 0.1108587175652435 -2.28167 0.882711911 0.588455546 -1.5392639041280645 ../testing_datasets/H3_epi.csv NeighborSum 8
0.0 0.12394589624439228 -0.03752 1.186875898 0.692138169 -4.284246815259105 ../testing_datasets/H3_epi.csv NeighborSum 8
0.0 0.100890910697548 -3.83055 0.442003714 0.627239158 -0.26084646347781404 ../testing_datasets/H3_epi.csv NeighborSum 8
0.0 0.08836324196314281 -2.52594 0.120918225 0.543336694 -1.8085653325311604 ../testing_datasets/H3_epi.csv NeighborSum 8
0.0 0.09542923394841618 0.16462 0.221265229 0.515838272 -3.7870401423359366 ../testing_datasets/H3_epi.csv NeighborSum 8
0.0 0.10817633140164264 -1.59538 0.975002954 0.506680765 -2.202475473919816 ../testing_datasets/H3_epi.csv NeighborSum 8
0.0 0.10716773177102173 -1.68294 0.657951648 0.593593412 -2.109023558246947 ../testing_datasets/H3_epi.csv NeighborSum 8
0.0 0.1005857552003011 -0.04791 0.203960544 0.520138328 -2.5896504823708026 ../testing_datasets/H3_epi.csv NeighborSum 8
0.0 0.09176208406906021 -2.99001 0.731130699 0.414910062 -1.4456094365703671 ../testing_datasets/H3_epi.csv NeighborSum 8
0.0 0.08167258750885154 -4.42836 1.374086679 0.265395858 -2.2276079800160953 ../testing_datasets/H3_epi.csv NeighborSum 8
1.0 0.11126653360776256 -0.89739 0.575827981 0.638151516 -2.5271848976414333 ../testing_datasets/H3_epi.csv NeighborSum 8
1.0 0.0974152229842605 -4.93666 0.784631442 0.697877378 -1.7575750513411483 ../testing_datasets/H3_epi.csv NeighborSum 8
1.0 0.08822085764398342 -1.38569 0.404721355 0.645221375 -5.526559271613473 ../testing_datasets/H3_epi.csv NeighborSum 8
0.0 0.0847210066437051 -1.38569 0.605313959 0.485598256 -4.994614736675072 ../testing_datasets/H3_epi.csv NeighborSum 8
0.0 0.06852891156364618 -3.73593 1.121181829 0.426966452 -6.405573633809356 ../testing_datasets/H3_epi.csv NeighborSum 8
1.0 0.07757342451374674 -2.76414 0.866287947 0.580237371 -6.805370472928399 ../testing_datasets/H3_epi.csv NeighborSum 8
1.0 0.08545646836607476 -3.67811 0.225781842 0.596306874 -2.0127654226891947 ../testing_datasets/H3_epi.csv NeighborSum 8
0.0 0.08920661185220731 -1.36736 0.65672676 0.491396892 -4.476912436080626 ../testing_datasets/H3_epi.csv NeighborSum 8
1.0 0.09429405742475108 -3.60129 1.183858458 0.473003104 -2.720876665103051 ../testing_datasets/H3_epi.csv NeighborSum 8
1.0 0.10273107618665436 -2.40704 0.617009927 0.678430232 -2.92080717696327 ../testing_datasets/H3_epi.csv NeighborSum 8
1.0 0.11939347324258595 0.27874 0.207435725 0.633521178 -0.9772021549944947 ../testing_datasets/H3_epi.csv NeighborSum 8
0.0 0.1101211048764454 -1.11469 0.94038325 0.43818284 -1.4567696187498904 ../testing_datasets/H3_epi.csv NeighborSum 8
1.0 0.11832940317538776 -1.75142 1.022230688 0.534843153 -0.7108954170162979 ../testing_datasets/H3_epi.csv NeighborSum 8
1.0 0.12413532188360837 -1.72343 0.334850427 0.638213607 1.7078911887018724 ../testing_datasets/H3_epi.csv NeighborSum 8
0.0 0.11679106714153292 -0.40095 0.494418865 0.451082798 0.4674130213805373 ../testing_datasets/H3_epi.csv NeighborSum 8
0.0 0.13580820581099695 -1.84978 1.23377934 0.484519631 2.3509415880848366 ../testing_datasets/H3_epi.csv NeighborSum 8
1.0 0.14992133373266356 1.5278 0.862137593 0.622449217 0.6436882645734835 ../testing_datasets/H3_epi.csv NeighborSum 8
0.0 0.1619520981070216 -0.30784 0.770149767 0.779557952 3.4426332213002073 ../testing_datasets/H3_epi.csv NeighborSum 8
1.0 0.15665675483693153 -0.06145 0.858298918 0.743506324 2.2915310700728426 ../testing_datasets/H3_epi.csv NeighborSum 8
1.0 0.15928804947549224 0.37206 1.183739322 0.694384794 1.5877638755577208 ../testing_datasets/H3_epi.csv NeighborSum 8
1.0 0.13699522150609553 -0.35842 1.040113198 0.52869559 1.0050285706434552 ../testing_datasets/H3_epi.csv NeighborSum 8
0.0 0.13961259206890692 -1.58404 0.8189937 0.751478612 1.082895216110133 ../testing_datasets/H3_epi.csv NeighborSum 8
0.0 0.12674454260905935 -4.24126 1.058076775 0.53634228 3.609727234245568 ../testing_datasets/H3_epi.csv NeighborSum 8
0.0 0.1667843469729698 2.84913 1.126303504 0.630731965 0.9908677280179726 ../testing_datasets/H3_epi.csv NeighborSum 8
0.0 0.1482641454155835 2.11652 1.033761289 0.264601991 3.3290352782555344 ../testing_datasets/H3_epi.csv NeighborSum 8
0.0 0.12725817210937396 -1.02019 0.857445172 0.594190494 -0.05308458772818104 ../testing_datasets/H3_epi.csv NeighborSum 8
0.0 0.08340777037298153 -2.07897 1.674021396 0.59198064 -9.837373549156164 ../testing_datasets/H3_epi.csv NeighborSum 8
0.0 0.13013204097483957 -0.12717 0.973501852 0.561222072 -0.6450600001044847 ../testing_datasets/H3_epi.csv NeighborSum 8
0.0 0.11717789657929711 -1.49308 1.022611663 0.460188161 -0.3199650485296277 ../testing_datasets/H3_epi.csv NeighborSum 8
0.0 0.13196614352475383 -0.6406 1.066444429 0.510856713 0.5483103798313972 ../testing_datasets/H3_epi.csv NeighborSum 8
0.0 0.13610354216104864 -1.38762 1.044997612 0.561971226 1.644450703419168 ../testing_datasets/H3_epi.csv NeighborSum 8
0.0 0.1314924621776896 -0.21592 0.79112984 0.576103016 0.2309964215089518 ../testing_datasets/H3_epi.csv NeighborSum 8
0.0 0.1422624512115484 -1.3971 0.860397633 0.640539814 2.5263964184395427 ../testing_datasets/H3_epi.csv NeighborSum 8
0.0 0.14928888895577663 1.17292 1.256955553 0.624487034 -0.6017356573304105 ../testing_datasets/H3_epi.csv NeighborSum 8
0.0 0.12486746877071095 -2.37496 0.706950877 0.617758974 1.422505020264765 ../testing_datasets/H3_epi.csv NeighborSum 8
0.0 0.11103509587934997 -0.94216 0.797042168 0.524278674 -1.9883329431349264 ../testing_datasets/H3_epi.csv NeighborSum 8
0.0 0.08938164519140013 -2.83706 0.973929637 0.302477381 -1.6304486549661508 ../testing_datasets/H3_epi.csv NeighborSum 8
0.0 0.0724571237061517 -0.05428 0.694254731 0.283913783 -6.682702013242221 ../testing_datasets/H3_epi.csv NeighborSum 8
0.0 0.0818673615644125 -2.36904 0.891798479 0.452496357 -5.047107175596766 ../testing_datasets/H3_epi.csv NeighborSum 8
0.0 0.06564824639725723 -4.07135 1.261879668 0.362642951 -6.289404944231686 ../testing_datasets/H3_epi.csv NeighborSum 8
0.0 0.018729206380326213 -5.44984 0.820562394 0.350578888 -11.257573703975012 ../testing_datasets/H3_epi.csv NeighborSum 8
0.0 0.03566176969809262 -5.64414 1.040108166 0.366364989 -9.014514217988555 ../testing_datasets/H3_epi.csv NeighborSum 8
0.0 0.06014776320114296 -3.2017 0.869979244 0.496147205 -8.420415329373059 ../testing_datasets/H3_epi.csv NeighborSum 8
0.0 0.05017029281815462 -4.05429 1.179757521 0.453936809 -9.892653672439051 ../testing_datasets/H3_epi.csv NeighborSum 8
0.0 0.007528514176563528 -4.4285 0.601591722 0.417836871 -14.461420092241909 ../testing_datasets/H3_epi.csv NeighborSum 8
0.0 0.07502369896632952 -4.51222 1.083122381 0.572445626 -5.931867253565857 ../testing_datasets/H3_epi.csv NeighborSum 8
0.0 0.0900313146828306 -1.34928 1.006637211 0.520767008 -6.061194303876645 ../testing_datasets/H3_epi.csv NeighborSum 8
0.0 0.059901313601397596 -2.1003 0.432581259 0.457231163 -7.607982423513498 ../testing_datasets/H3_epi.csv NeighborSum 8
0.0 0.060117370205973436 -2.90681 0.611989681 0.514592768 -8.001841898998793 ../testing_datasets/H3_epi.csv NeighborSum 8
0.0 0.10224230023346845 -1.3563 1.058319156 0.623140719 -5.294666581032441 ../testing_datasets/H3_epi.csv NeighborSum 8
0.0 0.07088114699924494 -4.40102 0.667925035 0.502096509 -4.348938909524531 ../testing_datasets/H3_epi.csv NeighborSum 8
0.0 0.022610741775896323 -5.02552 0.345201153 0.445056462 -10.36974607772899 ../testing_datasets/H3_epi.csv NeighborSum 8
0.0 0.09587470895826947 -2.10897 1.059536526 0.565101178 -4.847735771517932 ../testing_datasets/H3_epi.csv NeighborSum 8
0.0 0.10194510076798277 -1.42312 0.794924622 0.627676276 -4.304255921845286 ../testing_datasets/H3_epi.csv NeighborSum 8
0.0 0.06631762809228268 -3.032 0.70427318 0.509212633 -7.026661894849277 ../testing_datasets/H3_epi.csv NeighborSum 8
0.0 0.08060032219329435 -2.54882 0.750990428 0.52069382 -5.345509370828598 ../testing_datasets/H3_epi.csv NeighborSum 8
0.0 0.11624096463739975 -1.28902 0.921750244 0.582708906 -1.8299152815633266 ../testing_datasets/H3_epi.csv NeighborSum 8
0.0 0.1041668031952741 -2.18418 0.731156107 0.581706451 -2.1933297550394735 ../testing_datasets/H3_epi.csv NeighborSum 8
0.0 0.07749771954245234 -3.592 0.687332561 0.483357597 -3.9647988360403787 ../testing_datasets/H3_epi.csv NeighborSum 8
0.0 0.09043525762431459 -1.88471 1.128182407 0.478788404 -5.312249826818526 ../testing_datasets/H3_epi.csv NeighborSum 8
0.0 0.11058164947791542 -0.42065 0.651141511 0.577203271 -2.768383230861434 ../testing_datasets/H3_epi.csv NeighborSum 8
0.0 0.10165875660572285 -1.87732 1.092719543 0.530808179 -3.7916873481153064 ../testing_datasets/H3_epi.csv NeighborSum 8
0.0 0.08436382390157238 -4.76208 1.012464666 0.489247984 -2.665764865465036 ../testing_datasets/H3_epi.csv NeighborSum 8
0.0 0.09396225511740905 -3.63917 1.015872496 0.486675686 -2.251502072070696 ../testing_datasets/H3_epi.csv NeighborSum 8
0.0 0.1161787006379142 -2.12472 0.711453749 0.609238538 -0.35592101822789984 ../testing_datasets/H3_epi.csv NeighborSum 8
0.0 0.12297657658425529 -0.5032 1.115958164 0.552529795 -1.934419235670994 ../testing_datasets/H3_epi.csv NeighborSum 8
0.0 0.10814935156044822 -0.50472 0.823143494 0.499347124 -2.8268964465259665 ../testing_datasets/H3_epi.csv NeighborSum 8
0.0 0.12201209829952941 -2.29666 1.451526067 0.498846942 -0.6230598350435307 ../testing_datasets/H3_epi.csv NeighborSum 8
0.0 0.11854962024188175 -0.70337 1.312299207 0.601511063 -3.8501920954275493 ../testing_datasets/H3_epi.csv NeighborSum 8
0.0 0.08711971897906691 -3.93135 0.912711905 0.559678794 -3.625986978989204 ../testing_datasets/H3_epi.csv NeighborSum 8
0.0 0.1032364605243006 -1.36362 1.516847775 0.467353666 -4.9886851877946095 ../testing_datasets/H3_epi.csv NeighborSum 8
0.0 0.08454134627149007 -2.29501 0.97506998 0.523631199 -5.839645285611359 ../testing_datasets/H3_epi.csv NeighborSum 8
0.0 0.06454736920434989 -7.17301 0.620981734 0.596002585 -3.1553239481442468 ../testing_datasets/H3_epi.csv NeighborSum 8
0.0 0.06621111669873166 -2.66975 0.657617848 0.561989307 -7.937229061456845 ../testing_datasets/H3_epi.csv NeighborSum 8
0.0 0.08650220107165416 -4.08281 1.255474233 0.578581371 -5.113956643467253 ../testing_datasets/H3_epi.csv NeighborSum 8
0.0 0.09880968462301784 -1.61904 1.196279444 0.633402618 -6.260199177368227 ../testing_datasets/H3_epi.csv NeighborSum 8
0.0 0.08439599380001506 -1.14928 0.607995014 0.62046461 -6.983531855050825 ../testing_datasets/H3_epi.csv NeighborSum 8
0.0 0.08349025716563876 -2.89421 0.550428197 0.62308481 -4.8814964782495425 ../testing_datasets/H3_epi.csv NeighborSum 8
0.0 0.10000667623076401 -3.09011 1.184196075 0.628628715 -4.19072369111452 ../testing_datasets/H3_epi.csv NeighborSum 8
0.0 0.08633200818167103 -3.63086 1.096636703 0.579115295 -5.073501192894147 ../testing_datasets/H3_epi.csv NeighborSum 8
0.0 0.07265361975579161 -3.43745 0.408940997 0.490400951 -4.030016556557738 ../testing_datasets/H3_epi.csv NeighborSum 8
0.0 0.08790856954489511 -1.86597 0.729475299 0.561078177 -5.24666489254877 ../testing_datasets/H3_epi.csv NeighborSum 8
0.0 0.09237511159081734 -3.18398 1.268900122 0.547594981 -4.798717708180773 ../testing_datasets/H3_epi.csv NeighborSum 8
0.0 0.0658348742603874 -1.52937 0.702256702 0.475597705 -8.483759481043398 ../testing_datasets/H3_epi.csv NeighborSum 8
0.0 0.08688702091001423 -2.68237 0.87665334 0.389877302 -2.949738905489456 ../testing_datasets/H3_epi.csv NeighborSum 8
0.0 0.10253671245673668 -0.89837 1.150906151 0.576558036 -5.578324153792586 ../testing_datasets/H3_epi.csv NeighborSum 8
0.0 0.08703347206336554 -6.13207 0.975306772 0.573996533 -1.4416466307187557 ../testing_datasets/H3_epi.csv NeighborSum 8
0.0 0.15592727549847468 4.6192 0.923744322 0.564587385 -1.4835384797350213 ../testing_datasets/H3_epi.csv NeighborSum 8
0.0 0.16965230439432222 2.55398 0.83649241 0.578914009 3.610630769898414 ../testing_datasets/H3_epi.csv NeighborSum 8
0.0 0.10417188491305068 -4.14995 1.09437991 0.616478169 -1.6842186311240375 ../testing_datasets/H3_epi.csv NeighborSum 8
0.0 0.017203360457670555 -2.19097 0.708683209 0.542083741 -17.300916617239622 ../testing_datasets/H3_epi.csv NeighborSum 8
0.0 0.05702383260451607 -5.79459 0.593224647 0.405185866 -3.7246447186190386 ../testing_datasets/H3_epi.csv NeighborSum 8
0.0 0.0573326965409771 -4.53995 0.857243788 0.386004991 -5.949478466520651 ../testing_datasets/H3_epi.csv NeighborSum 8
0.0 0.06780366425045264 0.16828 0.31878471 0.39402143 -7.670985771439076 ../testing_datasets/H3_epi.csv NeighborSum 8
0.0 0.0770263755406716 -2.32023 0.760981142 0.470283553 -5.687928661627279 ../testing_datasets/H3_epi.csv NeighborSum 8
0.0 0.09190376850463411 -2.2563 0.207246088 0.439548133 -0.5635475790972755 ../testing_datasets/H3_epi.csv NeighborSum 8
0.0 0.08270332210202412 -2.23281 0.779605479 0.356394544 -3.456134748058352 ../testing_datasets/H3_epi.csv NeighborSum 8
0.0 0.08953988034137084 -0.75188 0.252588801 0.494922401 -3.6267702237269916 ../testing_datasets/H3_epi.csv NeighborSum 8
0.0 0.04004488788348676 -5.11908 0.707217285 0.393116784 -7.884541775017974 ../testing_datasets/H3_epi.csv NeighborSum 8
0.0 0.059558432586184464 -2.29067 0.204689558 0.576523853 -8.010891278589646 ../testing_datasets/H3_epi.csv NeighborSum 8
0.0 0.08346918374399205 -3.45165 1.04134297 0.613146999 -6.002352782543386 ../testing_datasets/H3_epi.csv NeighborSum 8
0.0 0.0737236960784748 -4.38381 0.595059183 0.599408462 -4.7571671822805905 ../testing_datasets/H3_epi.csv NeighborSum 8
0.0 0.0967335171215058 -4.15693 0.931770858 0.663809216 -2.9630996818427184 ../testing_datasets/H3_epi.csv NeighborSum 8
0.0 0.11637389686668886 -1.35755 0.872256556 0.585972665 -1.5725257690558583 ../testing_datasets/H3_epi.csv NeighborSum 8
0.0 0.11740147028683197 -0.06909 1.212739305 0.693745535 -5.546684404091257 ../testing_datasets/H3_epi.csv NeighborSum 8
0.0 0.09557501679578581 -4.87832 0.426957457 0.612784647 0.2598983424917257 ../testing_datasets/H3_epi.csv NeighborSum 8
0.0 0.08152256419420292 -2.02118 0.092517369 0.545602612 -3.5599471595646555 ../testing_datasets/H3_epi.csv NeighborSum 8
0.0 0.09412346018778613 0.2355 0.261605919 0.50286835 -4.1053668580697735 ../testing_datasets/H3_epi.csv NeighborSum 8
0.0 0.10517704066923084 -1.61793 1.005179347 0.509836592 -2.8717727188676907 ../testing_datasets/H3_epi.csv NeighborSum 8
0.0 0.10031751346137505 -2.75668 0.655162333 0.593028137 -2.050357201008513 ../testing_datasets/H3_epi.csv NeighborSum 8
0.0 0.09596097558528381 -0.30834 0.205533792 0.543879921 -3.408741793106084 ../testing_datasets/H3_epi.csv NeighborSum 8
0.0 0.09633420075015076 -2.83171 0.757078726 0.449719174 -1.3326486912595086 ../testing_datasets/H3_epi.csv NeighborSum 8
0.0 0.08406181396647909 -3.92471 1.355263093 0.301185355 -2.7574768432359273 ../testing_datasets/H3_epi.csv NeighborSum 8
1.0 0.10941930742078568 -1.33679 0.484034328 0.693856464 -2.6595347413761847 ../testing_datasets/H3_epi.csv NeighborSum 8
