-4.41149
-3.59798
-5.43003
-0.76233
-5.08299
-3.66064
-3.20829
-1.93052
-2.98701
-2.99922
1.81806
0.89188
-3.36494
-1.71922
-1.66831
-4.85491
-3.0698
-4.33755
-3.66913
-3.24707
-2.14367
1.05464
-2.78989
-1.76664
-5.03199
-5.34711
-2.26983
-1.29732
-3.21778
-1.58173
-3.68425
-4.70498
-4.13031
-4.02658
1.66635
-0.9197
-1.7392
-0.42905
-4.62271
-2.11606
-5.48782
-2.81525
-2.07527
-0.54789
-1.43481
-3.62388
-0.55627
-1.95391
-2.36342
-4.37247
-6.5317
-0.94338
-1.20037
0.06422
-1.32082
-3.73295
-5.49234
-2.44185
-3.87744
-2.34434
-3.19869
2.34858
-0.39142
-4.02276
0.66473
0.60996
0.46819
0.95216
-4.81629
-1.88904
-2.36556
-3.28414
-1.36821
-1.61852
-0.90984
-4.8133
-4.11461
-6.72478
-5.19662
-3.27365
0.86915
-1.77504
-0.17369
-1.16517
-5.80726
-1.52825
-0.05154
-1.80511
-5.38919
-2.25357
-1.64257
-3.52252
-0.41647
-3.226
-1.56735
-0.91224
-2.24228
-4.6964
-3.85006
-1.7208
-2.27435
-5.12707
-4.53538
0.13711
-3.00649
-3.0727
-3.03069
-1.17889
-3.40076
-2.68553
-2.92116
0.41477
-4.73576
-1.28007
-1.54042
-0.2692
-4.4275
0.10441
-1.77699
-4.3503
-2.84875
-1.66159
-0.26837
-0.31226
-2.11083
-2.52965
-0.71239
-3.04182
-2.19173
0.4
3.32014
1.25615
-1.00343
0.6829
-0.56574
-1.356
-4.65901
-0.60551
-3.76696
-4.21812
-3.39116
-4.03254
-5.32973
-2.81917
-2.19915
-0.53184
0.21462
-2.95171
-2.37707
-1.05381
-0.28573
-1.86263
-3.57784
-0.73193
-2.41773
-1.55834
-3.40352
-2.04613
-4.83468
-2.05913
-5.31622
0.25814
-1.81401
0.1526
-0.71984
-5.2166
-3.90937
-5.75297
-5.84286
-2.81728
-8.09455
-1.51562
-3.84523
-4.04348
-3.48541
-3.07121
0.04302
-3.58416
0.1779
0.49678
-4.76884
-0.93058
-1.90551
-1.9019
-3.09592
-5.0283
-2.54114
-0.99069
-1.33496
-0.425
-2.54419
-2.54773
-4.84451
-3.32645
-6.04549
-0.71193
-1.79957
-2.30741
-0.31269
-1.83811
-0.65387
-1.92759
-2.97741
-3.35024
-0.64879
-5.94005
-0.62954
-5.79902
-3.50833
-0.6017
1.82755
-0.78801
-4.81413
-3.3769
-6.79543
-3.21182
-4.70856
-3.90771
-0.91454
-6.16989
-0.33431
-5.15877
-1.21617
-4.93007
-1.89787
-4.70441
-2.88057
-5.27369
-2.24506
-5.59649
-3.77322
-1.62505
-1.47583
-4.16416
-6.36125
-2.85763
-6.34625
-2.00291
-0.38482
-3.14642
-2.18402
-4.0992
0.34076
-1.76911
0.28233
0.5345
-3.34769
-1.63643
0.78989
-1.0406
-3.22312
-3.37008
1.29345
-2.58675
-1.2046
-0.99193
-3.06739
0.70202
-2.75394
0.17722
-2.01841
-0.22267
-2.51453
-0.6223
-6.81677
-1.94558
-1.84335
-0.64337
-2.01513
-4.09192
-4.07677
-0.69532
-2.47901
-3.08849
-3.52642
-5.68834
-4.79993
-4.73641
-2.25328
-3.3642
-3.06914
-1.32905
-1.62468
-2.39263
-3.31398
-3.18179
-0.0721
0.50655
-4.30948
-2.36302
-3.50565
-5.02551
-2.34952
-1.5563
1.43648
-2.40554
-3.61647
-2.98383
-5.13241
-4.52481
-4.78644
-1.43615
-0.61635
-3.60256
-4.59927
-1.07004
-6.02716
-1.64355
-0.23314
1.05473
4.97156
-2.89815
-1.6082
-1.67331
-2.30037
-1.2161
-0.65667
0.44765
-2.60786
2.60224
-2.21255
-1.41398
-2.86476
-4.38893
-3.67353
-5.05048
-1.59513
-1.19125
-2.66734
-3.3373
1.50811
-1.10538
-2.20024
0.11497
-0.90674
-1.03021
-1.68226
-2.78379
-5.24973
0.22068
-0.24329
-3.25501
-4.41482
-2.87032
-1.43547
-3.58216
-3.60605
-2.82121
-2.25386
-3.47484
-1.23248
-0.51195
-1.69796
-3.75179
-0.89974
-0.22833
-3.09381
0.39059
0.19403
-0.14807
0.2583
-1.78763
-1.09041
0.03904
-2.40055
-0.7559
-2.06163
-1.91918
-2.25228
-3.42493
-3.02642
-1.30358
0.26404
-2.03706
1.48956
0.47786
-1.06452
-0.84071
-2.48928
-0.75419
-3.27697
-4.22717
-4.601
-0.61191
-3.11078
-3.26939
-2.28329
-1.97625
-1.97008
-3.65841
-3.34142
-1.88478
-3.84665
-3.43835
-3.05755
-2.64461
-2.59063
-2.99364
-3.22457
-2.82722
-3.18689
-3.04718
-3.89668
-2.78117
-4.29391
-5.81854
-3.37488
-0.3333
-3.56915
-2.70793
-3.22212
-1.74975
-2.55469
-0.9702
-1.63081
-3.95459
-0.9578
-1.33951
-2.81573
-4.14086
-5.21829
-2.3645
-0.85833
-3.69027
-1.76982
-2.09868
-1.24992
-6.39849
6.18478
4.5839
-3.55819
-2.74498
-5.91953
-4.40231
-3.19057
-1.53644
-1.51527
-2.19041
1.17188
-5.51651
-2.47488
-4.1257
-2.83467
-4.10635
-2.91563
-2.58817
-3.26247
-2.42255
-1.33016
-1.43325
-2.88132
-1.33386
-2.55377
-4.95043
-1.55108
-1.54745
-2.37903
-0.48188
-5.36209
-2.97481
-1.1692
-1.53577
-1.10599
-3.90911
-2.72294
-1.61017
-2.705
-3.53498
-1.34946
-0.27551
-2.8106
-4.79739
-1.57577
-0.6002
1.47047
1.58811
-4.8529
-0.69087
-5.53282
-3.40749
-3.13743
-1.33745
-3.07288
-2.93339
0.41274
0.68108
-3.22481
-1.74226
-1.56714
-4.98919
-2.91837
-4.01503
-2.61923
-4.00647
-2.06379
1.2805
-2.71112
-1.74622
-4.88052
-5.6522
-1.64838
-1.01267
-4.2797
-1.69672
-4.45113
-4.39831
-4.64742
-4.54512
0.05312
-1.2855
-1.70312
-0.85896
-4.81199
-2.20807
-4.1874
-0.97302
-1.2508
-1.7831
-1.43776
-4.73414
-0.96117
-2.08565
-2.11964
-4.28464
-5.98442
-0.89103
-1.22089
-0.33356
-1.43093
-3.04629
-4.48196
-2.4305
-3.51454
-2.17143
-3.1059
2.59955
-0.14701
-2.79125
0.49005
0.5921
-2.17072
0.37213
-4.3453
-1.11968
-2.03227
-3.3509
-1.80761
-1.14852
-1.19666
-2.79594
-3.98911
-5.14085
-5.83317
-3.3549
-0.30332
-1.77659
-0.35018
-0.86636
-6.03122
-0.56572
-0.17306
-1.8741
-5.63647
-2.30931
-2.83608
-4.68561
0.24108
-2.03049
-3.011
-1.30129
-2.56816
-5.35949
-4.4667
-2.86892
-0.04954
-4.9471
-4.5109
1.12126
-2.86469
-3.62035
-3.24155
-1.62122
-2.75528
-2.38919
-3.60142
0.41976
-4.94614
-1.47927
-2.79923
0.18466
-3.98163
-0.11799
-1.71832
-4.50855
-2.56969
-2.11026
0.18566
0.61855
-1.94526
-3.38709
-1.72355
-3.38054
-0.43733
0.73522
2.57772
1.30652
-0.80562
-1.32941
-3.50988
-1.24507
-4.11375
-0.54952
-4.36227
-4.07331
-4.18065
-2.40871
-5.77245
-3.2697
-2.73411
0.90395
-0.20338
-2.90601
-1.40105
-1.33556
0.41067
-2.45092
-4.11191
-0.82591
-1.29124
-0.26902
-3.06032
-1.55467
-5.57598
-2.19648
-5.5247
0.07669
-0.15448
0.15478
-1.08372
-5.37073
-4.0983
-5.6631
-5.87267
-2.53017
-8.26269
-1.70184
-3.80828
-2.41751
-3.92748
-2.91572
-0.12463
-3.17119
0.48233
0.42805
-2.61358
-0.38338
0.09743
-1.46746
-3.37586
-3.3726
0.1068
-0.81425
-1.3409
-0.51164
-2.11453
-3.43605
-4.63702
-3.48182
-6.32467
-1.059
-1.62375
-2.46137
0.24524
-0.91077
-1.90949
-2.04492
-3.22748
-3.91101
-0.21206
-6.08061
-1.34187
-5.035
-1.95995
0.03107
1.60466
-2.25442
-4.42016
-4.93012
-5.85977
-2.81656
-3.75823
-3.744
-1.13635
-6.4506
-0.41522
-5.36413
-1.59123
-4.56534
-2.08826
-4.31616
-2.18438
-6.56213
-2.19073
-4.93492
-4.02332
-2.00153
-1.12407
-4.28418
-5.75852
-2.64395
-5.96237
-1.8202
-0.14435
-3.05806
-2.45543
-3.42768
0.63237
-1.51034
0.40155
0.4473
-3.00266
-1.25457
-0.43532
-3.82583
-4.33204
-3.37259
1.34313
-2.90266
-0.76468
-0.70248
-3.31395
0.66297
-2.86195
-0.05627
-1.93864
-0.19357
-1.3259
-0.00677
-7.8477
-3.04066
-1.09288
-0.95809
-2.69794
-4.31906
-4.23896
-1.16548
-2.75853
-2.48284
-3.75818
-5.39237
-5.2207
-3.76892
0.0985
-3.7629
-2.89117
-0.7388
-1.73538
-1.78938
-4.55845
-2.71342
-0.15043
1.2875
-3.33248
-0.64866
-3.27302
-5.37972
-2.17508
-0.33406
-0.25821
-1.96878
-3.40475
-2.94087
-4.51089
-5.47028
-2.8569
-1.20563
-0.87188
-3.80615
-4.32013
-0.77388
-4.99457
-1.28424
-1.00882
1.07479
1.79866
0.53229
-1.2109
-1.24207
-1.93483
0.02136
-0.36308
0.48214
-3.0449
2.50395
-2.22119
-1.69415
-2.71441
-5.10035
-3.49822
-3.66893
-3.22547
-0.66603
-2.16116
-3.45994
1.4094
-1.32807
-1.37893
-2.9426
0.26956
-0.2696
-1.69199
-2.65857
-5.64294
0.07046
-0.02186
-3.24639
-4.58567
-2.92303
-1.55615
-3.25483
-3.62995
-2.90744
-2.14259
-3.58795
-1.40772
-0.28031
-1.35001
-3.65982
-0.75833
-0.92972
-2.31414
0.3811
0.73519
0.46855
0.88239
-1.60342
-1.37974
-1.22218
-2.65888
-1.99903
-1.75955
-3.83819
-4.65259
-1.49729
-2.79093
-0.19626
1.04661
-1.77966
1.53847
-1.76302
-2.00812
-0.07369
-1.99528
-0.40843
-1.9638
-4.04085
-5.1051
-1.23123
-3.67506
-3.28423
-3.61589
-0.76589
-1.4669
-2.18691
-3.15116
-2.83451
-2.65094
-4.71059
-2.82705
-1.67846
-2.82753
-3.45748
-3.16129
-2.83153
-2.87445
-3.08073
-3.7495
-2.79051
-3.82014
-6.27389
-3.33165
-1.88912
-3.66069
-2.28918
-2.90314
-1.05088
-2.18969
-2.08916
-1.32699
-3.89934
-1.30545
-1.41096
-3.12044
-3.70802
-2.27812
-2.73128
-0.47431
-4.25298
-1.5108
-0.91713
-0.19594
-6.58914
5.72614
3.72158
-4.2187
-2.55723
-5.66444
-1.30799
-5.58483
-1.33462
-2.58745
-2.98708
0.73683
-5.27724
-2.87768
-3.94614
-3.36408
-3.78272
-2.45119
-2.20715
-2.97217
-2.35246
-1.17092
-1.22437
-2.78759
-1.26142
-3.08197
-4.34483
-1.49155
-1.54233
-1.31829
-0.49072
-5.1844
-4.38968
-0.94184
-2.47838
-1.61561
-3.52947
-1.71112
-0.44245
-2.51383
-3.2799
-1.24194
-1.20339
-3.11483
-4.64597
-1.06508
1.3028
-2.79335
-3.98912
-5.30493
-0.90719
-5.1377
-3.87098
-3.54246
-1.32399
-2.98511
-3.0299
-0.28772
0.4654
-3.05064
-1.71072
-1.70441
-4.92204
-2.90679
-3.83773
-3.22236
-3.2756
-1.74755
1.43478
-2.91376
-1.52066
-4.75914
-5.5474
-2.72736
-0.71832
-2.91978
-2.14772
-4.21279
-4.45539
-4.25558
-4.48048
0.48623
-0.64444
-1.50007
-0.30175
-4.60996
-2.1959
-4.67983
-2.981
-1.56946
-0.5834
-1.56053
-4.15023
-0.08913
-1.83418
-3.41722
-3.7652
-6.28185
-1.18356
0.06489
0.11915
-1.75449
-2.9674
-4.57012
-2.07393
-3.1906
-2.35447
-3.42775
2.08226
-0.59286
-5.13006
-1.70465
0.4556
-0.72772
0.03205
-4.13047
-1.17324
-1.85098
-3.1483
-1.38547
-1.53164
-1.13265
-2.28256
-3.98162
-5.37773
-6.08252
-4.54553
-0.21771
-0.41379
-0.04367
-0.96328
-6.74036
-0.95187
-0.18422
-1.18589
-6.02173
-2.43549
-2.25946
-4.41553
-1.07419
-2.18897
-2.19002
-2.17462
-1.56648
-5.57239
-3.79278
-3.20987
0.26048
-4.74411
-3.91566
1.68009
-2.54874
-3.51196
-3.16325
-1.93395
-2.93732
-2.82934
-3.17768
0.30111
-5.20993
-2.13797
-2.08549
0.17292
-2.24295
-0.18111
-1.52387
-3.8214
-2.41548
-2.30649
0.5316
-0.30593
-1.81973
-3.17289
-1.70464
-3.43969
-0.92729
0.63449
1.58041
3.35946
-0.80893
-1.66872
-2.97319
-1.21102
-4.58714
-0.61971
-3.68806
-4.27134
-4.06744
-3.53934
-5.26752
-4.90925
-2.49087
-0.23778
0.1883
-2.80671
-2.16515
-1.27634
0.02043
-1.49146
-3.47129
-0.43532
-2.19836
-0.13074
-2.87014
-2.16355
-4.86435
-2.14006
-5.40743
0.10589
0.21902
0.22863
-1.01766
-5.44306
-3.97817
-5.81679
-5.69709
-2.95687
-8.2439
-1.17263
-3.7385
-3.0079
-3.74676
-3.50193
-0.23493
-3.29649
0.29179
0.24505
-3.26528
0.02418
0.98287
-1.45899
-4.21228
-3.24005
0.1012
-0.73313
-1.20493
-0.46555
-2.3423
-2.91273
-4.80289
-4.19393
-5.58784
-0.69609
-2.61681
-1.57705
-1.78821
-1.86112
-0.03335
-2.95736
-2.35776
-4.38771
-0.50629
-5.98532
-1.95669
-4.81004
-2.05326
-1.38583
1.1873
-1.09182
-4.53383
-3.32697
-6.34658
-2.71222
-3.90546
-3.71612
-0.88659
-6.2442
-0.62692
-5.29133
-1.31837
-4.60316
-2.10914
-4.69895
-3.02174
-6.36624
-2.06017
-5.39155
-3.97606
-1.9964
-0.97114
-4.40143
-6.16918
-2.75511
-6.05392
-1.71823
-0.38839
-2.95389
-2.41737
-3.3987
0.56837
-1.55603
0.38101
-0.33926
-2.90902
-1.71605
-0.34143
-4.03532
-4.28664
-2.98034
1.21961
-2.58639
-0.25402
-0.75748
-4.18139
0.82775
-2.78942
-0.03284
-2.83822
-0.58225
-2.21445
0.35329
-7.30896
-3.1283
-0.90333
-0.19331
-3.04766
-4.29697
-4.3329
-0.69283
-2.90251
-2.91836
-3.70336
-5.52596
-5.40962
-3.88173
-1.57638
-3.62081
-2.42435
-0.75539
-2.44077
-1.77125
-3.13324
-2.72705
-0.24536
1.55806
-3.45172
-0.52125
-3.07108
-4.71343
-2.23865
-0.50605
0.64345
-2.18033
-3.83371
-2.68693
-5.26455
-5.69993
-2.82521
-1.27197
-0.97974
-3.56279
-4.37635
-0.26971
-5.1242
-0.94408
0.06505
1.67564
4.94691
-2.21418
-1.57604
-1.2034
-1.83584
-0.03882
-2.33362
0.40038
-1.8198
2.44679
-1.61052
-1.81033
-2.6163
-5.92604
-3.72302
-3.81707
-2.9182
-0.9549
-2.62458
-3.31737
1.45162
-1.20368
-1.17308
-2.00754
0.04737
0.45083
-1.51916
-1.387
-4.97441
0.29508
-0.05084
-3.43855
-4.01435
-2.76929
-1.25346
-3.32661
-3.58577
-2.84598
-1.7883
-3.48388
-1.37675
-0.26597
-1.50485
-4.1616
-1.11495
-0.59199
-2.23229
0.10161
1.28094
0.40578
0.77455
-1.90873
-2.5455
-2.97371
-2.77318
-1.87095
-2.74471
-4.12049
-5.36793
-2.82436
-2.35874
-0.16959
0.70891
-0.77513
1.23359
-2.12197
-1.1099
0.623
-2.60355
-0.67462
-2.98219
-3.3844
-4.94596
-0.52463
-2.81086
-3.64765
-3.72955
-1.47652
-1.84864
-2.04944
-3.55179
-2.88668
-3.81218
-4.55022
-2.8431
-2.61641
-2.89126
-3.14651
-2.88305
-2.83861
-2.92995
-3.36015
-4.04096
-2.97328
-4.58349
-5.99828
-3.08736
-1.8598
-3.59176
-2.29638
-3.06106
-1.0371
-2.27434
-0.793
-1.65124
-3.95513
-1.18732
-1.13962
-1.7312
-3.60181
-5.31027
-2.75216
-0.87666
-3.62598
-2.22797
-2.0451
-2.26082
-5.8941
6.39658
3.67215
-3.84155
-2.4194
-5.53048
-2.96318
-1.10878
-0.77447
-1.01268
-2.57785
0.34124
-5.9458
-2.58014
-4.38585
-3.27346
-4.00854
-2.70096
-2.23599
-3.88727
-2.68718
-1.8449
-1.09918
-3.07745
-1.50441
-2.70296
-4.38378
-1.25361
-1.8575
-3.6063
-0.11807
-4.75963
-3.20802
-0.87497
-1.5362
-1.34931
-3.51478
-2.07669
-0.7453
-2.45479
-3.41835
-1.92662
-0.49386
-3.4544
-5.31716
-2.53889
-0.20201
