A 32 1.0 1.0 1.0
A 33 3.0 3.0 3.0
A 34 3.0 3.0 3.0
A 35 3.0 3.0 1.0
A 36 1.0 1.0 1.0
A 37 3.0 3.0 3.0
A 38 3.0 3.0 3.0
A 39 3.0 1.0 3.0
A 40 1.0 1.0 1.0
A 41 1.0 1.0 1.0
A 42 1.0 1.0 1.0
A 43 1.0 3.0 1.0
A 44 1.0 1.0 1.0
A 45 1.0 1.0 1.0
A 46 0.0 0.0 0.0
A 47 1.0 1.0 1.0
A 48 1.0 1.0 1.0
A 49 0.0 0.0 0.0
A 50 1.0 1.0 1.0
A 51 1.0 1.0 1.0
A 52 1.0 1.0 1.0
A 53 1.0 1.0 1.0
A 54 1.0 1.0 1.0
A 55 1.0 1.0 1.0
A 56 1.0 1.0 1.0
A 57 1.0 1.0 1.0
A 58 1.0 1.0 1.0
A 59 3.0 3.0 1.0
A 60 3.0 3.0 3.0
A 61 1.0 3.0 1.0
A 62 3.0 3.0 3.0
A 63 3.0 3.0 3.0
A 64 0.0 0.0 0.0
A 65 3.0 3.0 3.0
A 66 3.0 3.0 3.0
A 67 1.0 3.0 3.0
A 68 3.0 3.0 3.0
A 69 3.0 3.0 3.0
A 70 1.0 1.0 1.0
A 71 3.0 3.0 3.0
A 72 1.0 1.0 1.0
A 73 1.0 1.0 1.0
A 74 1.0 1.0 1.0
A 75 1.0 1.0 1.0
A 76 1.0 1.0 1.0
A 77 1.0 1.0 1.0
A 78 1.0 1.0 1.0
A 79 1.0 1.0 1.0
A 80 1.0 1.0 1.0
A 81 1.0 1.0 1.0
A 82 1.0 1.0 1.0
A 83 1.0 1.0 1.0
A 84 1.0 1.0 1.0
A 85 1.0 1.0 1.0
A 86 1.0 1.0 1.0
A 87 1.0 1.0 1.0
A 88 3.0 3.0 3.0
A 89 1.0 1.0 1.0
A 90 1.0 3.0 1.0
A 91 3.0 3.0 3.0
A 92 1.0 1.0 1.0
A 93 3.0 3.0 3.0
A 94 3.0 3.0 3.0
A 95 3.0 3.0 3.0
A 96 3.0 3.0 3.0
A 97 3.0 3.0 3.0
A 98 1.0 1.0 1.0
A 99 3.0 3.0 3.0
A 100 1.0 1.0 1.0
A 101 1.0 1.0 1.0
A 102 1.0 3.0 1.0
A 103 3.0 1.0 3.0
A 104 1.0 1.0 1.0
A 105 1.0 1.0 1.0
A 106 1.0 1.0 3.0
A 107 1.0 1.0 1.0
A 108 1.0 1.0 1.0
A 109 3.0 3.0 3.0
A 110 3.0 3.0 3.0
A 111 3.0 1.0 3.0
A 112 1.0 1.0 1.0
A 113 3.0 3.0 3.0
A 114 2.0 2.0 0.0
A 115 2.0 2.0 2.0
A 116 2.0 2.0 2.0
A 117 0.0 2.0 2.0
A 118 0.0 0.0 2.0
A 119 0.0 2.0 2.0
A 120 0.0 0.0 0.0
A 121 1.0 1.0 1.0
A 122 1.0 1.0 1.0
A 123 3.0 3.0 3.0
A 124 1.0 1.0 1.0
A 125 1.0 1.0 1.0
A 126 3.0 3.0 3.0
A 127 1.0 1.0 1.0
A 128 1.0 1.0 1.0
A 129 1.0 1.0 1.0
A 130 1.0 1.0 1.0
A 131 1.0 1.0 1.0
A 132 3.0 3.0 3.0
A 133 3.0 3.0 3.0
A 134 3.0 3.0 3.0
A 135 1.0 1.0 1.0
A 136 1.0 1.0 1.0
A 137 1.0 1.0 1.0
A 138 1.0 3.0 3.0
A 139 3.0 3.0 3.0
A 140 1.0 1.0 1.0
A 141 1.0 1.0 3.0
A 142 1.0 1.0 1.0
A 143 0.0 0.0 0.0
A 144 0.0 0.0 0.0
A 145 0.0 0.0 0.0
A 146 0.0 0.0 0.0
A 147 1.0 1.0 1.0
A 148 0.0 0.0 0.0
A 149 2.0 0.0 0.0
A 150 3.0 1.0 3.0
A 151 1.0 1.0 1.0
A 152 1.0 1.0 1.0
A 153 1.0 1.0 1.0
A 154 3.0 3.0 3.0
A 155 1.0 1.0 1.0
A 156 1.0 1.0 1.0
A 157 1.0 1.0 3.0
A 158 1.0 1.0 1.0
A 159 3.0 3.0 3.0
A 160 3.0 3.0 3.0
A 161 3.0 3.0 3.0
A 162 3.0 3.0 3.0
A 163 1.0 1.0 1.0
A 164 1.0 3.0 1.0
A 165 3.0 3.0 3.0
A 166 3.0 3.0 3.0
A 167 3.0 3.0 3.0
A 168 3.0 3.0 3.0
A 169 3.0 3.0 3.0
A 170 3.0 3.0 3.0
A 171 3.0 3.0 3.0
A 172 1.0 1.0 1.0
A 173 3.0 1.0 3.0
A 174 1.0 1.0 1.0
A 175 3.0 3.0 3.0
A 176 3.0 3.0 3.0
A 177 3.0 3.0 3.0
A 178 3.0 3.0 3.0
A 179 1.0 1.0 1.0
A 180 1.0 1.0 1.0
A 181 3.0 3.0 3.0
A 182 3.0 3.0 3.0
A 183 3.0 3.0 3.0
A 184 3.0 3.0 3.0
A 185 2.0 2.0 2.0
A 186 1.0 1.0 1.0
A 187 1.0 1.0 1.0
A 188 1.0 1.0 1.0
A 516 1.0 1.0 1.0
A 517 3.0 1.0 1.0
A 518 1.0 1.0 1.0
A 519 1.0 1.0 3.0
A 520 1.0 1.0 1.0
A 521 1.0 1.0 1.0
A 525 0.0 0.0 0.0
A 526 0.0 0.0 0.0
A 527 0.0 0.0 0.0
A 528 0.0 0.0 0.0
A 529 0.0 0.0 0.0
A 530 0.0 0.0 0.0
A 531 0.0 0.0 0.0
A 532 0.0 0.0 0.0
A 533 3.0 3.0 3.0
A 534 1.0 1.0 1.0
A 535 1.0 1.0 1.0
A 536 1.0 1.0 1.0
A 537 1.0 1.0 1.0
A 538 1.0 1.0 1.0
A 539 1.0 1.0 1.0
A 540 3.0 3.0 3.0
A 541 1.0 1.0 1.0
A 542 1.0 1.0 1.0
A 543 3.0 3.0 3.0
A 544 1.0 1.0 1.0
A 545 1.0 1.0 1.0
A 546 1.0 1.0 1.0
A 547 1.0 1.0 1.0
A 548 1.0 1.0 1.0
A 549 0.0 0.0 0.0
A 550 0.0 0.0 0.0
A 551 0.0 0.0 0.0
A 552 0.0 0.0 0.0
A 553 0.0 0.0 0.0
A 554 0.0 0.0 0.0
A 555 0.0 0.0 0.0
A 556 0.0 0.0 0.0
A 557 1.0 1.0 1.0
A 558 3.0 3.0 3.0
A 559 1.0 1.0 1.0
A 560 1.0 1.0 1.0
A 561 3.0 3.0 3.0
A 562 3.0 3.0 3.0
A 563 1.0 1.0 1.0
A 564 1.0 1.0 1.0
A 565 1.0 3.0 1.0
A 566 1.0 1.0 1.0
A 567 1.0 1.0 1.0
A 568 1.0 1.0 1.0
A 569 3.0 3.0 3.0
A 570 1.0 1.0 1.0
A 571 1.0 1.0 1.0
A 572 1.0 1.0 1.0
A 573 3.0 3.0 1.0
A 574 1.0 1.0 1.0
A 575 1.0 1.0 1.0
A 576 1.0 1.0 1.0
A 577 1.0 1.0 1.0
A 578 1.0 1.0 1.0
A 579 1.0 1.0 1.0
A 580 1.0 1.0 1.0
A 581 1.0 1.0 1.0
A 582 1.0 1.0 1.0
A 583 1.0 1.0 1.0
A 584 3.0 3.0 3.0
A 585 1.0 1.0 1.0
A 586 1.0 1.0 1.0
A 587 1.0 1.0 1.0
A 588 1.0 1.0 1.0
A 589 1.0 1.0 1.0
A 590 3.0 3.0 3.0
A 591 1.0 1.0 1.0
A 592 1.0 1.0 1.0
A 593 3.0 3.0 3.0
A 594 3.0 3.0 3.0
A 595 1.0 1.0 1.0
A 596 1.0 1.0 1.0
A 597 1.0 1.0 1.0
A 708 1.0 1.0 1.0
A 709 3.0 3.0 3.0
A 710 3.0 3.0 3.0
A 711 3.0 3.0 1.0
A 712 1.0 1.0 1.0
A 713 3.0 3.0 3.0
A 714 3.0 3.0 3.0
A 715 3.0 1.0 3.0
A 716 1.0 1.0 1.0
A 717 1.0 1.0 1.0
A 718 1.0 1.0 1.0
A 719 1.0 3.0 1.0
A 720 1.0 1.0 1.0
A 721 1.0 1.0 1.0
A 722 0.0 0.0 0.0
A 723 1.0 1.0 1.0
A 724 1.0 1.0 1.0
A 725 0.0 0.0 0.0
A 726 1.0 1.0 1.0
A 727 1.0 1.0 1.0
A 728 1.0 1.0 1.0
A 729 1.0 1.0 1.0
A 730 1.0 1.0 1.0
A 731 1.0 1.0 1.0
A 732 1.0 1.0 1.0
A 733 1.0 1.0 1.0
A 734 1.0 1.0 1.0
A 735 3.0 3.0 3.0
A 736 3.0 3.0 3.0
A 737 1.0 1.0 1.0
A 738 3.0 3.0 3.0
A 739 3.0 1.0 1.0
A 740 0.0 0.0 0.0
A 741 1.0 1.0 3.0
A 742 3.0 3.0 3.0
A 743 3.0 3.0 3.0
A 744 3.0 3.0 3.0
A 745 3.0 3.0 1.0
A 746 1.0 1.0 1.0
A 747 3.0 1.0 3.0
A 748 1.0 1.0 1.0
A 749 1.0 1.0 1.0
A 750 1.0 1.0 1.0
A 751 1.0 1.0 1.0
A 752 1.0 1.0 1.0
A 753 1.0 1.0 1.0
A 754 1.0 1.0 1.0
A 755 1.0 1.0 1.0
A 756 1.0 1.0 1.0
A 757 1.0 1.0 1.0
A 758 1.0 1.0 1.0
A 759 1.0 1.0 1.0
A 760 1.0 1.0 1.0
A 761 1.0 1.0 1.0
A 762 1.0 1.0 1.0
A 763 1.0 1.0 1.0
A 764 3.0 3.0 3.0
A 765 3.0 1.0 1.0
A 766 3.0 3.0 1.0
A 767 3.0 3.0 3.0
A 768 1.0 1.0 1.0
A 769 1.0 1.0 1.0
A 770 3.0 3.0 3.0
A 771 3.0 3.0 3.0
A 772 3.0 3.0 3.0
A 773 3.0 3.0 3.0
A 774 1.0 1.0 1.0
A 775 3.0 3.0 3.0
A 776 1.0 1.0 1.0
A 777 1.0 1.0 1.0
A 778 1.0 3.0 3.0
A 779 3.0 1.0 3.0
A 780 1.0 1.0 1.0
A 781 1.0 1.0 1.0
A 782 1.0 1.0 1.0
A 783 1.0 1.0 1.0
A 784 1.0 1.0 3.0
A 785 3.0 3.0 3.0
A 786 3.0 3.0 3.0
A 787 3.0 1.0 3.0
A 788 1.0 3.0 3.0
A 789 3.0 3.0 3.0
A 790 2.0 2.0 2.0
A 791 2.0 2.0 2.0
A 792 2.0 2.0 2.0
A 793 2.0 2.0 2.0
A 794 2.0 2.0 2.0
A 795 0.0 2.0 2.0
A 796 0.0 0.0 0.0
A 797 1.0 1.0 1.0
A 798 1.0 1.0 1.0
A 799 3.0 3.0 3.0
A 800 1.0 1.0 1.0
A 801 1.0 1.0 1.0
A 802 1.0 3.0 3.0
A 803 1.0 1.0 1.0
A 804 1.0 1.0 1.0
A 805 1.0 1.0 1.0
A 806 1.0 1.0 1.0
A 807 1.0 1.0 1.0
A 808 3.0 3.0 3.0
A 809 3.0 3.0 1.0
A 810 3.0 3.0 3.0
A 811 1.0 1.0 1.0
A 812 1.0 1.0 1.0
A 813 1.0 1.0 1.0
A 814 1.0 3.0 3.0
A 815 3.0 3.0 3.0
A 816 1.0 1.0 1.0
A 817 1.0 1.0 3.0
A 818 1.0 3.0 1.0
A 819 0.0 0.0 0.0
A 820 0.0 0.0 0.0
A 821 0.0 0.0 0.0
A 822 0.0 0.0 0.0
A 823 1.0 1.0 1.0
A 824 0.0 0.0 0.0
A 825 0.0 0.0 0.0
A 826 3.0 1.0 3.0
A 827 3.0 1.0 3.0
A 828 1.0 1.0 1.0
A 829 3.0 3.0 3.0
A 830 3.0 3.0 3.0
A 831 3.0 3.0 3.0
A 832 1.0 1.0 1.0
A 833 1.0 1.0 1.0
A 834 1.0 1.0 1.0
A 835 3.0 3.0 3.0
A 836 3.0 3.0 3.0
A 837 3.0 3.0 3.0
A 838 3.0 3.0 3.0
A 839 1.0 1.0 1.0
A 840 3.0 3.0 1.0
A 841 3.0 3.0 3.0
A 842 3.0 3.0 3.0
A 843 3.0 3.0 3.0
A 844 3.0 3.0 3.0
A 845 3.0 3.0 3.0
A 846 3.0 3.0 3.0
A 847 3.0 3.0 3.0
A 848 1.0 3.0 1.0
A 849 3.0 1.0 1.0
A 850 3.0 3.0 1.0
A 851 3.0 3.0 3.0
A 852 3.0 3.0 3.0
A 853 3.0 3.0 3.0
A 854 3.0 3.0 3.0
A 855 1.0 1.0 1.0
A 856 1.0 1.0 1.0
A 857 3.0 3.0 3.0
A 858 3.0 3.0 3.0
A 859 3.0 3.0 3.0
A 860 3.0 3.0 3.0
A 861 2.0 2.0 2.0
A 862 1.0 1.0 1.0
A 863 1.0 1.0 1.0
A 864 1.0 1.0 1.0
A 1192 1.0 1.0 1.0
A 1193 1.0 1.0 1.0
A 1194 1.0 1.0 1.0
A 1195 1.0 1.0 1.0
A 1196 1.0 1.0 1.0
A 1197 1.0 1.0 1.0
A 1201 0.0 0.0 0.0
A 1202 0.0 0.0 0.0
A 1203 0.0 0.0 0.0
A 1204 0.0 0.0 0.0
A 1205 0.0 0.0 0.0
A 1206 0.0 0.0 0.0
A 1207 0.0 0.0 0.0
A 1208 0.0 2.0 0.0
A 1209 3.0 3.0 3.0
A 1210 1.0 1.0 1.0
A 1211 1.0 3.0 1.0
A 1212 1.0 1.0 1.0
A 1213 1.0 1.0 1.0
A 1214 1.0 1.0 1.0
A 1215 1.0 1.0 1.0
A 1216 3.0 3.0 3.0
A 1217 1.0 1.0 1.0
A 1218 1.0 1.0 1.0
A 1219 3.0 3.0 3.0
A 1220 1.0 1.0 1.0
A 1221 1.0 1.0 1.0
A 1222 1.0 1.0 1.0
A 1223 1.0 1.0 1.0
A 1224 1.0 1.0 1.0
A 1225 0.0 0.0 0.0
A 1226 0.0 0.0 0.0
A 1227 0.0 0.0 0.0
A 1228 0.0 0.0 0.0
A 1229 0.0 0.0 0.0
A 1230 0.0 0.0 0.0
A 1231 0.0 0.0 0.0
A 1232 0.0 0.0 0.0
A 1233 1.0 1.0 1.0
A 1234 3.0 3.0 3.0
A 1235 1.0 1.0 1.0
A 1236 1.0 1.0 1.0
A 1237 3.0 3.0 3.0
A 1238 3.0 3.0 3.0
A 1239 1.0 1.0 1.0
A 1240 1.0 1.0 1.0
A 1241 1.0 3.0 3.0
A 1242 1.0 1.0 3.0
A 1243 1.0 1.0 1.0
A 1244 1.0 1.0 1.0
A 1245 3.0 3.0 3.0
A 1246 3.0 1.0 3.0
A 1247 1.0 1.0 1.0
A 1248 1.0 1.0 1.0
A 1249 3.0 3.0 3.0
A 1250 1.0 1.0 1.0
A 1251 1.0 1.0 3.0
A 1252 1.0 1.0 1.0
A 1253 1.0 1.0 1.0
A 1254 1.0 1.0 1.0
A 1255 3.0 1.0 1.0
A 1256 1.0 1.0 1.0
A 1257 1.0 1.0 1.0
A 1258 1.0 1.0 1.0
A 1259 1.0 1.0 1.0
A 1260 3.0 3.0 3.0
A 1261 1.0 1.0 1.0
A 1262 3.0 3.0 3.0
A 1263 1.0 1.0 1.0
A 1264 1.0 1.0 1.0
A 1265 1.0 1.0 3.0
A 1266 3.0 3.0 3.0
A 1267 3.0 1.0 1.0
A 1268 1.0 1.0 1.0
A 1269 3.0 3.0 3.0
A 1270 3.0 3.0 3.0
A 1271 1.0 1.0 1.0
A 1272 1.0 1.0 1.0
A 1273 1.0 1.0 1.0
A 1384 1.0 1.0 1.0
A 1385 3.0 3.0 3.0
A 1386 3.0 3.0 3.0
A 1387 3.0 3.0 1.0
A 1388 1.0 1.0 1.0
A 1389 3.0 3.0 3.0
A 1390 3.0 3.0 3.0
A 1391 3.0 1.0 3.0
A 1392 1.0 1.0 1.0
A 1393 1.0 1.0 1.0
A 1394 1.0 1.0 1.0
A 1395 3.0 3.0 1.0
A 1396 1.0 1.0 1.0
A 1397 1.0 1.0 1.0
A 1398 0.0 0.0 0.0
A 1399 1.0 1.0 1.0
A 1400 1.0 1.0 1.0
A 1401 0.0 0.0 0.0
A 1402 1.0 1.0 1.0
A 1403 1.0 1.0 1.0
A 1404 1.0 1.0 1.0
A 1405 1.0 1.0 1.0
A 1406 1.0 1.0 1.0
A 1407 1.0 1.0 1.0
A 1408 1.0 1.0 1.0
A 1409 1.0 3.0 3.0
A 1410 1.0 1.0 1.0
A 1411 1.0 1.0 1.0
A 1412 1.0 1.0 1.0
A 1413 1.0 1.0 1.0
A 1414 1.0 3.0 3.0
A 1415 1.0 1.0 1.0
A 1416 0.0 0.0 0.0
A 1417 3.0 3.0 1.0
A 1418 3.0 3.0 3.0
A 1419 1.0 3.0 1.0
A 1420 3.0 3.0 3.0
A 1421 1.0 1.0 1.0
A 1422 1.0 1.0 1.0
A 1423 3.0 1.0 3.0
A 1424 1.0 1.0 1.0
A 1425 1.0 1.0 1.0
A 1426 1.0 1.0 1.0
A 1427 1.0 1.0 1.0
A 1428 1.0 1.0 1.0
A 1429 1.0 1.0 1.0
A 1430 1.0 1.0 1.0
A 1431 1.0 1.0 1.0
A 1432 1.0 1.0 1.0
A 1433 1.0 1.0 1.0
A 1434 1.0 1.0 1.0
A 1435 1.0 1.0 1.0
A 1436 1.0 1.0 1.0
A 1437 1.0 1.0 1.0
A 1438 1.0 1.0 1.0
A 1439 1.0 1.0 1.0
A 1440 3.0 3.0 3.0
A 1441 3.0 1.0 1.0
A 1442 3.0 3.0 1.0
A 1443 3.0 3.0 3.0
A 1444 1.0 1.0 1.0
A 1445 1.0 1.0 1.0
A 1446 1.0 3.0 3.0
A 1447 3.0 3.0 1.0
A 1448 3.0 3.0 3.0
A 1449 3.0 3.0 3.0
A 1450 3.0 3.0 3.0
A 1451 3.0 3.0 3.0
A 1452 1.0 3.0 1.0
A 1453 1.0 1.0 1.0
A 1454 1.0 3.0 3.0
A 1455 1.0 1.0 3.0
A 1456 1.0 1.0 1.0
A 1457 1.0 1.0 1.0
A 1458 1.0 1.0 1.0
A 1459 1.0 1.0 1.0
A 1460 1.0 1.0 1.0
A 1461 3.0 3.0 3.0
A 1462 3.0 3.0 3.0
A 1463 3.0 1.0 3.0
A 1464 1.0 1.0 1.0
A 1465 3.0 3.0 3.0
A 1466 0.0 2.0 0.0
A 1467 2.0 2.0 2.0
A 1468 2.0 2.0 2.0
A 1469 2.0 2.0 2.0
A 1470 2.0 0.0 2.0
A 1471 0.0 2.0 2.0
A 1472 0.0 0.0 0.0
A 1473 1.0 1.0 1.0
A 1474 1.0 1.0 1.0
A 1475 3.0 3.0 3.0
A 1476 1.0 1.0 1.0
A 1477 1.0 1.0 1.0
A 1478 3.0 3.0 3.0
A 1479 1.0 3.0 1.0
A 1480 1.0 1.0 1.0
A 1481 1.0 1.0 1.0
A 1482 1.0 1.0 1.0
A 1483 1.0 1.0 1.0
A 1484 3.0 3.0 3.0
A 1485 3.0 3.0 3.0
A 1486 3.0 3.0 3.0
A 1487 1.0 1.0 1.0
A 1488 1.0 1.0 1.0
A 1489 1.0 1.0 1.0
A 1490 1.0 3.0 3.0
A 1491 3.0 3.0 3.0
A 1492 1.0 1.0 1.0
A 1493 1.0 1.0 3.0
A 1494 1.0 1.0 1.0
A 1495 0.0 0.0 0.0
A 1496 0.0 0.0 0.0
A 1497 0.0 0.0 0.0
A 1498 0.0 0.0 0.0
A 1499 1.0 1.0 1.0
A 1500 0.0 0.0 0.0
A 1501 0.0 0.0 0.0
A 1502 3.0 3.0 3.0
A 1503 1.0 1.0 1.0
A 1504 1.0 1.0 1.0
A 1505 3.0 3.0 3.0
A 1506 3.0 3.0 1.0
A 1507 3.0 3.0 3.0
A 1508 3.0 1.0 1.0
A 1509 1.0 1.0 1.0
A 1510 1.0 1.0 1.0
A 1511 3.0 3.0 3.0
A 1512 3.0 3.0 3.0
A 1513 3.0 3.0 3.0
A 1514 3.0 3.0 3.0
A 1515 1.0 3.0 3.0
A 1516 3.0 1.0 1.0
A 1517 3.0 3.0 3.0
A 1518 1.0 3.0 3.0
A 1519 3.0 3.0 3.0
A 1520 3.0 3.0 3.0
A 1521 3.0 3.0 3.0
A 1522 3.0 3.0 3.0
A 1523 3.0 3.0 3.0
A 1524 3.0 3.0 1.0
A 1525 1.0 1.0 3.0
A 1526 1.0 1.0 1.0
A 1527 3.0 3.0 3.0
A 1528 3.0 3.0 3.0
A 1529 3.0 3.0 3.0
A 1530 3.0 3.0 3.0
A 1531 1.0 1.0 1.0
A 1532 1.0 1.0 1.0
A 1533 3.0 3.0 3.0
A 1534 3.0 3.0 3.0
A 1535 3.0 3.0 3.0
A 1536 3.0 3.0 3.0
A 1537 0.0 2.0 2.0
A 1538 3.0 1.0 1.0
A 1539 1.0 1.0 1.0
A 1540 1.0 1.0 1.0
A 1868 1.0 1.0 1.0
A 1869 3.0 1.0 1.0
A 1870 1.0 1.0 1.0
A 1871 1.0 1.0 1.0
A 1872 1.0 1.0 1.0
A 1873 1.0 1.0 1.0
A 1877 0.0 0.0 0.0
A 1878 0.0 0.0 0.0
A 1879 0.0 0.0 0.0
A 1880 0.0 0.0 0.0
A 1881 0.0 0.0 0.0
A 1882 0.0 0.0 0.0
A 1883 0.0 0.0 2.0
A 1884 0.0 2.0 0.0
A 1885 3.0 3.0 3.0
A 1886 1.0 1.0 1.0
A 1887 1.0 1.0 1.0
A 1888 1.0 1.0 1.0
A 1889 1.0 1.0 1.0
A 1890 1.0 1.0 1.0
A 1891 1.0 1.0 1.0
A 1892 1.0 1.0 1.0
A 1893 1.0 1.0 1.0
A 1894 1.0 1.0 1.0
A 1895 3.0 3.0 3.0
A 1896 1.0 1.0 1.0
A 1897 1.0 1.0 1.0
A 1898 1.0 1.0 1.0
A 1899 1.0 1.0 1.0
A 1900 1.0 1.0 1.0
A 1901 0.0 0.0 0.0
A 1902 0.0 0.0 0.0
A 1903 0.0 0.0 0.0
A 1904 0.0 0.0 0.0
A 1905 0.0 0.0 0.0
A 1906 0.0 0.0 0.0
A 1907 0.0 0.0 0.0
A 1908 0.0 0.0 0.0
A 1909 1.0 1.0 1.0
A 1910 3.0 3.0 3.0
A 1911 1.0 1.0 1.0
A 1912 1.0 1.0 1.0
A 1913 3.0 3.0 3.0
A 1914 3.0 3.0 3.0
A 1915 1.0 1.0 1.0
A 1916 1.0 1.0 1.0
A 1917 1.0 3.0 1.0
A 1918 1.0 3.0 1.0
A 1919 1.0 1.0 1.0
A 1920 1.0 1.0 1.0
A 1921 3.0 3.0 3.0
A 1922 1.0 3.0 3.0
A 1923 1.0 1.0 1.0
A 1924 1.0 1.0 1.0
A 1925 3.0 1.0 3.0
A 1926 1.0 1.0 1.0
A 1927 1.0 1.0 3.0
A 1928 1.0 1.0 1.0
A 1929 1.0 1.0 1.0
A 1930 1.0 1.0 1.0
A 1931 1.0 1.0 1.0
A 1932 1.0 1.0 1.0
A 1933 1.0 1.0 1.0
A 1934 1.0 1.0 1.0
A 1935 1.0 1.0 1.0
A 1936 1.0 3.0 3.0
A 1937 3.0 3.0 3.0
A 1938 3.0 3.0 3.0
A 1939 1.0 1.0 1.0
A 1940 3.0 1.0 1.0
A 1941 3.0 3.0 3.0
A 1942 3.0 3.0 3.0
A 1943 1.0 3.0 3.0
A 1944 1.0 1.0 1.0
A 1945 3.0 3.0 3.0
A 1946 3.0 3.0 3.0
A 1947 1.0 1.0 1.0
A 1948 1.0 1.0 1.0
A 1949 1.0 1.0 1.0
