A 19 3.0 1.0
A 20 1.0 1.0
A 21 3.0 3.0
A 22 1.0 1.0
A 23 1.0 1.0
A 24 1.0 1.0
A 25 1.0 1.0
A 26 1.0 1.0
A 27 1.0 1.0
A 28 1.0 1.0
A 29 1.0 1.0
A 30 1.0 1.0
A 31 1.0 1.0
A 32 1.0 1.0
A 33 1.0 1.0
A 34 3.0 3.0
A 35 3.0 3.0
A 36 3.0 3.0
A 37 3.0 3.0
A 38 3.0 1.0
A 39 3.0 1.0
A 40 1.0 1.0
A 41 3.0 1.0
A 42 1.0 1.0
A 43 3.0 3.0
A 44 3.0 3.0
A 45 1.0 1.0
A 46 1.0 1.0
A 47 1.0 1.0
A 48 1.0 1.0
A 49 1.0 1.0
A 50 3.0 3.0
A 51 3.0 3.0
A 52 3.0 3.0
A 53 1.0 1.0
A 54 1.0 1.0
A 55 1.0 1.0
A 56 1.0 1.0
A 57 1.0 1.0
A 58 1.0 1.0
A 59 3.0 3.0
A 60 3.0 1.0
A 61 1.0 1.0
A 62 1.0 1.0
A 63 1.0 1.0
A 64 1.0 1.0
A 65 1.0 1.0
A 66 1.0 1.0
A 67 1.0 3.0
A 68 3.0 1.0
A 69 3.0 3.0
A 70 1.0 1.0
A 71 1.0 1.0
A 72 1.0 1.0
A 73 3.0 3.0
A 74 3.0 3.0
A 75 3.0 3.0
A 76 3.0 3.0
A 77 3.0 3.0
A 78 3.0 3.0
A 79 3.0 3.0
A 80 1.0 1.0
A 81 1.0 1.0
A 82 1.0 1.0
A 83 1.0 1.0
A 84 1.0 1.0
A 85 1.0 1.0
A 86 1.0 1.0
A 87 3.0 3.0
A 88 1.0 1.0
A 89 1.0 1.0
A 90 1.0 1.0
A 91 1.0 1.0
A 92 1.0 1.0
A 93 1.0 1.0
A 94 1.0 1.0
A 95 3.0 3.0
A 96 3.0 1.0
A 97 3.0 3.0
A 98 1.0 1.0
A 99 1.0 1.0
A 100 1.0 1.0
A 101 1.0 1.0
A 102 1.0 1.0
A 103 3.0 3.0
A 104 3.0 1.0
A 105 1.0 1.0
A 106 3.0 3.0
A 107 3.0 3.0
A 108 3.0 3.0
A 109 3.0 3.0
A 110 3.0 3.0
A 111 3.0 3.0
A 112 3.0 3.0
A 113 3.0 3.0
A 114 3.0 3.0
A 115 3.0 3.0
A 116 3.0 3.0
A 117 3.0 3.0
A 118 3.0 3.0
A 119 3.0 3.0
A 120 3.0 3.0
A 121 3.0 1.0
A 122 1.0 1.0
A 123 3.0 1.0
A 124 1.0 1.0
A 125 3.0 1.0
A 126 1.0 1.0
A 127 1.0 1.0
A 128 1.0 1.0
A 129 1.0 1.0
A 130 1.0 1.0
A 131 3.0 3.0
A 132 1.0 1.0
A 133 1.0 1.0
A 134 1.0 1.0
A 135 1.0 1.0
A 136 1.0 0.0
A 137 1.0 0.0
A 138 0.0 1.0
A 139 0.0 1.0
A 140 1.0 1.0
A 141 0.0 1.0
A 142 0.0 1.0
A 143 0.0 1.0
A 144 2.0 1.0
A 145 0.0 1.0
A 146 3.0 3.0
A 147 1.0 1.0
A 148 0.0 1.0
A 149 1.0 1.0
A 150 0.0 1.0
A 151 0.0 1.0
A 152 0.0 1.0
A 153 1.0 1.0
A 154 1.0 1.0
A 155 3.0 3.0
A 156 1.0 1.0
A 157 3.0 1.0
A 158 3.0 1.0
A 159 3.0 3.0
A 160 2.0 1.0
A 161 3.0 1.0
A 162 0.0 1.0
A 163 1.0 1.0
A 164 0.0 0.0
A 165 0.0 1.0
A 166 0.0 1.0
A 167 0.0 0.0
A 168 0.0 1.0
A 169 1.0 0.0
A 170 1.0 0.0
A 171 1.0 0.0
A 172 1.0 0.0
A 173 1.0 0.0
A 174 1.0 1.0
A 175 3.0 1.0
A 176 1.0 1.0
A 177 3.0 3.0
A 178 1.0 1.0
A 179 3.0 3.0
A 180 1.0 1.0
A 181 1.0 1.0
A 182 1.0 1.0
A 183 1.0 1.0
A 184 3.0 3.0
A 185 3.0 3.0
A 186 3.0 3.0
A 187 3.0 3.0
A 188 3.0 3.0
A 189 3.0 3.0
A 190 3.0 3.0
A 191 3.0 3.0
A 192 3.0 3.0
A 193 3.0 3.0
A 194 3.0 3.0
A 195 1.0 1.0
A 196 1.0 1.0
A 197 1.0 1.0
A 198 0.0 1.0
A 199 2.0 3.0
A 200 1.0 1.0
A 201 0.0 1.0
A 202 2.0 3.0
A 203 2.0 3.0
A 204 3.0 3.0
A 205 1.0 1.0
A 206 1.0 1.0
A 207 1.0 1.0
A 208 1.0 1.0
A 209 3.0 1.0
A 210 3.0 1.0
A 211 3.0 3.0
A 212 3.0 3.0
A 213 3.0 3.0
A 214 3.0 3.0
A 215 3.0 3.0
A 216 3.0 3.0
A 217 3.0 1.0
A 218 3.0 3.0
A 219 3.0 3.0
A 220 3.0 3.0
A 221 3.0 3.0
A 222 3.0 3.0
A 223 3.0 3.0
A 224 3.0 3.0
A 225 3.0 3.0
A 226 3.0 3.0
A 227 3.0 1.0
A 228 3.0 3.0
A 229 1.0 1.0
A 238 3.0 3.0
A 239 3.0 3.0
A 240 3.0 3.0
A 241 3.0 3.0
A 242 3.0 3.0
A 243 3.0 3.0
A 244 3.0 3.0
A 245 3.0 3.0
A 246 3.0 3.0
A 247 1.0 1.0
A 248 3.0 3.0
A 249 1.0 1.0
A 250 3.0 3.0
A 251 1.0 1.0
A 252 3.0 3.0
A 253 3.0 1.0
A 254 3.0 3.0
A 255 3.0 3.0
A 256 3.0 1.0
A 257 3.0 3.0
A 258 3.0 1.0
A 259 3.0 3.0
A 260 3.0 3.0
A 261 3.0 3.0
A 262 3.0 3.0
A 263 3.0 3.0
A 264 3.0 3.0
A 265 3.0 3.0
A 266 3.0 3.0
A 267 3.0 3.0
A 268 3.0 3.0
A 269 1.0 1.0
A 270 1.0 1.0
A 271 1.0 1.0
A 272 1.0 1.0
A 273 3.0 1.0
A 274 1.0 1.0
A 275 1.0 1.0
A 276 1.0 1.0
A 277 3.0 1.0
A 278 1.0 1.0
A 279 1.0 1.0
A 280 3.0 3.0
A 281 1.0 1.0
A 282 1.0 1.0
A 283 1.0 1.0
A 284 1.0 1.0
A 285 1.0 1.0
A 286 1.0 1.0
A 287 1.0 1.0
A 288 1.0 1.0
A 289 1.0 1.0
A 290 1.0 1.0
A 291 3.0 3.0
A 292 1.0 1.0
A 293 1.0 1.0
A 294 1.0 1.0
A 295 3.0 3.0
A 296 3.0 3.0
A 297 3.0 3.0
A 298 1.0 1.0
A 299 1.0 1.0
A 300 1.0 1.0
A 301 3.0 1.0
A 302 3.0 3.0
A 303 3.0 3.0
A 304 3.0 3.0
A 305 1.0 1.0
A 306 3.0 1.0
A 307 1.0 1.0
A 308 1.0 3.0
A 309 1.0 1.0
A 310 1.0 1.0
A 311 3.0 1.0
A 312 1.0 1.0
A 313 1.0 1.0
A 314 1.0 1.0
A 315 3.0 3.0
A 316 3.0 3.0
A 317 3.0 3.0
A 318 3.0 3.0
A 319 3.0 3.0
A 320 3.0 1.0
A 321 1.0 1.0
A 322 3.0 1.0
A 323 3.0 3.0
A 324 3.0 3.0
A 325 3.0 3.0
A 326 3.0 3.0
A 327 1.0 1.0
A 328 1.0 1.0
A 329 1.0 1.0
A 330 3.0 1.0
A 331 1.0 1.0
A 332 1.0 1.0
A 333 1.0 1.0
A 334 1.0 1.0
A 354 1.0 1.0
A 355 1.0 1.0
A 356 1.0 1.0
A 357 1.0 1.0
A 358 1.0 1.0
A 359 1.0 1.0
A 360 1.0 1.0
A 361 1.0 1.0
A 362 1.0 1.0
A 363 1.0 1.0
A 364 1.0 1.0
A 365 1.0 1.0
A 366 0.0 1.0
A 367 0.0 1.0
A 368 0.0 1.0
A 369 1.0 1.0
A 370 1.0 1.0
A 371 1.0 1.0
A 372 1.0 1.0
A 373 1.0 1.0
A 374 1.0 1.0
A 375 1.0 1.0
A 376 1.0 1.0
A 377 1.0 1.0
A 378 1.0 1.0
A 379 1.0 1.0
A 380 1.0 1.0
A 381 1.0 1.0
A 382 1.0 1.0
A 383 1.0 1.0
A 384 0.0 1.0
A 385 1.0 1.0
A 386 1.0 1.0
A 387 1.0 1.0
A 388 0.0 1.0
A 389 0.0 1.0
A 390 1.0 1.0
A 391 3.0 1.0
A 392 0.0 1.0
A 393 1.0 1.0
A 394 3.0 1.0
A 395 3.0 1.0
A 396 1.0 1.0
A 397 0.0 1.0
A 398 3.0 3.0
A 399 2.0 1.0
A 400 0.0 1.0
A 401 3.0 3.0
A 402 3.0 3.0
A 403 0.0 1.0
A 404 1.0 1.0
A 405 0.0 3.0
A 406 1.0 3.0
A 407 1.0 1.0
A 408 3.0 1.0
A 409 1.0 1.0
A 410 3.0 3.0
A 411 3.0 1.0
A 412 3.0 3.0
A 413 3.0 3.0
A 414 3.0 3.0
A 415 3.0 3.0
A 416 3.0 1.0
A 417 1.0 1.0
A 418 3.0 1.0
A 419 3.0 3.0
A 420 3.0 3.0
A 421 3.0 3.0
A 422 3.0 3.0
A 423 3.0 3.0
A 424 3.0 3.0
A 425 3.0 3.0
A 426 3.0 3.0
A 427 3.0 3.0
A 428 3.0 3.0
A 429 3.0 3.0
A 430 3.0 3.0
A 431 3.0 3.0
A 432 3.0 3.0
A 433 3.0 3.0
A 434 3.0 3.0
A 435 3.0 3.0
A 436 3.0 3.0
A 437 3.0 3.0
A 438 3.0 3.0
A 439 3.0 3.0
A 440 3.0 3.0
A 441 3.0 3.0
A 442 3.0 3.0
A 443 3.0 3.0
A 444 3.0 3.0
A 445 3.0 3.0
A 446 3.0 3.0
A 447 3.0 3.0
A 448 3.0 3.0
A 449 3.0 3.0
A 450 3.0 3.0
A 451 3.0 3.0
A 452 3.0 3.0
A 453 3.0 3.0
A 454 3.0 3.0
A 455 3.0 1.0
A 456 3.0 3.0
A 457 3.0 1.0
A 458 3.0 1.0
A 459 3.0 1.0
A 460 3.0 1.0
A 461 3.0 1.0
A 462 1.0 1.0
A 463 3.0 1.0
A 464 1.0 1.0
A 465 1.0 1.0
A 466 1.0 1.0
A 467 1.0 1.0
A 468 1.0 1.0
A 469 1.0 1.0
A 470 1.0 1.0
A 471 1.0 1.0
A 472 1.0 1.0
A 473 1.0 1.0
A 474 1.0 1.0
A 475 1.0 1.0
A 476 1.0 1.0
A 477 1.0 1.0
A 478 3.0 1.0
A 479 1.0 1.0
A 480 1.0 1.0
A 481 1.0 1.0
A 482 1.0 1.0
A 483 1.0 1.0
A 484 1.0 1.0
A 485 3.0 3.0
A 486 1.0 1.0
A 487 1.0 1.0
A 488 1.0 1.0
A 489 3.0 1.0
A 490 1.0 1.0
A 491 1.0 1.0
A 492 1.0 1.0
A 493 1.0 1.0
A 494 1.0 1.0
A 495 1.0 1.0
A 496 1.0 1.0
A 497 1.0 1.0
A 498 1.0 1.0
A 499 1.0 1.0
A 500 1.0 1.0
A 501 1.0 1.0
A 502 1.0 1.0
A 503 1.0 1.0
A 504 1.0 1.0
A 505 1.0 1.0
A 506 1.0 1.0
A 507 1.0 1.0
A 508 1.0 1.0
A 509 1.0 1.0
A 510 1.0 1.0
A 511 1.0 1.0
A 512 1.0 1.0
A 513 1.0 1.0
A 514 1.0 1.0
A 515 1.0 1.0
A 516 1.0 1.0
A 517 1.0 1.0
A 518 1.0 1.0
A 519 1.0 1.0
A 587 1.0 1.0
A 588 1.0 1.0
A 589 3.0 3.0
A 590 1.0 1.0
A 591 3.0 1.0
A 592 1.0 1.0
A 593 1.0 1.0
A 594 1.0 1.0
A 595 1.0 1.0
A 596 1.0 1.0
A 597 1.0 1.0
A 598 1.0 1.0
A 599 1.0 1.0
A 600 1.0 1.0
A 601 1.0 1.0
A 602 3.0 3.0
A 603 3.0 3.0
A 604 3.0 3.0
A 605 3.0 3.0
A 606 3.0 1.0
A 607 1.0 1.0
A 608 1.0 1.0
A 609 3.0 1.0
A 610 1.0 1.0
A 611 3.0 3.0
A 612 3.0 3.0
A 613 1.0 1.0
A 614 1.0 1.0
A 615 1.0 1.0
A 616 1.0 1.0
A 617 1.0 1.0
A 618 3.0 3.0
A 619 3.0 3.0
A 620 3.0 3.0
A 621 1.0 1.0
A 622 1.0 1.0
A 623 1.0 1.0
A 624 1.0 1.0
A 625 1.0 1.0
A 626 1.0 1.0
A 627 3.0 3.0
A 628 1.0 1.0
A 629 1.0 1.0
A 630 1.0 1.0
A 631 1.0 1.0
A 632 1.0 1.0
A 633 1.0 1.0
A 634 1.0 1.0
A 635 1.0 1.0
A 636 3.0 1.0
A 637 3.0 3.0
A 638 1.0 1.0
A 639 1.0 1.0
A 640 1.0 1.0
A 641 3.0 3.0
A 642 3.0 3.0
A 643 3.0 3.0
A 644 3.0 3.0
A 645 3.0 3.0
A 646 3.0 3.0
A 647 3.0 3.0
A 648 1.0 1.0
A 649 1.0 1.0
A 650 1.0 1.0
A 651 1.0 1.0
A 652 1.0 1.0
A 653 1.0 1.0
A 654 1.0 1.0
A 655 3.0 3.0
A 656 1.0 1.0
A 657 1.0 1.0
A 658 1.0 1.0
A 659 1.0 1.0
A 660 1.0 1.0
A 661 1.0 1.0
A 662 1.0 1.0
A 663 3.0 3.0
A 664 3.0 1.0
A 665 3.0 3.0
A 666 1.0 1.0
A 667 1.0 1.0
A 668 1.0 1.0
A 669 1.0 1.0
A 670 1.0 1.0
A 671 3.0 3.0
A 672 1.0 1.0
A 673 1.0 1.0
A 674 3.0 3.0
A 675 3.0 3.0
A 676 3.0 3.0
A 677 3.0 3.0
A 678 3.0 3.0
A 679 3.0 3.0
A 680 3.0 3.0
A 681 3.0 3.0
A 682 3.0 3.0
A 683 3.0 3.0
A 684 3.0 3.0
A 685 3.0 3.0
A 686 3.0 3.0
A 687 3.0 3.0
A 688 3.0 3.0
A 689 3.0 1.0
A 690 1.0 1.0
A 691 3.0 1.0
A 692 3.0 1.0
A 693 3.0 1.0
A 694 1.0 1.0
A 695 1.0 1.0
A 696 1.0 1.0
A 697 1.0 1.0
A 698 1.0 1.0
A 699 3.0 3.0
A 700 1.0 1.0
A 701 3.0 1.0
A 702 1.0 1.0
A 703 1.0 1.0
A 704 1.0 0.0
A 705 1.0 0.0
A 706 0.0 1.0
A 707 0.0 1.0
A 708 1.0 1.0
A 709 0.0 1.0
A 710 0.0 1.0
A 711 0.0 1.0
A 712 2.0 1.0
A 713 0.0 1.0
A 714 3.0 3.0
A 715 1.0 1.0
A 716 0.0 1.0
A 717 1.0 1.0
A 718 0.0 1.0
A 719 0.0 1.0
A 720 0.0 1.0
A 721 1.0 1.0
A 722 1.0 1.0
A 723 3.0 3.0
A 724 1.0 1.0
A 725 3.0 1.0
A 726 3.0 1.0
A 727 3.0 3.0
A 728 0.0 1.0
A 729 3.0 1.0
A 730 0.0 1.0
A 731 1.0 1.0
A 732 0.0 0.0
A 733 0.0 1.0
A 734 0.0 1.0
A 735 0.0 0.0
A 736 0.0 1.0
A 737 1.0 0.0
A 738 1.0 0.0
A 739 1.0 0.0
A 740 1.0 0.0
A 741 1.0 0.0
A 742 1.0 1.0
A 743 3.0 1.0
A 744 1.0 1.0
A 745 3.0 3.0
A 746 1.0 1.0
A 747 3.0 3.0
A 748 1.0 1.0
A 749 1.0 1.0
A 750 1.0 1.0
A 751 1.0 1.0
A 752 3.0 3.0
A 753 3.0 3.0
A 754 3.0 3.0
A 755 3.0 3.0
A 756 3.0 3.0
A 757 3.0 3.0
A 758 3.0 3.0
A 759 3.0 3.0
A 760 3.0 3.0
A 761 3.0 3.0
A 762 3.0 3.0
A 763 1.0 1.0
A 764 1.0 3.0
A 765 1.0 1.0
A 766 0.0 1.0
A 767 0.0 3.0
A 768 1.0 1.0
A 769 0.0 1.0
A 770 0.0 3.0
A 771 2.0 3.0
A 772 1.0 3.0
A 773 1.0 1.0
A 774 1.0 1.0
A 775 1.0 1.0
A 776 1.0 1.0
A 777 3.0 3.0
A 778 3.0 1.0
A 779 3.0 3.0
A 780 3.0 3.0
A 781 3.0 3.0
A 782 3.0 3.0
A 783 3.0 3.0
A 784 3.0 1.0
A 785 3.0 1.0
A 786 3.0 3.0
A 787 3.0 1.0
A 788 3.0 3.0
A 789 3.0 3.0
A 790 3.0 3.0
A 791 3.0 3.0
A 792 3.0 3.0
A 793 3.0 3.0
A 794 3.0 3.0
A 795 1.0 1.0
A 796 3.0 3.0
A 797 1.0 1.0
A 806 3.0 3.0
A 807 3.0 3.0
A 808 3.0 3.0
A 809 3.0 3.0
A 810 3.0 3.0
A 811 3.0 3.0
A 812 3.0 3.0
A 813 3.0 3.0
A 814 3.0 3.0
A 815 1.0 1.0
A 816 3.0 3.0
A 817 1.0 1.0
A 818 3.0 3.0
A 819 1.0 1.0
A 820 3.0 3.0
A 821 3.0 1.0
A 822 3.0 3.0
A 823 3.0 1.0
A 824 3.0 1.0
A 825 3.0 3.0
A 826 3.0 3.0
A 827 3.0 3.0
A 828 3.0 3.0
A 829 3.0 3.0
A 830 3.0 3.0
A 831 3.0 3.0
A 832 3.0 3.0
A 833 1.0 3.0
A 834 3.0 3.0
A 835 3.0 3.0
A 836 3.0 3.0
A 837 1.0 1.0
A 838 1.0 1.0
A 839 1.0 1.0
A 840 1.0 1.0
A 841 3.0 1.0
A 842 1.0 1.0
A 843 1.0 1.0
A 844 1.0 1.0
A 845 3.0 3.0
A 846 1.0 1.0
A 847 1.0 1.0
A 848 3.0 3.0
A 849 1.0 1.0
A 850 1.0 1.0
A 851 1.0 1.0
A 852 1.0 1.0
A 853 1.0 1.0
A 854 1.0 1.0
A 855 1.0 1.0
A 856 1.0 1.0
A 857 1.0 1.0
A 858 1.0 1.0
A 859 3.0 3.0
A 860 3.0 3.0
A 861 1.0 1.0
A 862 1.0 1.0
A 863 3.0 3.0
A 864 3.0 1.0
A 865 3.0 3.0
A 866 1.0 1.0
A 867 1.0 1.0
A 868 1.0 1.0
A 869 3.0 1.0
A 870 3.0 3.0
A 871 3.0 3.0
A 872 3.0 3.0
A 873 1.0 1.0
A 874 3.0 3.0
A 875 1.0 1.0
A 876 1.0 3.0
A 877 3.0 1.0
A 878 1.0 1.0
A 879 3.0 1.0
A 880 1.0 1.0
A 881 1.0 1.0
A 882 1.0 1.0
A 883 3.0 3.0
A 884 3.0 3.0
A 885 3.0 3.0
A 886 3.0 3.0
A 887 3.0 3.0
A 888 1.0 1.0
A 889 1.0 1.0
A 890 1.0 1.0
A 891 3.0 3.0
A 892 3.0 3.0
A 893 3.0 3.0
A 894 3.0 3.0
A 895 1.0 1.0
A 896 1.0 1.0
A 897 1.0 1.0
A 898 3.0 1.0
A 899 1.0 1.0
A 900 1.0 1.0
A 901 1.0 1.0
A 902 1.0 1.0
A 922 1.0 1.0
A 923 1.0 1.0
A 924 1.0 1.0
A 925 1.0 1.0
A 926 1.0 1.0
A 927 1.0 1.0
A 928 1.0 1.0
A 929 1.0 1.0
A 930 1.0 1.0
A 931 1.0 1.0
A 932 1.0 1.0
A 933 1.0 1.0
A 934 0.0 1.0
A 935 0.0 1.0
A 936 0.0 1.0
A 937 1.0 1.0
A 938 1.0 1.0
A 939 1.0 1.0
A 940 1.0 1.0
A 941 1.0 1.0
A 942 1.0 1.0
A 943 1.0 1.0
A 944 1.0 1.0
A 945 1.0 1.0
A 946 1.0 1.0
A 947 1.0 1.0
A 948 1.0 1.0
A 949 1.0 1.0
A 950 1.0 1.0
A 951 1.0 1.0
A 952 0.0 1.0
A 953 1.0 1.0
A 954 1.0 1.0
A 955 1.0 1.0
A 956 0.0 1.0
A 957 0.0 1.0
A 958 1.0 1.0
A 959 1.0 1.0
A 960 0.0 1.0
A 961 1.0 1.0
A 962 3.0 1.0
A 963 3.0 1.0
A 964 1.0 1.0
A 965 0.0 1.0
A 966 3.0 1.0
A 967 0.0 1.0
A 968 0.0 1.0
A 969 3.0 3.0
A 970 3.0 3.0
A 971 0.0 1.0
A 972 1.0 1.0
A 973 0.0 3.0
A 974 1.0 3.0
A 975 1.0 1.0
A 976 3.0 1.0
A 977 1.0 1.0
A 978 3.0 1.0
A 979 3.0 1.0
A 980 3.0 3.0
A 981 3.0 3.0
A 982 3.0 3.0
A 983 3.0 3.0
A 984 3.0 3.0
A 985 1.0 1.0
A 986 3.0 3.0
A 987 3.0 3.0
A 988 3.0 3.0
A 989 3.0 3.0
A 990 3.0 3.0
A 991 3.0 3.0
A 992 3.0 3.0
A 993 3.0 3.0
A 994 3.0 3.0
A 995 3.0 3.0
A 996 3.0 3.0
A 997 3.0 3.0
A 998 3.0 3.0
A 999 3.0 3.0
A 1000 3.0 3.0
A 1001 3.0 3.0
A 1002 3.0 3.0
A 1003 3.0 3.0
A 1004 3.0 3.0
A 1005 3.0 3.0
A 1006 3.0 3.0
A 1007 3.0 3.0
A 1008 3.0 3.0
A 1009 3.0 3.0
A 1010 3.0 3.0
A 1011 3.0 3.0
A 1012 3.0 3.0
A 1013 3.0 3.0
A 1014 3.0 3.0
A 1015 3.0 3.0
A 1016 3.0 3.0
A 1017 3.0 3.0
A 1018 3.0 3.0
A 1019 3.0 3.0
A 1020 3.0 3.0
A 1021 3.0 3.0
A 1022 3.0 3.0
A 1023 3.0 1.0
A 1024 3.0 3.0
A 1025 3.0 1.0
A 1026 3.0 1.0
A 1027 3.0 1.0
A 1028 3.0 1.0
A 1029 3.0 1.0
A 1030 1.0 1.0
A 1031 1.0 1.0
A 1032 1.0 1.0
A 1033 1.0 1.0
A 1034 1.0 1.0
A 1035 1.0 1.0
A 1036 1.0 1.0
A 1037 1.0 1.0
A 1038 1.0 1.0
A 1039 1.0 1.0
A 1040 1.0 1.0
A 1041 1.0 1.0
A 1042 1.0 1.0
A 1043 1.0 1.0
A 1044 1.0 1.0
A 1045 1.0 1.0
A 1046 1.0 1.0
A 1047 1.0 1.0
A 1048 1.0 1.0
A 1049 1.0 1.0
A 1050 1.0 1.0
A 1051 1.0 1.0
A 1052 1.0 1.0
A 1053 3.0 3.0
A 1054 1.0 1.0
A 1055 1.0 1.0
A 1056 1.0 1.0
A 1057 1.0 1.0
A 1058 1.0 1.0
A 1059 1.0 1.0
A 1060 1.0 1.0
A 1061 1.0 1.0
A 1062 1.0 1.0
A 1063 1.0 1.0
A 1064 1.0 1.0
A 1065 1.0 1.0
A 1066 1.0 1.0
A 1067 1.0 1.0
A 1068 1.0 1.0
A 1069 1.0 1.0
A 1070 1.0 1.0
A 1071 1.0 1.0
A 1072 1.0 1.0
A 1073 1.0 1.0
A 1074 1.0 1.0
A 1075 1.0 1.0
A 1076 1.0 1.0
A 1077 1.0 1.0
A 1078 1.0 1.0
A 1079 1.0 1.0
A 1080 1.0 1.0
A 1081 1.0 1.0
A 1082 1.0 1.0
A 1083 1.0 1.0
A 1084 1.0 1.0
A 1085 1.0 1.0
A 1086 1.0 1.0
A 1087 1.0 1.0
A 1155 1.0 1.0
A 1156 1.0 1.0
A 1157 3.0 3.0
A 1158 1.0 1.0
A 1159 1.0 1.0
A 1160 1.0 1.0
A 1161 1.0 1.0
A 1162 1.0 1.0
A 1163 1.0 1.0
A 1164 1.0 1.0
A 1165 1.0 1.0
A 1166 1.0 1.0
A 1167 1.0 1.0
A 1168 1.0 1.0
A 1169 1.0 1.0
A 1170 3.0 3.0
A 1171 3.0 3.0
A 1172 3.0 3.0
A 1173 3.0 3.0
A 1174 3.0 3.0
A 1175 1.0 1.0
A 1176 1.0 1.0
A 1177 3.0 1.0
A 1178 1.0 1.0
A 1179 3.0 3.0
A 1180 3.0 3.0
A 1181 1.0 1.0
A 1182 1.0 1.0
A 1183 1.0 1.0
A 1184 1.0 1.0
A 1185 1.0 1.0
A 1186 3.0 3.0
A 1187 3.0 3.0
A 1188 3.0 3.0
A 1189 1.0 1.0
A 1190 1.0 1.0
A 1191 1.0 1.0
A 1192 1.0 1.0
A 1193 1.0 1.0
A 1194 1.0 1.0
A 1195 3.0 3.0
A 1196 3.0 1.0
A 1197 1.0 1.0
A 1198 1.0 1.0
A 1199 1.0 1.0
A 1200 1.0 1.0
A 1201 1.0 1.0
A 1202 1.0 1.0
A 1203 3.0 1.0
A 1204 3.0 1.0
A 1205 3.0 3.0
A 1206 1.0 1.0
A 1207 1.0 1.0
A 1208 1.0 1.0
A 1209 3.0 3.0
A 1210 3.0 3.0
A 1211 3.0 3.0
A 1212 3.0 3.0
A 1213 3.0 3.0
A 1214 3.0 3.0
A 1215 3.0 3.0
A 1216 1.0 1.0
A 1217 1.0 1.0
A 1218 3.0 1.0
A 1219 1.0 1.0
A 1220 1.0 1.0
A 1221 1.0 1.0
A 1222 1.0 1.0
A 1223 3.0 3.0
A 1224 1.0 1.0
A 1225 1.0 1.0
A 1226 1.0 1.0
A 1227 1.0 1.0
A 1228 1.0 1.0
A 1229 1.0 1.0
A 1230 1.0 1.0
A 1231 3.0 1.0
A 1232 3.0 1.0
A 1233 3.0 3.0
A 1234 1.0 1.0
A 1235 1.0 1.0
A 1236 1.0 1.0
A 1237 1.0 1.0
A 1238 1.0 1.0
A 1239 3.0 3.0
A 1240 3.0 1.0
A 1241 1.0 1.0
A 1242 3.0 3.0
A 1243 3.0 3.0
A 1244 3.0 3.0
A 1245 3.0 3.0
A 1246 3.0 3.0
A 1247 3.0 3.0
A 1248 3.0 3.0
A 1249 3.0 3.0
A 1250 3.0 3.0
A 1251 3.0 3.0
A 1252 3.0 3.0
A 1253 3.0 3.0
A 1254 3.0 3.0
A 1255 3.0 3.0
A 1256 3.0 3.0
A 1257 3.0 1.0
A 1258 1.0 1.0
A 1259 3.0 1.0
A 1260 3.0 1.0
A 1261 3.0 1.0
A 1262 1.0 1.0
A 1263 1.0 1.0
A 1264 1.0 1.0
A 1265 1.0 1.0
A 1266 1.0 1.0
A 1267 3.0 3.0
A 1268 1.0 1.0
A 1269 1.0 1.0
A 1270 1.0 1.0
A 1271 1.0 1.0
A 1272 1.0 0.0
A 1273 1.0 0.0
A 1274 0.0 1.0
A 1275 0.0 1.0
A 1276 1.0 1.0
A 1277 0.0 1.0
A 1278 0.0 1.0
A 1279 0.0 1.0
A 1280 2.0 1.0
A 1281 0.0 1.0
A 1282 3.0 3.0
A 1283 1.0 1.0
A 1284 0.0 1.0
A 1285 1.0 1.0
A 1286 0.0 1.0
A 1287 0.0 1.0
A 1288 0.0 1.0
A 1289 1.0 1.0
A 1290 1.0 1.0
A 1291 3.0 3.0
A 1292 1.0 1.0
A 1293 3.0 1.0
A 1294 3.0 1.0
A 1295 3.0 3.0
A 1296 0.0 1.0
A 1297 3.0 1.0
A 1298 0.0 1.0
A 1299 1.0 1.0
A 1300 0.0 0.0
A 1301 0.0 1.0
A 1302 0.0 1.0
A 1303 0.0 0.0
A 1304 0.0 1.0
A 1305 1.0 0.0
A 1306 1.0 0.0
A 1307 1.0 0.0
A 1308 1.0 0.0
A 1309 1.0 0.0
A 1310 1.0 1.0
A 1311 1.0 1.0
A 1312 1.0 1.0
A 1313 3.0 3.0
A 1314 1.0 1.0
A 1315 3.0 3.0
A 1316 1.0 1.0
A 1317 1.0 1.0
A 1318 1.0 1.0
A 1319 1.0 1.0
A 1320 3.0 3.0
A 1321 3.0 3.0
A 1322 3.0 3.0
A 1323 3.0 3.0
A 1324 3.0 3.0
A 1325 3.0 3.0
A 1326 3.0 3.0
A 1327 3.0 3.0
A 1328 3.0 3.0
A 1329 3.0 3.0
A 1330 3.0 3.0
A 1331 1.0 1.0
A 1332 1.0 1.0
A 1333 1.0 1.0
A 1334 0.0 1.0
A 1335 0.0 1.0
A 1336 1.0 1.0
A 1337 0.0 1.0
A 1338 0.0 3.0
A 1339 2.0 3.0
A 1340 1.0 3.0
A 1341 1.0 1.0
A 1342 1.0 1.0
A 1343 1.0 1.0
A 1344 1.0 1.0
A 1345 3.0 1.0
A 1346 3.0 1.0
A 1347 3.0 3.0
A 1348 3.0 3.0
A 1349 3.0 3.0
A 1350 3.0 3.0
A 1351 3.0 3.0
A 1352 1.0 3.0
A 1353 3.0 1.0
A 1354 3.0 3.0
A 1355 3.0 1.0
A 1356 3.0 3.0
A 1357 3.0 3.0
A 1358 3.0 3.0
A 1359 3.0 3.0
A 1360 3.0 3.0
A 1361 3.0 3.0
A 1362 3.0 3.0
A 1363 1.0 1.0
A 1364 3.0 3.0
A 1365 1.0 1.0
A 1374 3.0 3.0
A 1375 3.0 3.0
A 1376 3.0 3.0
A 1377 3.0 3.0
A 1378 3.0 3.0
A 1379 3.0 3.0
A 1380 3.0 3.0
A 1381 3.0 3.0
A 1382 3.0 3.0
A 1383 1.0 1.0
A 1384 3.0 3.0
A 1385 1.0 1.0
A 1386 3.0 3.0
A 1387 1.0 1.0
A 1388 3.0 3.0
A 1389 3.0 1.0
A 1390 3.0 3.0
A 1391 3.0 3.0
A 1392 3.0 1.0
A 1393 3.0 3.0
A 1394 3.0 3.0
A 1395 3.0 3.0
A 1396 3.0 3.0
A 1397 3.0 3.0
A 1398 3.0 3.0
A 1399 3.0 3.0
A 1400 3.0 3.0
A 1401 3.0 3.0
A 1402 3.0 3.0
A 1403 3.0 3.0
A 1404 3.0 3.0
A 1405 1.0 1.0
A 1406 1.0 1.0
A 1407 1.0 1.0
A 1408 1.0 1.0
A 1409 3.0 1.0
A 1410 1.0 1.0
A 1411 1.0 1.0
A 1412 1.0 1.0
A 1413 3.0 1.0
A 1414 1.0 1.0
A 1415 1.0 1.0
A 1416 3.0 3.0
A 1417 1.0 1.0
A 1418 1.0 1.0
A 1419 1.0 1.0
A 1420 1.0 1.0
A 1421 1.0 1.0
A 1422 1.0 1.0
A 1423 1.0 1.0
A 1424 1.0 1.0
A 1425 1.0 1.0
A 1426 1.0 1.0
A 1427 3.0 3.0
A 1428 3.0 3.0
A 1429 1.0 1.0
A 1430 1.0 1.0
A 1431 3.0 3.0
A 1432 3.0 3.0
A 1433 3.0 3.0
A 1434 1.0 1.0
A 1435 1.0 1.0
A 1436 1.0 1.0
A 1437 3.0 1.0
A 1438 3.0 3.0
A 1439 3.0 3.0
A 1440 3.0 3.0
A 1441 1.0 1.0
A 1442 3.0 3.0
A 1443 1.0 1.0
A 1444 1.0 3.0
A 1445 3.0 1.0
A 1446 1.0 1.0
A 1447 3.0 1.0
A 1448 1.0 1.0
A 1449 1.0 1.0
A 1450 1.0 1.0
A 1451 3.0 3.0
A 1452 3.0 3.0
A 1453 3.0 3.0
A 1454 3.0 3.0
A 1455 3.0 3.0
A 1456 1.0 1.0
A 1457 1.0 1.0
A 1458 3.0 1.0
A 1459 3.0 3.0
A 1460 3.0 3.0
A 1461 3.0 3.0
A 1462 3.0 3.0
A 1463 1.0 1.0
A 1464 1.0 1.0
A 1465 1.0 1.0
A 1466 3.0 1.0
A 1467 1.0 1.0
A 1468 1.0 1.0
A 1469 1.0 1.0
A 1470 1.0 1.0
A 1490 1.0 1.0
A 1491 1.0 1.0
A 1492 1.0 1.0
A 1493 1.0 1.0
A 1494 1.0 1.0
A 1495 1.0 1.0
A 1496 1.0 1.0
A 1497 1.0 1.0
A 1498 1.0 1.0
A 1499 1.0 1.0
A 1500 1.0 1.0
A 1501 1.0 1.0
A 1502 0.0 1.0
A 1503 0.0 1.0
A 1504 0.0 1.0
A 1505 1.0 1.0
A 1506 1.0 1.0
A 1507 1.0 1.0
A 1508 1.0 1.0
A 1509 1.0 1.0
A 1510 1.0 1.0
A 1511 1.0 1.0
A 1512 1.0 1.0
A 1513 1.0 1.0
A 1514 1.0 1.0
A 1515 1.0 1.0
A 1516 1.0 1.0
A 1517 1.0 1.0
A 1518 1.0 1.0
A 1519 1.0 1.0
A 1520 0.0 1.0
A 1521 1.0 1.0
A 1522 1.0 1.0
A 1523 1.0 1.0
A 1524 0.0 1.0
A 1525 0.0 1.0
A 1526 1.0 1.0
A 1527 3.0 1.0
A 1528 0.0 1.0
A 1529 1.0 1.0
A 1530 3.0 1.0
A 1531 3.0 1.0
A 1532 1.0 1.0
A 1533 0.0 1.0
A 1534 3.0 3.0
A 1535 2.0 1.0
A 1536 0.0 1.0
A 1537 3.0 3.0
A 1538 3.0 3.0
A 1539 0.0 1.0
A 1540 1.0 1.0
A 1541 0.0 3.0
A 1542 1.0 3.0
A 1543 3.0 1.0
A 1544 3.0 3.0
A 1545 3.0 1.0
A 1546 3.0 1.0
A 1547 3.0 1.0
A 1548 3.0 3.0
A 1549 3.0 3.0
A 1550 3.0 3.0
A 1551 3.0 3.0
A 1552 3.0 1.0
A 1553 1.0 1.0
A 1554 3.0 3.0
A 1555 3.0 3.0
A 1556 3.0 3.0
A 1557 3.0 3.0
A 1558 3.0 3.0
A 1559 3.0 3.0
A 1560 3.0 3.0
A 1561 3.0 3.0
A 1562 3.0 3.0
A 1563 3.0 3.0
A 1564 3.0 3.0
A 1565 3.0 3.0
A 1566 3.0 3.0
A 1567 3.0 3.0
A 1568 3.0 3.0
A 1569 3.0 3.0
A 1570 3.0 3.0
A 1571 3.0 3.0
A 1572 3.0 3.0
A 1573 3.0 3.0
A 1574 3.0 3.0
A 1575 3.0 3.0
A 1576 3.0 3.0
A 1577 3.0 3.0
A 1578 3.0 3.0
A 1579 3.0 3.0
A 1580 3.0 3.0
A 1581 3.0 3.0
A 1582 3.0 3.0
A 1583 3.0 3.0
A 1584 3.0 3.0
A 1585 3.0 3.0
A 1586 3.0 3.0
A 1587 3.0 3.0
A 1588 3.0 3.0
A 1589 3.0 3.0
A 1590 3.0 3.0
A 1591 3.0 1.0
A 1592 3.0 3.0
A 1593 3.0 1.0
A 1594 3.0 1.0
A 1595 1.0 1.0
A 1596 3.0 1.0
A 1597 3.0 1.0
A 1598 1.0 1.0
A 1599 1.0 1.0
A 1600 3.0 1.0
A 1601 1.0 1.0
A 1602 1.0 1.0
A 1603 3.0 1.0
A 1604 1.0 1.0
A 1605 1.0 1.0
A 1606 1.0 1.0
A 1607 1.0 1.0
A 1608 1.0 1.0
A 1609 1.0 1.0
A 1610 1.0 1.0
A 1611 1.0 1.0
A 1612 1.0 1.0
A 1613 1.0 1.0
A 1614 1.0 1.0
A 1615 1.0 1.0
A 1616 1.0 1.0
A 1617 1.0 1.0
A 1618 1.0 1.0
A 1619 1.0 1.0
A 1620 1.0 1.0
A 1621 3.0 3.0
A 1622 1.0 1.0
A 1623 1.0 1.0
A 1624 1.0 1.0
A 1625 1.0 1.0
A 1626 1.0 1.0
A 1627 1.0 1.0
A 1628 1.0 1.0
A 1629 1.0 1.0
A 1630 1.0 1.0
A 1631 1.0 1.0
A 1632 1.0 1.0
A 1633 1.0 1.0
A 1634 1.0 1.0
A 1635 1.0 1.0
A 1636 1.0 1.0
A 1637 1.0 1.0
A 1638 1.0 1.0
A 1639 1.0 1.0
A 1640 1.0 1.0
A 1641 1.0 1.0
A 1642 1.0 1.0
A 1643 1.0 1.0
A 1644 1.0 1.0
A 1645 1.0 1.0
A 1646 1.0 1.0
A 1647 1.0 1.0
A 1648 1.0 1.0
A 1649 1.0 1.0
A 1650 1.0 1.0
A 1651 1.0 1.0
A 1652 1.0 1.0
A 1653 1.0 1.0
A 1654 1.0 1.0
A 1655 1.0 1.0
