0.0 0.13190084442348557 0.70281483 10.780928416700416 H3_CP.txt NeighborSum 20.1
0.0 0.07026372645942437 0.211964021 9.6386537094269 H3_CP.txt NeighborSum 20.1
0.0 0.12296333261402312 0.612367541 10.11587543612909 H3_CP.txt NeighborSum 20.1
0.0 0.17028893608366613 1.196666614 16.36779577614899 H3_CP.txt NeighborSum 20.1
0.0 0.10114257943218162 0.715100347 16.876561034097485 H3_CP.txt NeighborSum 20.1
0.0 0.04148511325414254 0.115711929 12.549902998130634 H3_CP.txt NeighborSum 20.1
0.0 0.10578344530112899 0.690582744 15.369546831941408 H3_CP.txt NeighborSum 20.1
0.0 0.13493822958487459 1.196403002 23.000832325764133 H3_CP.txt NeighborSum 20.1
0.0 0.0577079977663687 0.483154326 19.02436429088006 H3_CP.txt NeighborSum 20.1
0.0 0.030181535670399592 0.130677272 15.060834963000081 H3_CP.txt NeighborSum 20.1
0.0 0.11346462757940587 0.943695555 20.485745946608642 H3_CP.txt NeighborSum 20.1
0.0 0.08734589050503139 0.958617728 25.778267330104175 H3_CP.txt NeighborSum 20.1
0.0 0.03216888128091229 0.262675306 18.10803630150205 H3_CP.txt NeighborSum 20.1
0.0 0.07181467150361866 0.539623645 17.838026395129635 H3_CP.txt NeighborSum 20.1
0.0 0.11547632514192 1.223431364 27.35672048271673 H3_CP.txt NeighborSum 20.1
0.0 0.0753788378261044 0.815664173 24.321646895277272 H3_CP.txt NeighborSum 20.1
0.0 0.09738547236162591 0.760532859 18.759550828867074 H3_CP.txt NeighborSum 20.1
0.0 0.08950748988460228 0.854286305 22.66870448793261 H3_CP.txt NeighborSum 20.1
0.0 0.08408654555821768 1.153800785 31.44826759234326 H3_CP.txt NeighborSum 20.1
0.0 0.11509461973638796 1.042818155 22.74816324552395 H3_CP.txt NeighborSum 20.1
0.0 0.1008705673821086 0.812858912 19.460882382278644 H3_CP.txt NeighborSum 20.1
0.0 0.07993749773448325 1.048833101 29.50753617167783 H3_CP.txt NeighborSum 20.1
0.0 0.0831343812923894 1.118867783 30.7218879180256 H3_CP.txt NeighborSum 20.1
0.0 0.12368923511748058 1.004286968 20.135386764967738 H3_CP.txt NeighborSum 20.1
0.0 0.08610075969869667 0.864627887 23.576567946537697 H3_CP.txt NeighborSum 20.1
0.0 0.1489202860093125 1.682866623 32.98039648948354 H3_CP.txt NeighborSum 20.1
0.0 0.09550974491814634 0.973980498 24.642960759486755 H3_CP.txt NeighborSum 20.1
0.0 0.1280993220972995 1.019964963 19.713312887247564 H3_CP.txt NeighborSum 20.1
0.0 0.08436869168967381 1.080741775 29.502085390910207 H3_CP.txt NeighborSum 20.1
0.0 0.06868060417465938 1.026439054 31.041601068618107 H3_CP.txt NeighborSum 20.1
0.0 0.08671465360067947 0.783120339 21.349146076249102 H3_CP.txt NeighborSum 20.1
0.0 0.07913429239667852 0.87491363 25.15160426176469 H3_CP.txt NeighborSum 20.1
0.0 0.08421923236932807 1.273974642 34.5374252168516 H3_CP.txt NeighborSum 20.1
0.0 0.029786948066306357 0.698662507 29.85322118479172 H3_CP.txt NeighborSum 20.1
0.0 0.06855338803508337 0.806137062 25.35678318383842 H3_CP.txt NeighborSum 20.1
0.0 0.05236842935218422 0.999791515 33.41497022529573 H3_CP.txt NeighborSum 20.1
0.0 -0.013005202632954724 0.723010869 38.521745603843996 H3_CP.txt NeighborSum 20.1
0.0 0.06723490442658672 0.9134052 28.384084375814528 H3_CP.txt NeighborSum 20.1
0.0 0.10229351583674287 1.177075753 28.63160813923571 H3_CP.txt NeighborSum 20.1
0.0 -0.002639565265965843 0.866090372 40.28242106215415 H3_CP.txt NeighborSum 20.1
0.0 0.04371566080377828 1.040738514 36.101270758072154 H3_CP.txt NeighborSum 20.1
0.0 0.07295623011286434 0.883922457 26.54546682155646 H3_CP.txt NeighborSum 20.1
0.0 0.07102110542161855 1.192942461 34.91661172643556 H3_CP.txt NeighborSum 20.1
0.0 -0.04302307092364449 0.598159525 40.924666279984606 H3_CP.txt NeighborSum 20.1
0.0 0.06669413120048223 1.063868523 32.384631607630055 H3_CP.txt NeighborSum 20.1
0.0 0.0740338050766399 1.020103694 29.87194880398185 H3_CP.txt NeighborSum 20.1
0.0 -0.05156093104390477 0.436271469 38.333293944484375 H3_CP.txt NeighborSum 20.1
0.0 -0.03171220561265223 0.535295504 37.17116112165821 H3_CP.txt NeighborSum 20.1
0.0 0.07559891015378228 1.043296385 30.178972643413246 H3_CP.txt NeighborSum 20.1
0.0 0.01738968033503234 0.716735645 32.65011192377948 H3_CP.txt NeighborSum 20.1
0.0 -0.06943400421336232 0.332333688 38.99701260645304 H3_CP.txt NeighborSum 20.1
0.0 0.04399288090663292 0.984743405 34.59819277621266 H3_CP.txt NeighborSum 20.1
0.0 0.03628704082866796 0.827641358 31.97456386731371 H3_CP.txt NeighborSum 20.1
0.0 -0.01238701962929191 0.752629948 39.17315611080036 H3_CP.txt NeighborSum 20.1
0.0 -0.023156929239853116 0.760721617 41.405731698055625 H3_CP.txt NeighborSum 20.1
0.0 0.04578625922236254 0.993678795 34.492889213148466 H3_CP.txt NeighborSum 20.1
0.0 0.017393314759315964 0.800457834 34.81893268593085 H3_CP.txt NeighborSum 20.1
0.0 -0.05307122172491191 0.704684042 45.57237757764404 H3_CP.txt NeighborSum 20.1
0.0 0.0341542648173207 1.140684827 40.487093853368414 H3_CP.txt NeighborSum 20.1
0.0 0.018266500283412784 0.70700435 32.23325196533392 H3_CP.txt NeighborSum 20.1
0.0 0.053194500758693114 1.090830856 35.618924205902715 H3_CP.txt NeighborSum 20.1
0.0 0.009749362421445973 1.013050303 41.76361909362383 H3_CP.txt NeighborSum 20.1
0.0 0.07241169703204509 0.997334168 29.586597269045413 H3_CP.txt NeighborSum 20.1
0.0 0.058492613414022857 0.700903709 24.51955778892916 H3_CP.txt NeighborSum 20.1
0.0 0.08680047842697167 1.057297943 28.43782380534395 H3_CP.txt NeighborSum 20.1
0.0 0.09732721251078266 0.801095412 19.821596124063095 H3_CP.txt NeighborSum 20.1
0.0 0.10852914585044912 1.414119983 33.602935939021165 H3_CP.txt NeighborSum 20.1
0.0 0.08307030681507707 1.320760203 35.96558610830439 H3_CP.txt NeighborSum 20.1
0.0 0.1196848326543022 1.078336037 22.80637003536769 H3_CP.txt NeighborSum 20.1
0.0 0.15249430198882502 1.527139493 28.27371836553979 H3_CP.txt NeighborSum 20.1
0.0 0.14049122630558455 0.995512046 16.75210957019422 H3_CP.txt NeighborSum 20.1
0.0 0.09184626165721305 0.809259689 21.06263641283911 H3_CP.txt NeighborSum 20.1
0.0 0.1020690072576837 0.661070452 15.302468220324887 H3_CP.txt NeighborSum 20.1
0.0 0.14441614132282485 1.286137987 23.545924816941792 H3_CP.txt NeighborSum 20.1
0.0 0.08747007785678204 1.206935439 32.18962888940429 H3_CP.txt NeighborSum 20.1
0.0 0.059654185724140246 0.629992918 22.463861416490197 H3_CP.txt NeighborSum 20.1
0.0 0.0432927214599203 0.537023876 23.127891243706397 H3_CP.txt NeighborSum 20.1
0.0 0.06509876687074409 1.163806547 35.27399272144715 H3_CP.txt NeighborSum 20.1
0.0 0.08457200967007134 1.138946126 30.972153021403162 H3_CP.txt NeighborSum 20.1
0.0 0.03171329872549179 0.433889401 22.63029961809077 H3_CP.txt NeighborSum 20.1
0.0 0.041417576929809546 0.753158473 29.080819160704714 H3_CP.txt NeighborSum 20.1
0.0 0.08975576843588276 1.307695958 34.37133098283566 H3_CP.txt NeighborSum 20.1
0.0 0.06871365574883619 0.821615474 25.7277743507789 H3_CP.txt NeighborSum 20.1
0.0 0.0978480019827016 0.867244679 21.43791117228228 H3_CP.txt NeighborSum 20.1
0.0 0.0924152905480676 1.13120506 29.298366721275467 H3_CP.txt NeighborSum 20.1
0.0 0.08417770580601266 0.951889434 26.198991363089476 H3_CP.txt NeighborSum 20.1
0.0 0.10784113280775666 0.825507389 18.479373594642194 H3_CP.txt NeighborSum 20.1
0.0 0.09018852607421839 0.793110125 20.955520634213833 H3_CP.txt NeighborSum 20.1
0.0 0.09624991378757763 1.031493409 25.99427516248602 H3_CP.txt NeighborSum 20.1
0.0 0.09985589440379589 0.864759332 20.996368795869405 H3_CP.txt NeighborSum 20.1
0.0 0.10540061188048015 0.61270284 13.423342272247346 H3_CP.txt NeighborSum 20.1
0.0 0.1502422174030435 0.884873647 12.053609780277302 H3_CP.txt NeighborSum 20.1
0.0 0.12720441497577462 0.640065215 10.037012854313229 H3_CP.txt NeighborSum 20.1
0.0 0.17611527193975954 0.851685847 6.333915115686622 H3_CP.txt NeighborSum 20.1
0.0 0.0961618220621033 0.348089293 8.301686139636594 H3_CP.txt NeighborSum 20.1
0.0 0.12203879371561671 0.862810622 16.779292571273558 H3_CP.txt NeighborSum 20.1
0.0 0.10896578857830501 0.592361004 12.22658023931013 H3_CP.txt NeighborSum 20.1
0.0 0.10633201479654561 0.872087436 19.96986335871391 H3_CP.txt NeighborSum 20.1
0.0 0.047412613210260544 0.212941744 13.956078200211255 H3_CP.txt NeighborSum 20.1
0.0 0.11989132967469891 1.046359446 21.93897067828781 H3_CP.txt NeighborSum 20.1
0.0 0.08319194334266206 0.561512033 16.268247831440227 H3_CP.txt NeighborSum 20.1
0.0 0.11047576432881896 0.924414753 20.547513626081653 H3_CP.txt NeighborSum 20.1
0.0 0.09351242806810173 0.847142193 21.73133699721971 H3_CP.txt NeighborSum 20.1
0.0 0.1235345795704278 1.19843548 25.195429811818734 H3_CP.txt NeighborSum 20.1
0.0 0.07552751836433252 0.445627454 14.704913321852676 H3_CP.txt NeighborSum 20.1
0.0 0.050446782019740025 0.155453728 11.896480998970768 H3_CP.txt NeighborSum 20.1
0.0 0.06430225206626158 0.29890498 13.011299855748877 H3_CP.txt NeighborSum 20.1
0.0 0.09960147958848188 0.885523229 21.582212554284702 H3_CP.txt NeighborSum 20.1
0.0 0.06940055971704884 0.693656821 22.282945901250343 H3_CP.txt NeighborSum 20.1
0.0 0.07619853675452419 0.530187444 16.770090444797848 H3_CP.txt NeighborSum 20.1
0.0 0.09021165868794832 0.883519866 23.293974441989505 H3_CP.txt NeighborSum 20.1
0.0 0.12198752227237666 1.387089416 30.374623862307157 H3_CP.txt NeighborSum 20.1
0.0 0.0972206838354711 0.778761919 19.2628746786181 H3_CP.txt NeighborSum 20.1
0.0 0.14189685849602857 0.859310583 12.958686577710834 H3_CP.txt NeighborSum 20.1
0.0 0.07403149734308705 0.297774008 11.154564012234612 H3_CP.txt NeighborSum 20.1
0.0 0.12409382548801035 0.63965973 10.610762598932522 H3_CP.txt NeighborSum 20.1
0.0 0.16850607540556825 1.182778761 16.342790043306604 H3_CP.txt NeighborSum 20.1
0.0 0.10602928261350189 0.804572899 18.277212543235606 H3_CP.txt NeighborSum 20.1
0.0 0.04488926197689069 0.209785592 14.348249534562393 H3_CP.txt NeighborSum 20.1
0.0 0.10492188059233609 0.710732654 16.053520278335107 H3_CP.txt NeighborSum 20.1
0.0 0.13662806785401138 1.229652285 23.545025435007624 H3_CP.txt NeighborSum 20.1
0.0 0.060897617441303786 0.546764592 20.073603716699747 H3_CP.txt NeighborSum 20.1
0.0 0.025447859856282826 0.148827361 16.420279335386464 H3_CP.txt NeighborSum 20.1
0.0 0.11387539738587825 0.988284263 21.564024390645315 H3_CP.txt NeighborSum 20.1
0.0 0.08722498322902142 0.97372298 26.192401411696455 H3_CP.txt NeighborSum 20.1
0.0 0.02972535134942561 0.267811892 18.700105669027735 H3_CP.txt NeighborSum 20.1
0.0 0.06504914947842029 0.525778473 18.7500120984542 H3_CP.txt NeighborSum 20.1
0.0 0.11553081078856486 1.253416225 28.12348793106952 H3_CP.txt NeighborSum 20.1
0.0 0.07383240129490831 0.812587298 24.532380193455968 H3_CP.txt NeighborSum 20.1
0.0 0.09773775126614505 0.750926705 18.444457383234433 H3_CP.txt NeighborSum 20.1
0.0 0.09160945017502868 0.896655797 23.37182246735184 H3_CP.txt NeighborSum 20.1
0.0 0.08428549700839585 1.164038449 31.676188704610244 H3_CP.txt NeighborSum 20.1
0.0 0.1113763082583473 1.014292453 22.70737780339253 H3_CP.txt NeighborSum 20.1
0.0 0.10247200758015201 0.823902963 19.446272246337756 H3_CP.txt NeighborSum 20.1
0.0 0.07793875252500498 1.050005639 29.913341460183943 H3_CP.txt NeighborSum 20.1
0.0 0.08265258986201793 1.118057678 30.791389693267593 H3_CP.txt NeighborSum 20.1
0.0 0.12697862404666788 1.024392338 20.03853895259974 H3_CP.txt NeighborSum 20.1
0.0 0.07698160954503835 0.811640813 23.91634298211726 H3_CP.txt NeighborSum 20.1
0.0 0.14536537983982142 1.672334066 33.37517747121142 H3_CP.txt NeighborSum 20.1
0.0 0.0975373132856546 0.990691291 24.69515462461352 H3_CP.txt NeighborSum 20.1
0.0 0.12697345042787062 1.020979387 19.951070485038745 H3_CP.txt NeighborSum 20.1
0.0 0.08292748967115757 1.055795637 29.12635174660822 H3_CP.txt NeighborSum 20.1
0.0 0.0736987253192656 1.066198821 31.129355018991074 H3_CP.txt NeighborSum 20.1
0.0 0.08680391759743873 0.778543834 21.213788221680726 H3_CP.txt NeighborSum 20.1
0.0 0.07965995074689113 0.847986298 24.355099405735633 H3_CP.txt NeighborSum 20.1
0.0 0.0855518291461222 1.275809547 34.33467378135797 H3_CP.txt NeighborSum 20.1
0.0 0.0346352582882329 0.741038623 30.040668227843202 H3_CP.txt NeighborSum 20.1
0.0 0.0667964222193562 0.764726784 24.613721665952582 H3_CP.txt NeighborSum 20.1
0.0 0.05056756325480591 0.943782976 32.30186789028533 H3_CP.txt NeighborSum 20.1
0.0 -0.013072232177224752 0.714746749 38.320186496735026 H3_CP.txt NeighborSum 20.1
0.0 0.07057096591934614 0.930253372 28.194065955757143 H3_CP.txt NeighborSum 20.1
0.0 0.10922562922497295 1.256053567 29.376122028395603 H3_CP.txt NeighborSum 20.1
0.0 -0.007277230026792786 0.835810015 40.36884770862794 H3_CP.txt NeighborSum 20.1
0.0 0.05011169303012178 1.083273344 36.00212438859705 H3_CP.txt NeighborSum 20.1
0.0 0.06936471023153817 0.886397964 27.284204466071674 H3_CP.txt NeighborSum 20.1
0.0 0.07296086663569187 1.218344686 35.21052042045245 H3_CP.txt NeighborSum 20.1
0.0 -0.04270281285742142 0.617600794 41.368296713087446 H3_CP.txt NeighborSum 20.1
0.0 0.05834971168679268 1.0464075 33.49948114808025 H3_CP.txt NeighborSum 20.1
0.0 0.07066571930559917 1.026717248 30.67594889356803 H3_CP.txt NeighborSum 20.1
0.0 -0.041726637514828246 0.518199171 38.609136717402215 H3_CP.txt NeighborSum 20.1
0.0 -0.03518465992006359 0.539287956 37.92684364972735 H3_CP.txt NeighborSum 20.1
0.0 0.0666971709438976 1.023206693 31.33038564114971 H3_CP.txt NeighborSum 20.1
0.0 0.01582415266605064 0.728241107 33.242304977671296 H3_CP.txt NeighborSum 20.1
0.0 -0.07196427742998909 0.328855717 39.38214475058212 H3_CP.txt NeighborSum 20.1
0.0 0.03749591638204927 0.974385705 35.550107039005816 H3_CP.txt NeighborSum 20.1
0.0 0.038438215481899324 0.843482432 31.981003822625325 H3_CP.txt NeighborSum 20.1
0.0 -0.01089336357200274 0.746764275 38.740607136609036 H3_CP.txt NeighborSum 20.1
0.0 -0.02712211890377024 0.741876229 41.66216416770157 H3_CP.txt NeighborSum 20.1
0.0 0.03386600712247617 0.873741936 33.62391278168677 H3_CP.txt NeighborSum 20.1
0.0 0.0071696031730037885 0.715975754 34.55004178157609 H3_CP.txt NeighborSum 20.1
0.0 -0.055873470606591424 0.676692141 45.37336199106981 H3_CP.txt NeighborSum 20.1
0.0 0.03816532368354958 1.149109632 39.95201599103511 H3_CP.txt NeighborSum 20.1
0.0 0.016131275182646135 0.663963377 31.51898189290489 H3_CP.txt NeighborSum 20.1
0.0 0.054071182372523285 1.038341646 34.09409910521038 H3_CP.txt NeighborSum 20.1
0.0 0.012225784564428827 1.00931652 41.20172264095391 H3_CP.txt NeighborSum 20.1
0.0 0.07575425755727119 1.009611947 29.2769249884011 H3_CP.txt NeighborSum 20.1
0.0 0.057598038951142 0.652709931 23.438732988419787 H3_CP.txt NeighborSum 20.1
0.0 0.09182999412896975 1.057207112 27.490784072555925 H3_CP.txt NeighborSum 20.1
0.0 0.09745031737160374 0.796349185 19.675483966142778 H3_CP.txt NeighborSum 20.1
0.0 0.10516283636515208 1.425720087 34.53581947687236 H3_CP.txt NeighborSum 20.1
0.0 0.08086916274404768 1.324051971 36.46432352478946 H3_CP.txt NeighborSum 20.1
0.0 0.09504846524802071 0.931263958 23.62268322394608 H3_CP.txt NeighborSum 20.1
0.0 0.15754430992809126 1.533873041 27.49967058286637 H3_CP.txt NeighborSum 20.1
0.0 0.1430195818046609 1.003082454 16.473385452700406 H3_CP.txt NeighborSum 20.1
0.0 0.06440662620173848 0.678620048 22.831298819539327 H3_CP.txt NeighborSum 20.1
0.0 0.11184435037832531 0.75855219 15.992437209065745 H3_CP.txt NeighborSum 20.1
0.0 0.1385790078759175 1.338682007 26.003884076012767 H3_CP.txt NeighborSum 20.1
0.0 0.08584316566791836 1.177513617 31.732797942542888 H3_CP.txt NeighborSum 20.1
0.0 0.058357624607984826 0.609733531 22.182408455916033 H3_CP.txt NeighborSum 20.1
0.0 0.0437466224299987 0.57155383 23.937414696063268 H3_CP.txt NeighborSum 20.1
0.0 0.06632228370830498 1.200862802 36.004424786206954 H3_CP.txt NeighborSum 20.1
0.0 0.08054189214304938 1.102180344 30.7764074092513 H3_CP.txt NeighborSum 20.1
0.0 0.02650275334426691 0.423707349 23.34513938629165 H3_CP.txt NeighborSum 20.1
0.0 0.043386423672395466 0.798066441 29.87471948999352 H3_CP.txt NeighborSum 20.1
0.0 0.08075749199315102 1.225768266 33.938460695606345 H3_CP.txt NeighborSum 20.1
0.0 0.05783188205789282 0.760830503 26.196552324209307 H3_CP.txt NeighborSum 20.1
0.0 0.0940395303063437 0.869511023 22.211978464359206 H3_CP.txt NeighborSum 20.1
0.0 0.09220022275745118 1.161003485 30.110932828409574 H3_CP.txt NeighborSum 20.1
0.0 0.08802095261594711 1.014349233 27.09564883967071 H3_CP.txt NeighborSum 20.1
0.0 0.12579198648408846 0.973275298 18.936821055623017 H3_CP.txt NeighborSum 20.1
0.0 0.08899969550828984 0.825378865 22.01500064803674 H3_CP.txt NeighborSum 20.1
0.0 0.08738722139250019 1.012759628 27.17348994744571 H3_CP.txt NeighborSum 20.1
0.0 0.09604221864459858 0.84322232 21.154594262560988 H3_CP.txt NeighborSum 20.1
0.0 0.13276730250336952 0.779412834 12.60307648505532 H3_CP.txt NeighborSum 20.1
0.0 0.14483088632646812 0.930594875 14.2547913996797 H3_CP.txt NeighborSum 20.1
0.0 0.08587717614824274 0.379967836 11.059507610517356 H3_CP.txt NeighborSum 20.1
0.0 0.15523390930547087 0.814016394 9.279895410195696 H3_CP.txt NeighborSum 20.1
0.0 0.08600179447837915 0.316414832 9.389243914063124 H3_CP.txt NeighborSum 20.1
0.0 0.11845788577357777 0.933438646 19.282081571288703 H3_CP.txt NeighborSum 20.1
0.0 0.06486715740582756 0.309571582 13.18159954828292 H3_CP.txt NeighborSum 20.1
0.0 0.10649760969093151 0.879706311 20.136188777978518 H3_CP.txt NeighborSum 20.1
0.0 0.09858790252747555 0.53804943 12.768459725341643 H3_CP.txt NeighborSum 20.1
0.0 0.11622838810254574 1.011120086 21.713813346029365 H3_CP.txt NeighborSum 20.1
0.0 0.07273984380111599 0.543627628 17.768008444059674 H3_CP.txt NeighborSum 20.1
0.0 0.10614623859681975 0.923468502 21.33620131079864 H3_CP.txt NeighborSum 20.1
0.0 0.09278407344459733 0.882711911 22.78986518963925 H3_CP.txt NeighborSum 20.1
0.0 0.11934874327987419 1.186875898 25.682103979601592 H3_CP.txt NeighborSum 20.1
0.0 0.07393277044812352 0.442003714 14.910549891238 H3_CP.txt NeighborSum 20.1
0.0 0.04341511881040476 0.120918225 12.322304482737211 H3_CP.txt NeighborSum 20.1
0.0 0.05864595250167705 0.221265229 12.061825255779835 H3_CP.txt NeighborSum 20.1
0.0 0.11009745821580279 0.975002954 21.92946856019725 H3_CP.txt NeighborSum 20.1
0.0 0.06342799848278476 0.657951648 22.479530125074792 H3_CP.txt NeighborSum 20.1
0.0 0.03474464919904651 0.203960544 16.102750997750864 H3_CP.txt NeighborSum 20.1
0.0 0.08876191020585565 0.731130699 19.617399136439552 H3_CP.txt NeighborSum 20.1
0.0 0.12606216164945114 1.374086679 29.272349233852026 H3_CP.txt NeighborSum 20.1
0.0 0.062274666523171845 0.575827981 20.568077939125004 H3_CP.txt NeighborSum 20.1
0.0 0.13709896418843973 0.784631442 11.92469772155361 H3_CP.txt NeighborSum 20.1
0.0 0.08856582167212251 0.404721355 11.195944544769093 H3_CP.txt NeighborSum 20.1
0.0 0.1209457549461346 0.605313959 10.31205353343823 H3_CP.txt NeighborSum 20.1
0.0 0.1620499683487202 1.121181829 15.95926157328025 H3_CP.txt NeighborSum 20.1
0.0 0.11537673983102087 0.866287947 18.12072401802655 H3_CP.txt NeighborSum 20.1
0.0 0.048696121944197056 0.225781842 14.047725818197511 H3_CP.txt NeighborSum 20.1
0.0 0.10047074958045865 0.65672676 15.4901078176184 H3_CP.txt NeighborSum 20.1
0.0 0.13325936580004272 1.183858458 22.991102351958652 H3_CP.txt NeighborSum 20.1
0.0 0.0691303774401869 0.617009927 20.34753339474766 H3_CP.txt NeighborSum 20.1
0.0 0.029891655383745747 0.207435725 17.104333981400455 H3_CP.txt NeighborSum 20.1
0.0 0.10836745070173202 0.94038325 21.357308488594796 H3_CP.txt NeighborSum 20.1
0.0 0.09196461644903542 1.022230688 26.55914978476288 H3_CP.txt NeighborSum 20.1
0.0 0.03641287795516429 0.334850427 19.181175899177124 H3_CP.txt NeighborSum 20.1
0.0 0.06036852568304481 0.494418865 18.816540908485837 H3_CP.txt NeighborSum 20.1
0.0 0.1136885366609538 1.23377934 27.960666357597397 H3_CP.txt NeighborSum 20.1
0.0 0.07830391284386565 0.862137593 24.976506123505015 H3_CP.txt NeighborSum 20.1
0.0 0.09679406999740699 0.770149767 19.119837127284825 H3_CP.txt NeighborSum 20.1
0.0 0.08730332797405826 0.858298918 23.186688085861903 H3_CP.txt NeighborSum 20.1
0.0 0.08514254848726552 1.183739322 32.02572122639809 H3_CP.txt NeighborSum 20.1
0.0 0.10972353621588093 1.040113198 23.68691152474407 H3_CP.txt NeighborSum 20.1
0.0 0.10149748906180046 0.8189937 19.50210018809758 H3_CP.txt NeighborSum 20.1
0.0 0.0787243044748121 1.058076775 29.974940816614684 H3_CP.txt NeighborSum 20.1
0.0 0.08285748398685544 1.126303504 30.96657985852804 H3_CP.txt NeighborSum 20.1
0.0 0.1258560352416309 1.033761289 20.492171823786883 H3_CP.txt NeighborSum 20.1
0.0 0.08431049944458989 0.857445172 23.726703132455317 H3_CP.txt NeighborSum 20.1
0.0 0.1461466587654725 1.674021396 33.27215507074952 H3_CP.txt NeighborSum 20.1
0.0 0.09569805083941738 0.973501852 24.595188341849692 H3_CP.txt NeighborSum 20.1
0.0 0.12702190357058302 1.022611663 19.98426697683053 H3_CP.txt NeighborSum 20.1
0.0 0.08261701751481285 1.066444429 29.46061070363391 H3_CP.txt NeighborSum 20.1
0.0 0.07176166194156916 1.044997612 30.943801040399915 H3_CP.txt NeighborSum 20.1
0.0 0.08675508237216746 0.79112984 21.549103591087075 H3_CP.txt NeighborSum 20.1
0.0 0.08134559965410071 0.860397633 24.36010307943687 H3_CP.txt NeighborSum 20.1
0.0 0.08348234055827247 1.256955553 34.23481669336778 H3_CP.txt NeighborSum 20.1
0.0 0.03115412969183727 0.706950877 29.811203166149497 H3_CP.txt NeighborSum 20.1
0.0 0.06779525901602043 0.797042168 25.26350425415919 H3_CP.txt NeighborSum 20.1
0.0 0.049453560855462486 0.973929637 33.2923033524809 H3_CP.txt NeighborSum 20.1
0.0 -0.01697073015539015 0.694254731 38.521423045723466 H3_CP.txt NeighborSum 20.1
0.0 0.06580224222470837 0.891798479 28.09328143581938 H3_CP.txt NeighborSum 20.1
0.0 0.11033884197867203 1.261879668 29.318001502896465 H3_CP.txt NeighborSum 20.1
0.0 -0.008722032830103768 0.820562394 40.24510926135944 H3_CP.txt NeighborSum 20.1
0.0 0.04756160200241641 1.040108166 35.362559390743485 H3_CP.txt NeighborSum 20.1
0.0 0.07253112061633746 0.869979244 26.26400227086266 H3_CP.txt NeighborSum 20.1
0.0 0.07275130271660726 1.179757521 34.24996851530908 H3_CP.txt NeighborSum 20.1
0.0 -0.04166523421159424 0.601591722 40.75856489179469 H3_CP.txt NeighborSum 20.1
0.0 0.07008099029555953 1.083122381 32.247410791933845 H3_CP.txt NeighborSum 20.1
0.0 0.0755621226710195 1.006637211 29.23592868077727 H3_CP.txt NeighborSum 20.1
0.0 -0.04954288003169055 0.432581259 37.85862173235711 H3_CP.txt NeighborSum 20.1
0.0 -0.02138271320681863 0.611989681 37.21837449013582 H3_CP.txt NeighborSum 20.1
0.0 0.07866062832680953 1.058319156 29.99318185601786 H3_CP.txt NeighborSum 20.1
0.0 0.01371806423813808 0.667925035 32.074910438641744 H3_CP.txt NeighborSum 20.1
0.0 -0.06721311795530185 0.345201153 38.91330324395581 H3_CP.txt NeighborSum 20.1
0.0 0.05710009168874983 1.059536526 34.074409375568166 H3_CP.txt NeighborSum 20.1
0.0 0.04037102014833786 0.794924622 30.359683644414353 H3_CP.txt NeighborSum 20.1
0.0 -0.013125807825406663 0.70427318 38.05884664103674 H3_CP.txt NeighborSum 20.1
0.0 -0.0223649004694928 0.750990428 41.00480067990791 H3_CP.txt NeighborSum 20.1
0.0 0.040887470492340816 0.921750244 33.54912757549359 H3_CP.txt NeighborSum 20.1
0.0 0.01742069023882563 0.731156107 33.01796659286993 H3_CP.txt NeighborSum 20.1
0.0 -0.0512306158039777 0.687332561 44.777028397230005 H3_CP.txt NeighborSum 20.1
0.0 0.037997271642188635 1.128182407 39.44129117873916 H3_CP.txt NeighborSum 20.1
0.0 0.01579858330980459 0.651141511 31.249216288543543 H3_CP.txt NeighborSum 20.1
0.0 0.05596153527485753 1.092719543 35.14813824721859 H3_CP.txt NeighborSum 20.1
0.0 0.00985685422902255 1.012464666 41.72825339278121 H3_CP.txt NeighborSum 20.1
0.0 0.0746664438564546 1.015872496 29.64347770206373 H3_CP.txt NeighborSum 20.1
0.0 0.059697901345911616 0.711453749 24.566554941621796 H3_CP.txt NeighborSum 20.1
0.0 0.09258732438768513 1.115958164 28.87095917927046 H3_CP.txt NeighborSum 20.1
0.0 0.09607745745716258 0.823143494 20.62767031708431 H3_CP.txt NeighborSum 20.1
0.0 0.10871978273966998 1.451526067 34.53643738075834 H3_CP.txt NeighborSum 20.1
0.0 0.08297633729788367 1.312299207 35.763985421834434 H3_CP.txt NeighborSum 20.1
0.0 0.0967034255931736 0.912711905 22.831092989504516 H3_CP.txt NeighborSum 20.1
0.0 0.15488351756909596 1.516847775 27.558265205732233 H3_CP.txt NeighborSum 20.1
0.0 0.14355484688459152 0.97506998 15.646956761255552 H3_CP.txt NeighborSum 20.1
0.0 0.06118713768820494 0.620981734 21.942421539451903 H3_CP.txt NeighborSum 20.1
0.0 0.1066249883976524 0.657617848 14.357257700572683 H3_CP.txt NeighborSum 20.1
0.0 0.14473540784535485 1.255474233 22.691363848888713 H3_CP.txt NeighborSum 20.1
0.0 0.08897365333007753 1.196279444 31.631084562065112 H3_CP.txt NeighborSum 20.1
0.0 0.05841398299786868 0.607995014 22.126772342791977 H3_CP.txt NeighborSum 20.1
0.0 0.043752480277645917 0.550428197 23.38888329207113 H3_CP.txt NeighborSum 20.1
0.0 0.06607925951216387 1.184196075 35.61818468592654 H3_CP.txt NeighborSum 20.1
0.0 0.08194320063594251 1.096636703 30.36954878766333 H3_CP.txt NeighborSum 20.1
0.0 0.029963789326769595 0.408940997 22.312416144601556 H3_CP.txt NeighborSum 20.1
0.0 0.04113674292722022 0.729475299 28.51986276029626 H3_CP.txt NeighborSum 20.1
0.0 0.08862906994549738 1.268900122 33.57763570329418 H3_CP.txt NeighborSum 20.1
0.0 0.05617055429194108 0.702256702 24.99076677341898 H3_CP.txt NeighborSum 20.1
0.0 0.10015987428066983 0.87665334 21.247483630439387 H3_CP.txt NeighborSum 20.1
0.0 0.09070440586179468 1.150906151 30.130236300108166 H3_CP.txt NeighborSum 20.1
0.0 0.08597735297561265 0.975306772 26.46778283588256 H3_CP.txt NeighborSum 20.1
0.0 0.11938660618271284 0.923744322 18.856431265073812 H3_CP.txt NeighborSum 20.1
0.0 0.08666591801000002 0.83649241 22.741337064584936 H3_CP.txt NeighborSum 20.1
0.0 0.0966571384442716 1.09437991 27.547372453391887 H3_CP.txt NeighborSum 20.1
0.0 0.07405914632496219 0.708683209 21.797311556957947 H3_CP.txt NeighborSum 20.1
0.0 0.10488703786098177 0.593224647 13.015065254203735 H3_CP.txt NeighborSum 20.1
0.0 0.1390144254894804 0.857243788 13.44653231863438 H3_CP.txt NeighborSum 20.1
0.0 0.08514806595397738 0.31878471 9.611009339967065 H3_CP.txt NeighborSum 20.1
0.0 0.15423769141775098 0.760981142 8.09270442124989 H3_CP.txt NeighborSum 20.1
0.0 0.08733979287201159 0.207246088 6.309026653001188 H3_CP.txt NeighborSum 20.1
0.0 0.11997525395363162 0.779605479 15.010778863198587 H3_CP.txt NeighborSum 20.1
0.0 0.06368963932260904 0.252588801 11.926169083803854 H3_CP.txt NeighborSum 20.1
0.0 0.08482241210003678 0.707217285 19.73767761830812 H3_CP.txt NeighborSum 20.1
0.0 0.051494902133048824 0.204689558 12.97546838364893 H3_CP.txt NeighborSum 20.1
0.0 0.1269840755767835 1.04134297 20.476758818085404 H3_CP.txt NeighborSum 20.1
0.0 0.08299828079622357 0.595059183 17.173934598566895 H3_CP.txt NeighborSum 20.1
0.0 0.11518628878996656 0.931770858 19.853362887089308 H3_CP.txt NeighborSum 20.1
0.0 0.09804429287308776 0.872256556 21.530915550197005 H3_CP.txt NeighborSum 20.1
0.0 0.12802323014604267 1.212739305 24.72299042085058 H3_CP.txt NeighborSum 20.1
0.0 0.07410806072555773 0.426957457 14.487729880798488 H3_CP.txt NeighborSum 20.1
0.0 0.043364056064228086 0.092517369 11.595940633322597 H3_CP.txt NeighborSum 20.1
0.0 0.06246557364455385 0.261605919 12.389745104399918 H3_CP.txt NeighborSum 20.1
0.0 0.11462258331390539 1.005179347 21.861486029480744 H3_CP.txt NeighborSum 20.1
0.0 0.06775718555864824 0.655162333 21.59410586708206 H3_CP.txt NeighborSum 20.1
0.0 0.036493423937938266 0.205533792 15.815049160582515 H3_CP.txt NeighborSum 20.1
0.0 0.08855412720053303 0.757078726 20.328821115513406 H3_CP.txt NeighborSum 20.1
0.0 0.12649951211618432 1.355263093 28.70242447824256 H3_CP.txt NeighborSum 20.1
0.0 0.05664704231138383 0.484034328 19.246445484423525 H3_CP.txt NeighborSum 20.1
1.0 0.12568086175112836 0.70281483 11.949217971837124 H3_CP.txt NeighborSum 20.1
1.0 0.06992703255986579 0.211964021 9.701894394626986 H3_CP.txt NeighborSum 20.1
0.0 0.09275889839703275 0.612367541 15.78912677352397 H3_CP.txt NeighborSum 20.1
0.0 0.16025553861302538 1.196666614 18.252353030557277 H3_CP.txt NeighborSum 20.1
1.0 0.12352694140790874 0.715100347 12.672141557036387 H3_CP.txt NeighborSum 20.1
1.0 0.04128057102583305 0.115711929 12.588321842925872 H3_CP.txt NeighborSum 20.1
0.0 0.07609744786191598 0.690582744 20.94542100538247 H3_CP.txt NeighborSum 20.1
1.0 0.15256700163624548 1.196403002 19.689647818927345 H3_CP.txt NeighborSum 20.1
1.0 0.08838871017705839 0.483154326 13.26165437002141 H3_CP.txt NeighborSum 20.1
1.0 0.03478492841917148 0.130677272 14.196186948708414 H3_CP.txt NeighborSum 20.1
0.0 0.09588815736480966 0.943695555 23.78710668176679 H3_CP.txt NeighborSum 20.1
1.0 0.13691596196052788 0.958617728 16.467598831587374 H3_CP.txt NeighborSum 20.1
1.0 0.06289558747104833 0.262675306 12.336687441443898 H3_CP.txt NeighborSum 20.1
0.0 0.06427800723940032 0.539623645 19.253626181217378 H3_CP.txt NeighborSum 20.1
0.0 0.15589799368282015 1.223431364 19.76438210412205 H3_CP.txt NeighborSum 20.1
1.0 0.14035006500547836 0.815664173 12.118203558463204 H3_CP.txt NeighborSum 20.1
0.0 0.1422705010991117 0.760532859 10.328866529847549 H3_CP.txt NeighborSum 20.1
1.0 0.15790918429792314 0.854286305 9.82092189009935 H3_CP.txt NeighborSum 20.1
1.0 0.1863049378321096 1.153800785 12.248747862620768 H3_CP.txt NeighborSum 20.1
1.0 0.1608097987931454 1.042818155 14.161553118686816 H3_CP.txt NeighborSum 20.1
0.0 0.15222735965458495 0.812858912 9.81461692499543 H3_CP.txt NeighborSum 20.1
0.0 0.14290437843257325 1.048833101 17.680566079615048 H3_CP.txt NeighborSum 20.1
0.0 0.19058734711642009 1.118867783 10.539166477565168 H3_CP.txt NeighborSum 20.1
0.0 0.14041295834329376 1.004286968 16.994196154494507 H3_CP.txt NeighborSum 20.1
0.0 0.09358431660921329 0.864627887 22.170943231105117 H3_CP.txt NeighborSum 20.1
0.0 0.16768358210179363 1.682866623 29.456116117738464 H3_CP.txt NeighborSum 20.1
0.0 0.11084444593318629 0.973980498 21.762668004551166 H3_CP.txt NeighborSum 20.1
0.0 0.12281377866427763 1.019964963 20.706088190861177 H3_CP.txt NeighborSum 20.1
0.0 0.16966020442517715 1.080741775 13.481914802085269 H3_CP.txt NeighborSum 20.1
0.0 0.14422134912011378 1.026439054 16.852901846153166 H3_CP.txt NeighborSum 20.1
0.0 0.15720896239656884 0.783120339 8.108311012699382 H3_CP.txt NeighborSum 20.1
0.0 0.16205172212399832 0.87491363 9.577353947575695 H3_CP.txt NeighborSum 20.1
0.0 0.2022058655805729 1.273974642 12.37618161097449 H3_CP.txt NeighborSum 20.1
0.0 0.09723900358351396 0.698662507 17.183807766089984 H3_CP.txt NeighborSum 20.1
0.0 0.11502981480735117 0.806137062 16.627189096795917 H3_CP.txt NeighborSum 20.1
0.0 0.1089873757651456 0.999791515 22.7803226384015 H3_CP.txt NeighborSum 20.1
0.0 0.04634261259516197 0.723010869 27.374538882620858 H3_CP.txt NeighborSum 20.1
0.0 0.0897303541996981 0.9134052 24.158799452622215 H3_CP.txt NeighborSum 20.1
0.0 0.11531359320413168 1.177075753 26.18606750083591 H3_CP.txt NeighborSum 20.1
0.0 0.024560440869036082 0.866090372 35.173486722448956 H3_CP.txt NeighborSum 20.1
0.0 0.06389566112379302 1.040738514 32.31089306115265 H3_CP.txt NeighborSum 20.1
0.0 0.06615774980225614 0.883922457 27.822414677534336 H3_CP.txt NeighborSum 20.1
0.0 0.08252270274999965 1.192942461 32.756284803684906 H3_CP.txt NeighborSum 20.1
0.0 -0.024578214166130832 0.598159525 37.46019786730503 H3_CP.txt NeighborSum 20.1
0.0 0.08559785994553923 1.063868523 28.833973991791726 H3_CP.txt NeighborSum 20.1
0.0 0.0949153236455601 1.020103694 25.94980603855558 H3_CP.txt NeighborSum 20.1
0.0 -0.018261031658241306 0.436271469 32.078626256699614 H3_CP.txt NeighborSum 20.1
0.0 0.0053373968576697906 0.535295504 30.212192605490223 H3_CP.txt NeighborSum 20.1
0.0 0.1236142076787025 1.043296385 21.16033488507256 H3_CP.txt NeighborSum 20.1
0.0 0.06614973323588054 0.716735645 23.491587935418345 H3_CP.txt NeighborSum 20.1
0.0 -0.014524444944558831 0.332333688 28.683436516281773 H3_CP.txt NeighborSum 20.1
0.0 0.10317835418957069 0.984743405 23.481478487027314 H3_CP.txt NeighborSum 20.1
0.0 0.1084068138535331 0.827641358 18.428420416105563 H3_CP.txt NeighborSum 20.1
0.0 0.06210651345189973 0.752629948 25.181153044495257 H3_CP.txt NeighborSum 20.1
0.0 0.053660212297538604 0.760721617 26.977288912767012 H3_CP.txt NeighborSum 20.1
0.0 0.1249052299517187 0.993678795 19.6320974737973 H3_CP.txt NeighborSum 20.1
0.0 0.09227169033026993 0.800457834 20.754645260513254 H3_CP.txt NeighborSum 20.1
0.0 0.035496391717392106 0.704684042 28.936862149621877 H3_CP.txt NeighborSum 20.1
0.0 0.10783653875203242 1.140684827 26.647468315630025 H3_CP.txt NeighborSum 20.1
0.0 0.07943655058869599 0.70700435 20.74377769775272 H3_CP.txt NeighborSum 20.1
0.0 0.10816074853719185 1.090830856 25.294700402182734 H3_CP.txt NeighborSum 20.1
0.0 0.06262044543469283 1.013050303 31.832926789985432 H3_CP.txt NeighborSum 20.1
0.0 0.08771081777754383 0.997334168 26.712987500134638 H3_CP.txt NeighborSum 20.1
0.0 0.07231842724189556 0.700903709 21.922676939380604 H3_CP.txt NeighborSum 20.1
0.0 0.08396372974871294 1.057297943 28.970645844557374 H3_CP.txt NeighborSum 20.1
0.0 0.03782312264600225 0.801095412 30.998155664315522 H3_CP.txt NeighborSum 20.1
0.0 0.16379934163191706 1.414119983 23.221622060315653 H3_CP.txt NeighborSum 20.1
0.0 0.16010537830298283 1.320760203 21.49620988343105 H3_CP.txt NeighborSum 20.1
0.0 0.08964780223623528 1.078336037 28.448178180703266 H3_CP.txt NeighborSum 20.1
0.0 0.16769073068867837 1.527139493 25.419397081925975 H3_CP.txt NeighborSum 20.1
0.0 0.12080996651339738 0.995512046 20.448809618786214 H3_CP.txt NeighborSum 20.1
0.0 0.07999311729694861 0.809259689 23.28899386125568 H3_CP.txt NeighborSum 20.1
0.0 0.04671596729168413 0.661070452 25.69934259181477 H3_CP.txt NeighborSum 20.1
0.0 0.16039292550769357 1.286137987 20.545030590851987 H3_CP.txt NeighborSum 20.1
0.0 0.15544677321716188 1.206935439 19.421673194739206 H3_CP.txt NeighborSum 20.1
0.0 0.0516568572723112 0.629992918 23.965987031854436 H3_CP.txt NeighborSum 20.1
0.0 0.04773014059753618 0.537023876 22.294417791556782 H3_CP.txt NeighborSum 20.1
0.0 0.14715458022057296 1.163806547 19.86157845526372 H3_CP.txt NeighborSum 20.1
0.0 0.1307691909180747 1.138946126 22.295009181652606 H3_CP.txt NeighborSum 20.1
0.0 0.022038029302148016 0.433889401 24.447590245066475 H3_CP.txt NeighborSum 20.1
0.0 0.08949666070789666 0.753158473 20.050200530830836 H3_CP.txt NeighborSum 20.1
0.0 0.1545312369907591 1.307695958 22.204656680338182 H3_CP.txt NeighborSum 20.1
0.0 0.07213454542035654 0.821615474 25.085234028235263 H3_CP.txt NeighborSum 20.1
0.0 0.09957017172755626 0.867244679 21.114438739790174 H3_CP.txt NeighborSum 20.1
0.0 0.146108027368265 1.13120506 19.21334447635529 H3_CP.txt NeighborSum 20.1
0.0 0.1042597402892728 0.951889434 22.427014435089998 H3_CP.txt NeighborSum 20.1
0.0 0.10414844256389302 0.825507389 19.172965790876745 H3_CP.txt NeighborSum 20.1
0.0 0.11257456026566043 0.793110125 16.75078706750706 H3_CP.txt NeighborSum 20.1
0.0 0.14268928732834948 1.031493409 17.27164072559385 H3_CP.txt NeighborSum 20.1
0.0 0.09732058663511635 0.864759332 21.472571663502592 H3_CP.txt NeighborSum 20.1
0.0 0.07302699387573094 0.61270284 19.50402798621584 H3_CP.txt NeighborSum 20.1
0.0 0.08641084547989933 0.884873647 24.042955898438464 H3_CP.txt NeighborSum 20.1
0.0 0.0905907351114538 0.640065215 16.914102713535346 H3_CP.txt NeighborSum 20.1
0.0 0.0975605296949961 0.851685847 21.088728706868693 H3_CP.txt NeighborSum 20.1
0.0 0.07126942465787725 0.348089293 12.977185963601242 H3_CP.txt NeighborSum 20.1
0.0 0.10858174661885846 0.862810622 19.306908546153316 H3_CP.txt NeighborSum 20.1
0.0 0.08835278963013951 0.592361004 16.098287387018175 H3_CP.txt NeighborSum 20.1
0.0 0.09510638232354339 0.872087436 22.078356237045632 H3_CP.txt NeighborSum 20.1
0.0 0.033519399522208344 0.212941744 16.565618659410386 H3_CP.txt NeighborSum 20.1
0.0 0.14259789457329658 1.046359446 17.674032333369233 H3_CP.txt NeighborSum 20.1
0.0 0.09912307070740618 0.561512033 13.275929254010887 H3_CP.txt NeighborSum 20.1
0.0 0.15699731433712463 0.924414753 11.809444112637832 H3_CP.txt NeighborSum 20.1
0.0 0.16605370810017428 0.847142193 8.106022548297078 H3_CP.txt NeighborSum 20.1
0.0 0.18486537384299223 1.19843548 13.675763257873053 H3_CP.txt NeighborSum 20.1
0.0 0.10871648224663821 0.445627454 8.471082475051844 H3_CP.txt NeighborSum 20.1
0.0 0.07137623069942309 0.155453728 7.96533559628159 H3_CP.txt NeighborSum 20.1
0.0 0.09066916253786869 0.29890498 8.058844563211995 H3_CP.txt NeighborSum 20.1
0.0 0.1467728590085079 0.885523229 12.722086605264707 H3_CP.txt NeighborSum 20.1
0.0 0.11602682499695201 0.693656821 13.52520788316352 H3_CP.txt NeighborSum 20.1
0.0 0.11242644431859314 0.530187444 9.965459589528955 H3_CP.txt NeighborSum 20.1
0.0 0.15340388660633594 0.883519866 11.424677736233273 H3_CP.txt NeighborSum 20.1
0.0 0.18886234567467058 1.387089416 17.813631043190075 H3_CP.txt NeighborSum 20.1
1.0 0.13058932409836027 0.778761919 12.995295500061724 H3_CP.txt NeighborSum 20.1
1.0 0.14629215805029955 0.859310583 12.133124380604938 H3_CP.txt NeighborSum 20.1
1.0 0.07857370862843012 0.297774008 10.301407615919555 H3_CP.txt NeighborSum 20.1
0.0 0.09111770528870061 0.63965973 16.804615351770792 H3_CP.txt NeighborSum 20.1
0.0 0.15522057029868713 1.182778761 18.83818555623371 H3_CP.txt NeighborSum 20.1
1.0 0.13359895139357844 0.804572899 13.09884505075264 H3_CP.txt NeighborSum 20.1
1.0 0.05107928961762466 0.209785592 13.18558638586646 H3_CP.txt NeighborSum 20.1
0.0 0.07531591251056068 0.710732654 21.614362663534354 H3_CP.txt NeighborSum 20.1
1.0 0.15483098858811695 1.229652285 20.12599948479906 H3_CP.txt NeighborSum 20.1
1.0 0.09492768123147632 0.546764592 13.681790398090053 H3_CP.txt NeighborSum 20.1
1.0 0.03586517913049381 0.148827361 14.463610652903997 H3_CP.txt NeighborSum 20.1
0.0 0.10180255906316624 0.988284263 23.831646610231548 H3_CP.txt NeighborSum 20.1
1.0 0.1381751677887409 0.97372298 16.62250844110247 H3_CP.txt NeighborSum 20.1
1.0 0.06332589696298849 0.267811892 12.388968073471824 H3_CP.txt NeighborSum 20.1
0.0 0.06396946034004922 0.525778473 18.95280840989078 H3_CP.txt NeighborSum 20.1
0.0 0.16051897278470612 1.253416225 19.673432274407812 H3_CP.txt NeighborSum 20.1
1.0 0.13959722270952263 0.812587298 12.179877300548855 H3_CP.txt NeighborSum 20.1
0.0 0.14019668888548714 0.750926705 10.46946196028424 H3_CP.txt NeighborSum 20.1
1.0 0.1653802060358207 0.896655797 9.515577508707764 H3_CP.txt NeighborSum 20.1
1.0 0.18602756992224623 1.164038449 12.566135290560792 H3_CP.txt NeighborSum 20.1
1.0 0.15991208594478012 1.014292453 13.590979075547313 H3_CP.txt NeighborSum 20.1
0.0 0.15326145581557052 0.823902963 9.906570126539302 H3_CP.txt NeighborSum 20.1
0.0 0.14251933073476936 1.050005639 17.783273104452718 H3_CP.txt NeighborSum 20.1
0.0 0.1891737549624859 1.118057678 10.783686916065681 H3_CP.txt NeighborSum 20.1
0.0 0.14047179130262333 1.024392338 17.50413858507087 H3_CP.txt NeighborSum 20.1
0.0 0.08978822805183449 0.811640813 21.510895985519728 H3_CP.txt NeighborSum 20.1
0.0 0.16721727578724796 1.672334066 29.27077025014797 H3_CP.txt NeighborSum 20.1
0.0 0.11322725709854194 0.990691291 21.7481371741081 H3_CP.txt NeighborSum 20.1
0.0 0.12303590628582725 1.020979387 20.690653203569955 H3_CP.txt NeighborSum 20.1
0.0 0.16589766224422203 1.055795637 13.542194826719903 H3_CP.txt NeighborSum 20.1
0.0 0.14916392479037516 1.066198821 16.954845384064246 H3_CP.txt NeighborSum 20.1
0.0 0.1561164998775568 0.778543834 8.194914989558505 H3_CP.txt NeighborSum 20.1
0.0 0.15819528757100554 0.847986298 9.603930704170065 H3_CP.txt NeighborSum 20.1
0.0 0.2008983011744485 1.275809547 12.669327494871961 H3_CP.txt NeighborSum 20.1
0.0 0.10306781311588072 0.741038623 17.187089166960998 H3_CP.txt NeighborSum 20.1
0.0 0.10950866945583246 0.764726784 16.591147496323767 H3_CP.txt NeighborSum 20.1
0.0 0.10101719557335126 0.943782976 22.825992859285122 H3_CP.txt NeighborSum 20.1
0.0 0.045098341712386525 0.714746749 27.39409916315317 H3_CP.txt NeighborSum 20.1
0.0 0.09182981586933556 0.930253372 24.201049630941775 H3_CP.txt NeighborSum 20.1
0.0 0.12642513240918712 1.256053567 26.145566417210468 H3_CP.txt NeighborSum 20.1
0.0 0.019880544613129325 0.835810015 35.26784564417149 H3_CP.txt NeighborSum 20.1
0.0 0.06930035242257473 1.083273344 32.39794869773733 H3_CP.txt NeighborSum 20.1
0.0 0.0660836743998448 0.886397964 27.900476262009647 H3_CP.txt NeighborSum 20.1
0.0 0.08672826571361486 1.218344686 32.62461152144251 H3_CP.txt NeighborSum 20.1
0.0 -0.022030989902460357 0.617600794 37.48554074477159 H3_CP.txt NeighborSum 20.1
0.0 0.08252417387309627 1.0464075 28.958829966072624 H3_CP.txt NeighborSum 20.1
0.0 0.09670032751867327 1.026717248 25.785909411209815 H3_CP.txt NeighborSum 20.1
0.0 -0.0039983824044673155 0.518199171 31.52269794405055 H3_CP.txt NeighborSum 20.1
0.0 0.0037988645788515213 0.539287956 30.604629602909387 H3_CP.txt NeighborSum 20.1
0.0 0.12084818299176729 1.023206693 21.159286281538062 H3_CP.txt NeighborSum 20.1
0.0 0.06808140757546316 0.728241107 23.426907040614676 H3_CP.txt NeighborSum 20.1
0.0 -0.01623908690941317 0.328855717 28.915369926188706 H3_CP.txt NeighborSum 20.1
0.0 0.10187149303142067 0.974385705 23.458543803692084 H3_CP.txt NeighborSum 20.1
0.0 0.11115791728008013 0.843482432 18.322176694209276 H3_CP.txt NeighborSum 20.1
0.0 0.06109383619514852 0.746764275 25.219364711727845 H3_CP.txt NeighborSum 20.1
0.0 0.05201205294377738 0.741876229 26.798517226246965 H3_CP.txt NeighborSum 20.1
0.0 0.10919288614896494 0.873741936 19.475383658157586 H3_CP.txt NeighborSum 20.1
0.0 0.08210398927275836 0.715975754 20.475233986694086 H3_CP.txt NeighborSum 20.1
0.0 0.03273190201041429 0.676692141 28.730754316696117 H3_CP.txt NeighborSum 20.1
0.0 0.11107029965673787 1.149109632 26.25838910594775 H3_CP.txt NeighborSum 20.1
0.0 0.07554638236401848 0.663963377 20.359135830018836 H3_CP.txt NeighborSum 20.1
0.0 0.10412097598210071 1.038341646 24.693325149572104 H3_CP.txt NeighborSum 20.1
0.0 0.0637955772458271 1.00931652 31.515449652124147 H3_CP.txt NeighborSum 20.1
0.0 0.09058238496143622 1.009611947 26.49178115745259 H3_CP.txt NeighborSum 20.1
0.0 0.06779637064689466 0.652709931 21.523196398114127 H3_CP.txt NeighborSum 20.1
0.0 0.08691876397113033 1.057207112 28.413252702858674 H3_CP.txt NeighborSum 20.1
0.0 0.037311375303326566 0.796349185 30.971286796524776 H3_CP.txt NeighborSum 20.1
0.0 0.16466277959773482 1.425720087 23.36003879201885 H3_CP.txt NeighborSum 20.1
0.0 0.1622636786251761 1.324051971 21.176119721274134 H3_CP.txt NeighborSum 20.1
0.0 0.06961536938854412 0.931263958 28.399741587704597 H3_CP.txt NeighborSum 20.1
0.0 0.16653301553742675 1.533873041 25.811336156428872 H3_CP.txt NeighborSum 20.1
0.0 0.12051621203175066 1.003082454 20.700157976988912 H3_CP.txt NeighborSum 20.1
0.0 0.06310845789120205 0.678620048 23.075131729998933 H3_CP.txt NeighborSum 20.1
0.0 0.059057844648415445 0.75855219 25.907243494699042 H3_CP.txt NeighborSum 20.1
0.0 0.16498398910517764 1.338682007 21.044278012989043 H3_CP.txt NeighborSum 20.1
0.0 0.15209348959004498 1.177513617 19.289103877827515 H3_CP.txt NeighborSum 20.1
0.0 0.04936746966744894 0.609733531 23.871015107951656 H3_CP.txt NeighborSum 20.1
0.0 0.049158930730285544 0.57155383 22.92082934695835 H3_CP.txt NeighborSum 20.1
0.0 0.15184230506715957 1.200862802 19.94133378232904 H3_CP.txt NeighborSum 20.1
0.0 0.12619388591326555 1.102180344 22.20166527533198 H3_CP.txt NeighborSum 20.1
0.0 0.017399441854146352 0.423707349 25.05500005492809 H3_CP.txt NeighborSum 20.1
0.0 0.09160010936691627 0.798066441 20.81881879401844 H3_CP.txt NeighborSum 20.1
0.0 0.14232810539890145 1.225768266 22.373749291348094 H3_CP.txt NeighborSum 20.1
0.0 0.060470092160674824 0.760830503 25.701021473129256 H3_CP.txt NeighborSum 20.1
0.0 0.09124619486619218 0.869511023 22.736646263391105 H3_CP.txt NeighborSum 20.1
0.0 0.1470310520458493 1.161003485 19.812144466537376 H3_CP.txt NeighborSum 20.1
0.0 0.11151050239819581 1.014349233 22.683643676469064 H3_CP.txt NeighborSum 20.1
0.0 0.11948461759910842 0.973275298 20.121524225531335 H3_CP.txt NeighborSum 20.1
0.0 0.10942074584389429 0.825378865 18.17934690610017 H3_CP.txt NeighborSum 20.1
0.0 0.1383887672944854 1.012759628 17.59394985677637 H3_CP.txt NeighborSum 20.1
0.0 0.09372313140557337 0.84322232 21.59018476843891 H3_CP.txt NeighborSum 20.1
0.0 0.09841077850871946 0.779412834 19.056208310025795 H3_CP.txt NeighborSum 20.1
0.0 0.09615086848266619 0.930594875 23.39828252925049 H3_CP.txt NeighborSum 20.1
0.0 0.057283684192893994 0.379967836 16.4301781985207 H3_CP.txt NeighborSum 20.1
0.0 0.09730745838907531 0.814016394 20.16012950996641 H3_CP.txt NeighborSum 20.1
0.0 0.07043608854087374 0.316414832 12.312925959985158 H3_CP.txt NeighborSum 20.1
0.0 0.1194109698579817 0.933438646 19.103065287863245 H3_CP.txt NeighborSum 20.1
0.0 0.05062696176687127 0.309571582 15.85631308117304 H3_CP.txt NeighborSum 20.1
0.0 0.09762136135072787 0.879706311 21.803400532561984 H3_CP.txt NeighborSum 20.1
0.0 0.080908801669136 0.53804943 16.089097412774137 H3_CP.txt NeighborSum 20.1
0.0 0.1390396822850601 1.011120086 17.429203864555927 H3_CP.txt NeighborSum 20.1
0.0 0.09494335012662707 0.543627628 13.597558799113042 H3_CP.txt NeighborSum 20.1
0.0 0.1556294392722981 0.923468502 12.041849614158604 H3_CP.txt NeighborSum 20.1
0.0 0.17093690037718395 0.882711911 8.110542718931272 H3_CP.txt NeighborSum 20.1
0.0 0.18493391592482333 1.186875898 13.3633442323347 H3_CP.txt NeighborSum 20.1
0.0 0.11012748878016176 0.442003714 8.1121529171818 H3_CP.txt NeighborSum 20.1
0.0 0.07097141134011889 0.120918225 7.146449430305688 H3_CP.txt NeighborSum 20.1
0.0 0.08274426956425007 0.221265229 7.535476292510595 H3_CP.txt NeighborSum 20.1
0.0 0.1611286852017026 0.975002954 12.344353518254067 H3_CP.txt NeighborSum 20.1
0.0 0.11642816040432002 0.657951648 12.524593133261945 H3_CP.txt NeighborSum 20.1
0.0 0.06789175821358043 0.203960544 9.876781684884314 H3_CP.txt NeighborSum 20.1
0.0 0.13240767904777742 0.731130699 11.419483073016824 H3_CP.txt NeighborSum 20.1
0.0 0.18796081584710603 1.374086679 17.646022443984425 H3_CP.txt NeighborSum 20.1
1.0 0.09872666830201506 0.575827981 13.721355820217894 H3_CP.txt NeighborSum 20.1
1.0 0.13674319301300336 0.784631442 11.991521661454314 H3_CP.txt NeighborSum 20.1
1.0 0.09521824453111837 0.404721355 9.946430430034088 H3_CP.txt NeighborSum 20.1
0.0 0.09033595690066068 0.605313959 16.061443720697152 H3_CP.txt NeighborSum 20.1
0.0 0.14822009215848397 1.121181829 18.55690544995742 H3_CP.txt NeighborSum 20.1
1.0 0.14230549772830092 0.866287947 13.062737807869699 H3_CP.txt NeighborSum 20.1
1.0 0.05420465389289177 0.225781842 13.013066932667535 H3_CP.txt NeighborSum 20.1
0.0 0.07005106373547275 0.65672676 21.203789529495022 H3_CP.txt NeighborSum 20.1
1.0 0.14928346218079186 1.183858458 19.981321550585708 H3_CP.txt NeighborSum 20.1
1.0 0.10447122172361858 0.617009927 13.709518239249046 H3_CP.txt NeighborSum 20.1
1.0 0.045269494605922 0.207435725 14.215938644917708 H3_CP.txt NeighborSum 20.1
0.0 0.09616882011237551 0.94038325 23.64855807162866 H3_CP.txt NeighborSum 20.1
1.0 0.14388586747388665 1.022230688 16.806862928475482 H3_CP.txt NeighborSum 20.1
1.0 0.07250841329254533 0.334850427 12.401408310893999 H3_CP.txt NeighborSum 20.1
0.0 0.060602958266282606 0.494418865 18.77250780537164 H3_CP.txt NeighborSum 20.1
0.0 0.15813784677848253 1.23377934 19.611822401146142 H3_CP.txt NeighborSum 20.1
1.0 0.14614772675597865 0.862137593 12.233509342113354 H3_CP.txt NeighborSum 20.1
0.0 0.14307836511162808 0.770149767 10.426330827159255 H3_CP.txt NeighborSum 20.1
1.0 0.16081132569617893 0.858298918 9.379796574824871 H3_CP.txt NeighborSum 20.1
1.0 0.18684887055198882 1.183739322 12.922382838068572 H3_CP.txt NeighborSum 20.1
1.0 0.16352428886450499 1.040113198 13.581600836786718 H3_CP.txt NeighborSum 20.1
0.0 0.14960017129470726 0.8189937 10.467049097598737 H3_CP.txt NeighborSum 20.1
0.0 0.1393845989675485 1.058076775 18.581213180951824 H3_CP.txt NeighborSum 20.1
0.0 0.18819686424308749 1.126303504 11.180849868497324 H3_CP.txt NeighborSum 20.1
0.0 0.1420045557415075 1.033761289 17.45902063596098 H3_CP.txt NeighborSum 20.1
0.0 0.09128401598348727 0.857445172 22.41687849722376 H3_CP.txt NeighborSum 20.1
0.0 0.1651605205639369 1.674021396 29.70081133683839 H3_CP.txt NeighborSum 20.1
0.0 0.11074910981482461 0.973501852 21.768171624767596 H3_CP.txt NeighborSum 20.1
0.0 0.12303474140903267 1.022611663 20.733169369867294 H3_CP.txt NeighborSum 20.1
0.0 0.16731469757998432 1.066444429 13.551978770588656 H3_CP.txt NeighborSum 20.1
0.0 0.14603697585542413 1.044997612 16.99278573682011 H3_CP.txt NeighborSum 20.1
0.0 0.15804365570037038 0.79112984 8.159083070600097 H3_CP.txt NeighborSum 20.1
0.0 0.16036235479757546 0.860397633 9.518510332695143 H3_CP.txt NeighborSum 20.1
0.0 0.19946324676414912 1.256955553 12.450305633907748 H3_CP.txt NeighborSum 20.1
0.0 0.09893651125292964 0.706950877 17.07974512655592 H3_CP.txt NeighborSum 20.1
0.0 0.11458700018891668 0.797042168 16.474685159549452 H3_CP.txt NeighborSum 20.1
0.0 0.10575467283700823 0.973929637 22.717354106570145 H3_CP.txt NeighborSum 20.1
0.0 0.042646713981729215 0.694254731 27.3235723509165 H3_CP.txt NeighborSum 20.1
0.0 0.08675694997962874 0.891798479 24.157391660786 H3_CP.txt NeighborSum 20.1
0.0 0.12779975421475148 1.261879668 26.038345840955618 H3_CP.txt NeighborSum 20.1
0.0 0.018156972899514054 0.820562394 35.196467922545 H3_CP.txt NeighborSum 20.1
0.0 0.06323099518320852 1.040108166 32.41940193311795 H3_CP.txt NeighborSum 20.1
0.0 0.0641406803926153 0.869979244 27.839965451586217 H3_CP.txt NeighborSum 20.1
0.0 0.08126496476572406 1.179757521 32.650860773072 H3_CP.txt NeighborSum 20.1
0.0 -0.024303075350215766 0.601591722 37.49745792078676 H3_CP.txt NeighborSum 20.1
0.0 0.0879897635363324 1.083122381 28.883634102411733 H3_CP.txt NeighborSum 20.1
0.0 0.09313164658960835 1.006637211 25.93587265746476 H3_CP.txt NeighborSum 20.1
0.0 -0.017279622567633407 0.432581259 31.798664865040035 H3_CP.txt NeighborSum 20.1
0.0 0.013372285702691236 0.611989681 30.69039774910415 H3_CP.txt NeighborSum 20.1
0.0 0.12481530942835811 1.058319156 21.32402075188096 H3_CP.txt NeighborSum 20.1
0.0 0.05832111902655414 0.667925035 23.697188862650826 H3_CP.txt NeighborSum 20.1
0.0 -0.014059999255579742 0.345201153 28.9296366212491 H3_CP.txt NeighborSum 20.1
0.0 0.11243998608350442 1.059536526 23.680004116034187 H3_CP.txt NeighborSum 20.1
0.0 0.10243169470339494 0.794924622 18.702924825834884 H3_CP.txt NeighborSum 20.1
0.0 0.05407792291317963 0.70427318 25.436075674641856 H3_CP.txt NeighborSum 20.1
0.0 0.052018634668925284 0.750990428 27.03345835405791 H3_CP.txt NeighborSum 20.1
0.0 0.11258411622974566 0.921750244 20.082459456689524 H3_CP.txt NeighborSum 20.1
0.0 0.08230573122486363 0.731156107 20.830711473093654 H3_CP.txt NeighborSum 20.1
0.0 0.03246552595639693 0.687332561 29.056513827559982 H3_CP.txt NeighborSum 20.1
0.0 0.1038851105287561 1.128182407 27.065682107703783 H3_CP.txt NeighborSum 20.1
0.0 0.07093675800495049 0.651141511 20.892699722681574 H3_CP.txt NeighborSum 20.1
0.0 0.11001170008873876 1.092719543 24.995980864834106 H3_CP.txt NeighborSum 20.1
0.0 0.06390167403825991 1.012464666 31.577099954205984 H3_CP.txt NeighborSum 20.1
0.0 0.09164362354416108 1.015872496 26.454680763291904 H3_CP.txt NeighborSum 20.1
0.0 0.07533593984247045 0.711453749 21.62928678498373 H3_CP.txt NeighborSum 20.1
0.0 0.09462412767344805 1.115958164 28.488389624020698 H3_CP.txt NeighborSum 20.1
0.0 0.04288624817262415 0.823143494 30.618491434382733 H3_CP.txt NeighborSum 20.1
0.0 0.16954927571461897 1.451526067 23.1109294604988 H3_CP.txt NeighborSum 20.1
0.0 0.16140379949480776 1.312299207 21.03307864170006 H3_CP.txt NeighborSum 20.1
0.0 0.06825529315229034 0.912711905 28.174460928700736 H3_CP.txt NeighborSum 20.1
0.0 0.1667088742052859 1.516847775 25.337127081790882 H3_CP.txt NeighborSum 20.1
0.0 0.11885606912030372 0.97506998 20.286089313006645 H3_CP.txt NeighborSum 20.1
0.0 0.05661691790626015 0.620981734 22.80083872759847 H3_CP.txt NeighborSum 20.1
0.0 0.04793239230735931 0.657617848 25.381395642449064 H3_CP.txt NeighborSum 20.1
0.0 0.1569344461340979 1.255474233 20.40003768832079 H3_CP.txt NeighborSum 20.1
0.0 0.15863171969296913 1.196279444 18.547319598465233 H3_CP.txt NeighborSum 20.1
0.0 0.053179774370525595 0.607995014 23.109905510655594 H3_CP.txt NeighborSum 20.1
0.0 0.051477352636848356 0.550428197 21.93793267574084 H3_CP.txt NeighborSum 20.1
0.0 0.1553756734345454 1.184196075 18.845779810858623 H3_CP.txt NeighborSum 20.1
0.0 0.1327756376387902 1.096636703 20.821772155342693 H3_CP.txt NeighborSum 20.1
0.0 0.021041375873758122 0.408940997 23.988299019660133 H3_CP.txt NeighborSum 20.1
0.0 0.0885430519697866 0.729475299 19.615610350052197 H3_CP.txt NeighborSum 20.1
0.0 0.15637276227992492 1.268900122 20.853444600248466 H3_CP.txt NeighborSum 20.1
0.0 0.059263663307193445 0.702256702 24.409792975617542 H3_CP.txt NeighborSum 20.1
0.0 0.09926721004392748 0.87665334 21.415151348979016 H3_CP.txt NeighborSum 20.1
0.0 0.1515427908750379 1.150906151 18.703058202291828 H3_CP.txt NeighborSum 20.1
0.0 0.11218340558355511 0.975306772 21.54554122268858 H3_CP.txt NeighborSum 20.1
0.0 0.11627626154089546 0.923744322 19.440642403484194 H3_CP.txt NeighborSum 20.1
0.0 0.11711777730211835 0.83649241 17.021612264774227 H3_CP.txt NeighborSum 20.1
0.0 0.15404645240788956 1.09437991 16.768027942011333 H3_CP.txt NeighborSum 20.1
0.0 0.08099506052549683 0.708683209 20.49454970975523 H3_CP.txt NeighborSum 20.1
0.0 0.07387646046815138 0.593224647 18.839733195452546 H3_CP.txt NeighborSum 20.1
0.0 0.09191713543324807 0.857243788 22.292742179069187 H3_CP.txt NeighborSum 20.1
0.0 0.05572975565557674 0.31878471 15.136604259087155 H3_CP.txt NeighborSum 20.1
0.0 0.09733657903629328 0.760981142 18.78035079787939 H3_CP.txt NeighborSum 20.1
0.0 0.062048081532936575 0.207246088 11.059528984830989 H3_CP.txt NeighborSum 20.1
0.0 0.10762902673649054 0.779605479 17.329751288513094 H3_CP.txt NeighborSum 20.1
0.0 0.04964628915763814 0.252588801 14.563909441148791 H3_CP.txt NeighborSum 20.1
0.0 0.08014457279004666 0.707217285 20.616308813015007 H3_CP.txt NeighborSum 20.1
0.0 0.03889300988749365 0.204689558 15.342461968835373 H3_CP.txt NeighborSum 20.1
0.0 0.1476199152942605 1.04134297 16.600761524628798 H3_CP.txt NeighborSum 20.1
0.0 0.10608472382576395 0.595059183 12.837644342239049 H3_CP.txt NeighborSum 20.1
0.0 0.15939989855414963 0.931770858 11.548790157016148 H3_CP.txt NeighborSum 20.1
0.0 0.17028533471731735 0.872256556 7.961994367523967 H3_CP.txt NeighborSum 20.1
0.0 0.19121983500966017 1.212739305 12.852871600361103 H3_CP.txt NeighborSum 20.1
0.0 0.10873325136572136 0.426957457 7.9841348226807485 H3_CP.txt NeighborSum 20.1
0.0 0.06630466439892581 0.092517369 7.287042278184192 H3_CP.txt NeighborSum 20.1
0.0 0.08919958494745417 0.261605919 7.368337840535546 H3_CP.txt NeighborSum 20.1
0.0 0.16890858340606965 1.005179347 11.665032077979545 H3_CP.txt NeighborSum 20.1
0.0 0.11696163972909938 0.655162333 12.352110687736106 H3_CP.txt NeighborSum 20.1
0.0 0.07013125497866371 0.205533792 9.496908301929679 H3_CP.txt NeighborSum 20.1
0.0 0.13920100077696762 0.757078726 10.815898569500314 H3_CP.txt NeighborSum 20.1
0.0 0.1915548037204993 1.355263093 16.48319145280868 H3_CP.txt NeighborSum 20.1
1.0 0.09403868123590156 0.484034328 12.223232799427105 H3_CP.txt NeighborSum 20.1
