0.0 0.16806637011359626 0.56155535 7.799910913350871 H3_NV.txt NeighborSum 20.1
0.0 0.18584844101217463 0.626477082 6.83731986655253 H3_NV.txt NeighborSum 20.1
0.0 0.1720640613422028 0.577727537 7.585031542218895 H3_NV.txt NeighborSum 20.1
0.0 0.09016052178109302 0.482218707 12.215700918038229 H3_NV.txt NeighborSum 20.1
0.0 0.09077057906090902 0.473249904 12.171838721114028 H3_NV.txt NeighborSum 20.1
0.0 0.1504438623077959 0.608409029 8.861502431169331 H3_NV.txt NeighborSum 20.1
0.0 0.11109944187437973 0.594653653 11.117058333236532 H3_NV.txt NeighborSum 20.1
0.0 0.017312353429264404 0.469250807 16.40407705208638 H3_NV.txt NeighborSum 20.1
0.0 0.07756062842666347 0.538550908 12.996829229387759 H3_NV.txt NeighborSum 20.1
0.0 0.13845115654525106 0.609272048 9.553920256493544 H3_NV.txt NeighborSum 20.1
0.0 0.06109164250161622 0.516303867 13.92500910414694 H3_NV.txt NeighborSum 20.1
0.0 0.00748295102171187 0.467438631 16.969154167384797 H3_NV.txt NeighborSum 20.1
0.0 0.11483342820360187 0.574262765 10.881991847352504 H3_NV.txt NeighborSum 20.1
0.0 0.1099424287993945 0.595199657 11.184308261403666 H3_NV.txt NeighborSum 20.1
0.0 0.01089986867348891 0.509046026 16.81238827097161 H3_NV.txt NeighborSum 20.1
0.0 0.04914206683748684 0.510678066 14.608658375283603 H3_NV.txt NeighborSum 20.1
0.0 0.11713942630990351 0.627501588 10.800548833415284 H3_NV.txt NeighborSum 20.1
0.0 0.08255093883851161 0.549632638 12.719780851260925 H3_NV.txt NeighborSum 20.1
0.0 -0.0015757851424021974 0.454219304 17.478746866885395 H3_NV.txt NeighborSum 20.1
0.0 0.08700935701248702 0.539641004 12.453005405382351 H3_NV.txt NeighborSum 20.1
0.0 0.12573549718681945 0.632049147 10.309242081694695 H3_NV.txt NeighborSum 20.1
0.0 0.03938625340380758 0.538544532 15.198221665447155 H3_NV.txt NeighborSum 20.1
0.0 0.028145837197416312 0.470433077 15.780487889793525 H3_NV.txt NeighborSum 20.1
0.0 0.1263010817449725 0.628100731 10.272804376288292 H3_NV.txt NeighborSum 20.1
0.0 0.09884520658664409 0.599518878 11.828432017232176 H3_NV.txt NeighborSum 20.1
0.0 0.007245893579383267 0.478859209 16.993880005191695 H3_NV.txt NeighborSum 20.1
0.0 0.08721575578923735 0.542138731 12.443520899136972 H3_NV.txt NeighborSum 20.1
0.0 0.1294865363048668 0.631878833 10.092766342035839 H3_NV.txt NeighborSum 20.1
0.0 0.04115674950765996 0.554341472 15.111414525638752 H3_NV.txt NeighborSum 20.1
0.0 0.025819942299265652 0.498467907 15.941753647948165 H3_NV.txt NeighborSum 20.1
0.0 0.11416397836150496 0.616650998 10.961630050747134 H3_NV.txt NeighborSum 20.1
0.0 0.07481841584503071 0.59456164 13.20918426625038 H3_NV.txt NeighborSum 20.1
0.0 -0.011573434285957473 0.491998065 18.0918514792022 H3_NV.txt NeighborSum 20.1
0.0 0.03719226254183655 0.53317147 15.319541072942707 H3_NV.txt NeighborSum 20.1
0.0 0.07543177004300045 0.632076224 13.210129272605876 H3_NV.txt NeighborSum 20.1
0.0 -0.0043001886641657605 0.482538406 17.66326857363007 H3_NV.txt NeighborSum 20.1
0.0 -0.04316095938360115 0.429239388 19.85265444355644 H3_NV.txt NeighborSum 20.1
0.0 0.04862617959541285 0.540615998 14.667388828164498 H3_NV.txt NeighborSum 20.1
0.0 0.03302686762258861 0.529124751 15.555829219539811 H3_NV.txt NeighborSum 20.1
0.0 -0.06470884580987585 0.346167498 21.014838568295673 H3_NV.txt NeighborSum 20.1
0.0 -0.029316561566565313 0.406823853 19.03259175352277 H3_NV.txt NeighborSum 20.1
0.0 0.05217072811281248 0.46264375 14.387506136943346 H3_NV.txt NeighborSum 20.1
0.0 -0.028456565223822172 0.270529635 18.851061482951323 H3_NV.txt NeighborSum 20.1
0.0 -0.06871619436504062 0.323559242 21.224044537987858 H3_NV.txt NeighborSum 20.1
0.0 -0.004740141804183973 0.328395925 17.539424725997293 H3_NV.txt NeighborSum 20.1
0.0 0.013731862099236547 0.287609174 16.434718355217232 H3_NV.txt NeighborSum 20.1
0.0 -0.045172621609418984 0.391556774 19.9321828954335 H3_NV.txt NeighborSum 20.1
0.0 -0.036493070449354015 0.405053862 19.444725508065524 H3_NV.txt NeighborSum 20.1
0.0 0.015941664041587533 0.436763376 16.45167166944138 H3_NV.txt NeighborSum 20.1
0.0 -0.0035983834067581655 0.416629836 17.55899613456455 H3_NV.txt NeighborSum 20.1
0.0 -0.04926683063006304 0.408527766 20.18471175133417 H3_NV.txt NeighborSum 20.1
0.0 -0.018765457295059795 0.426183226 18.442882533116357 H3_NV.txt NeighborSum 20.1
0.0 0.006616486825032075 0.386560227 16.940827743869203 H3_NV.txt NeighborSum 20.1
0.0 -0.04329093963616304 0.431684229 19.862516684438145 H3_NV.txt NeighborSum 20.1
0.0 -0.05680171988508487 0.380252846 20.591854623933333 H3_NV.txt NeighborSum 20.1
0.0 -0.0033832455086128532 0.346179275 17.47839151804336 H3_NV.txt NeighborSum 20.1
0.0 0.012321000038104213 0.497762087 16.71951280839515 H3_NV.txt NeighborSum 20.1
0.0 -0.06144312879419994 0.379752709 20.85902622971162 H3_NV.txt NeighborSum 20.1
0.0 -0.021792843006338602 0.403300247 18.5953111242748 H3_NV.txt NeighborSum 20.1
0.0 0.047596811307790726 0.403129698 14.593658424001898 H3_NV.txt NeighborSum 20.1
0.0 0.029546776049440948 0.472615618 15.701812827693853 H3_NV.txt NeighborSum 20.1
0.0 -0.007863650837753478 0.4003109 17.789163743521083 H3_NV.txt NeighborSum 20.1
0.0 0.07962130625116734 0.353239521 12.698609252456365 H3_NV.txt NeighborSum 20.1
0.0 0.12205279656040752 0.409320593 10.306004096213767 H3_NV.txt NeighborSum 20.1
0.0 0.09620026311006402 0.376497109 11.765065932817746 H3_NV.txt NeighborSum 20.1
0.0 0.16521033955263847 0.412423433 7.820245185355509 H3_NV.txt NeighborSum 20.1
0.0 0.06433318285323844 0.508437329 13.730464410877609 H3_NV.txt NeighborSum 20.1
0.0 0.03837397923736585 0.533053811 15.251281214013044 H3_NV.txt NeighborSum 20.1
0.0 0.1313577974764829 0.455954045 9.814555952073446 H3_NV.txt NeighborSum 20.1
0.0 0.07823574036107381 0.563980563 12.98251428006128 H3_NV.txt NeighborSum 20.1
0.0 0.16445537602250743 0.461749902 7.911531122283644 H3_NV.txt NeighborSum 20.1
0.0 0.13719040017555542 0.498023719 9.518932440774483 H3_NV.txt NeighborSum 20.1
0.0 0.17362217771045674 0.488295188 7.408606548824973 H3_NV.txt NeighborSum 20.1
0.0 0.10582246324665437 0.465452962 11.296295252716233 H3_NV.txt NeighborSum 20.1
0.0 0.04368169438162217 0.389150128 14.80589850915002 H3_NV.txt NeighborSum 20.1
0.0 0.11855960258654843 0.546774317 10.640505199310986 H3_NV.txt NeighborSum 20.1
0.0 0.10622566681298434 0.518248533 11.324151456821673 H3_NV.txt NeighborSum 20.1
0.0 0.0021517895657892083 0.338176932 17.15145658606025 H3_NV.txt NeighborSum 20.1
0.0 0.042804866399147434 0.489545243 14.953647989603708 H3_NV.txt NeighborSum 20.1
0.0 0.11110401418657162 0.614015761 11.13553776901484 H3_NV.txt NeighborSum 20.1
0.0 0.03973790733735677 0.379966177 15.024434216118289 H3_NV.txt NeighborSum 20.1
0.0 -0.007897009626801177 0.354909653 17.747137660021 H3_NV.txt NeighborSum 20.1
0.0 0.07470783175276996 0.583038153 13.204406225775834 H3_NV.txt NeighborSum 20.1
0.0 0.10469971140612627 0.579307992 11.47125600983647 H3_NV.txt NeighborSum 20.1
0.0 0.02122767181967905 0.383977002 16.095745076167958 H3_NV.txt NeighborSum 20.1
0.0 0.05981629834409527 0.590394481 14.070276231137656 H3_NV.txt NeighborSum 20.1
0.0 0.12302258725398504 0.500680061 10.338517986336461 H3_NV.txt NeighborSum 20.1
0.0 0.09670440604877062 0.484987789 11.841015826542087 H3_NV.txt NeighborSum 20.1
0.0 0.04950689191335794 0.412505547 14.492586065426721 H3_NV.txt NeighborSum 20.1
0.0 0.10272745249738516 0.640975992 11.644686597047713 H3_NV.txt NeighborSum 20.1
0.0 0.16269377878041555 0.346884099 7.901923432404212 H3_NV.txt NeighborSum 20.1
0.0 0.17710896038459145 0.498689027 7.217596084268229 H3_NV.txt NeighborSum 20.1
0.0 0.1937988202530004 0.309540596 6.0720418704816295 H3_NV.txt NeighborSum 20.1
0.0 0.23161110976151433 0.472378626 4.049155763125767 H3_NV.txt NeighborSum 20.1
0.0 0.22118836978679993 0.486863257 4.664224630831078 H3_NV.txt NeighborSum 20.1
0.0 0.1361486200595293 0.259698915 9.348303062693837 H3_NV.txt NeighborSum 20.1
0.0 0.1803974280460524 0.467037937 6.997321070938603 H3_NV.txt NeighborSum 20.1
0.0 0.1090035174909634 0.349740606 11.00084058892402 H3_NV.txt NeighborSum 20.1
0.0 0.17191870631267842 0.601158313 7.616095419776343 H3_NV.txt NeighborSum 20.1
0.0 0.09104319081719711 0.489431993 12.171782793168406 H3_NV.txt NeighborSum 20.1
0.0 0.149100443265138 0.596570427 8.92751314356981 H3_NV.txt NeighborSum 20.1
0.0 0.10250183719001166 0.499467611 11.52071273832317 H3_NV.txt NeighborSum 20.1
0.0 0.09249902053471537 0.393469877 11.994935343605945 H3_NV.txt NeighborSum 20.1
0.0 0.06287887963632091 0.562528423 13.866691414467981 H3_NV.txt NeighborSum 20.1
0.0 0.16138292213186184 0.570197539 8.193690670224173 H3_NV.txt NeighborSum 20.1
0.0 0.18428259392972307 0.475606338 6.781569994672158 H3_NV.txt NeighborSum 20.1
0.0 0.1669034911434525 0.353029544 7.6651112656765505 H3_NV.txt NeighborSum 20.1
0.0 0.08934351961178999 0.403688576 12.18679537115857 H3_NV.txt NeighborSum 20.1
0.0 0.0915295596074589 0.559945629 12.21199473852931 H3_NV.txt NeighborSum 20.1
0.0 0.14137572779177468 0.574809442 9.351908395763639 H3_NV.txt NeighborSum 20.1
0.0 0.07487918100813992 0.428623689 13.045047164387888 H3_NV.txt NeighborSum 20.1
0.0 0.018942092322563886 0.575558465 16.41300406319148 H3_NV.txt NeighborSum 20.1
0.0 0.12202258016444101 0.606189786 10.49832192381034 H3_NV.txt NeighborSum 20.1
0.0 0.1407723479066491 0.467540693 9.282864057246497 H3_NV.txt NeighborSum 20.1
0.0 0.1717774742942408 0.563904458 7.588176975307332 H3_NV.txt NeighborSum 20.1
0.0 0.17387274651138948 0.544507881 7.448572607232325 H3_NV.txt NeighborSum 20.1
0.0 0.09552377600557255 0.440773273 11.866298133552885 H3_NV.txt NeighborSum 20.1
0.0 0.0744386964913572 0.427404248 13.069268093701938 H3_NV.txt NeighborSum 20.1
0.0 0.1372343536895927 0.611011815 9.625773675862519 H3_NV.txt NeighborSum 20.1
0.0 0.11051255462060858 0.562273126 11.119556982406722 H3_NV.txt NeighborSum 20.1
0.0 0.012715523896047631 0.410203822 16.61200278059677 H3_NV.txt NeighborSum 20.1
0.0 0.0697046719626197 0.576019322 13.486128597245097 H3_NV.txt NeighborSum 20.1
0.0 0.12989900928620923 0.620165623 10.057641553837685 H3_NV.txt NeighborSum 20.1
0.0 0.05467125633901146 0.485308723 14.26524875751057 H3_NV.txt NeighborSum 20.1
0.0 0.0022956778657042265 0.403990021 17.206868054404843 H3_NV.txt NeighborSum 20.1
0.0 0.11087572137422883 0.599316612 11.13447349082307 H3_NV.txt NeighborSum 20.1
0.0 0.10351764949422473 0.583949304 11.543914809436389 H3_NV.txt NeighborSum 20.1
0.0 0.0020269686296892075 0.426396575 17.244053911132504 H3_NV.txt NeighborSum 20.1
0.0 0.047456218547842155 0.544642374 14.738754531524476 H3_NV.txt NeighborSum 20.1
0.0 0.12001030658542633 0.639230418 10.646347874566757 H3_NV.txt NeighborSum 20.1
0.0 0.07659080154600928 0.536271912 13.050550020813697 H3_NV.txt NeighborSum 20.1
0.0 -0.005707055980136655 0.392366016 17.657108673325165 H3_NV.txt NeighborSum 20.1
0.0 0.08764453972956507 0.576458363 12.452016693369568 H3_NV.txt NeighborSum 20.1
0.0 0.12495729621438814 0.621906065 10.344299723896471 H3_NV.txt NeighborSum 20.1
0.0 0.0343960080495051 0.495719354 15.44453767287243 H3_NV.txt NeighborSum 20.1
0.0 0.026333618568639194 0.467466891 15.882121597543685 H3_NV.txt NeighborSum 20.1
0.0 0.12639927070082788 0.631669233 10.270596539693603 H3_NV.txt NeighborSum 20.1
0.0 0.09670421095486237 0.607153363 11.959287052496283 H3_NV.txt NeighborSum 20.1
0.0 0.0007341144025843627 0.408430113 17.301216752323263 H3_NV.txt NeighborSum 20.1
0.0 0.08649504941454605 0.567722225 12.509847412572718 H3_NV.txt NeighborSum 20.1
0.0 0.12770997147679616 0.643275644 10.206247821021721 H3_NV.txt NeighborSum 20.1
0.0 0.04205942561361903 0.514645867 15.020933427532006 H3_NV.txt NeighborSum 20.1
0.0 0.021182086406904443 0.446254287 16.158660144477842 H3_NV.txt NeighborSum 20.1
0.0 0.11402607299364173 0.607264091 10.96049581821872 H3_NV.txt NeighborSum 20.1
0.0 0.08021731263345289 0.59031896 12.89373947748202 H3_NV.txt NeighborSum 20.1
0.0 -0.015025340319553993 0.40190763 18.20370199675241 H3_NV.txt NeighborSum 20.1
0.0 0.031966064775962755 0.542195954 15.629655772186245 H3_NV.txt NeighborSum 20.1
0.0 0.07723679588776647 0.625742436 13.09990769406439 H3_NV.txt NeighborSum 20.1
0.0 -0.0006736353546341611 0.499055425 17.470125390789264 H3_NV.txt NeighborSum 20.1
0.0 -0.046050292910369994 0.387679481 19.979042158569527 H3_NV.txt NeighborSum 20.1
0.0 0.04479847176465393 0.548842022 14.89608398755306 H3_NV.txt NeighborSum 20.1
0.0 0.017588878419333598 0.552774454 16.46898412762702 H3_NV.txt NeighborSum 20.1
0.0 -0.06954888104178447 0.384117365 21.330685110577882 H3_NV.txt NeighborSum 20.1
0.0 -0.029468472919798316 0.479061963 19.111280691542504 H3_NV.txt NeighborSum 20.1
0.0 0.03985848995365909 0.533813016 15.166408987596524 H3_NV.txt NeighborSum 20.1
0.0 -0.040063708262009834 0.311900771 19.56045817778856 H3_NV.txt NeighborSum 20.1
0.0 -0.07241883606798932 0.405366022 21.516755919307474 H3_NV.txt NeighborSum 20.1
0.0 -0.011096302854549489 0.5403663 18.11115869573703 H3_NV.txt NeighborSum 20.1
0.0 -0.0030703034996872325 0.287898969 17.40392801517065 H3_NV.txt NeighborSum 20.1
0.0 -0.05766738762195661 0.368240239 20.630146448172038 H3_NV.txt NeighborSum 20.1
0.0 -0.043717940012864887 0.486555808 19.940257831042853 H3_NV.txt NeighborSum 20.1
0.0 -0.001418666450056838 0.464467007 17.4796064027769 H3_NV.txt NeighborSum 20.1
0.0 -0.019027216637308053 0.422476545 18.454389208545265 H3_NV.txt NeighborSum 20.1
0.0 -0.05936565270405608 0.382383951 20.741771705376205 H3_NV.txt NeighborSum 20.1
0.0 -0.03216157682335763 0.506631538 19.293271880890554 H3_NV.txt NeighborSum 20.1
0.0 -0.006416396673935731 0.384565318 17.690462854040558 H3_NV.txt NeighborSum 20.1
0.0 -0.049063366097238936 0.439312904 20.202779524446 H3_NV.txt NeighborSum 20.1
0.0 -0.06420860224094443 0.415290525 21.052904246285685 H3_NV.txt NeighborSum 20.1
0.0 -0.009351064082375626 0.373295355 17.848786417495887 H3_NV.txt NeighborSum 20.1
0.0 0.0029323461416985164 0.482192467 17.245855692373873 H3_NV.txt NeighborSum 20.1
0.0 -0.06668839846304092 0.403193686 21.184196348682804 H3_NV.txt NeighborSum 20.1
0.0 -0.02385220057375259 0.416671749 18.72701195006468 H3_NV.txt NeighborSum 20.1
0.0 0.04364839825153488 0.411535695 14.829488501216941 H3_NV.txt NeighborSum 20.1
0.0 0.033091298178292705 0.494932181 15.519014264573618 H3_NV.txt NeighborSum 20.1
0.0 -0.010449608119442066 0.349881488 17.889470735597964 H3_NV.txt NeighborSum 20.1
0.0 0.07841820289762441 0.349563584 12.764430098250964 H3_NV.txt NeighborSum 20.1
0.0 0.12706689027311086 0.420269957 10.027456074096273 H3_NV.txt NeighborSum 20.1
0.0 0.09877062538954096 0.373279735 11.613726542903692 H3_NV.txt NeighborSum 20.1
0.0 0.16401703610013935 0.334679664 7.813800996481714 H3_NV.txt NeighborSum 20.1
0.0 0.04482418097594967 0.240282756 14.595906702147001 H3_NV.txt NeighborSum 20.1
0.0 0.029013655962340956 0.365272282 15.628644620590837 H3_NV.txt NeighborSum 20.1
0.0 0.13196546404965387 0.562063996 9.88223133893762 H3_NV.txt NeighborSum 20.1
0.0 0.08090782784667036 0.56157671 12.826096223849262 H3_NV.txt NeighborSum 20.1
0.0 0.1679931556731418 0.46457996 7.710257850110973 H3_NV.txt NeighborSum 20.1
0.0 0.12747357195309003 0.452984855 10.035673006482986 H3_NV.txt NeighborSum 20.1
0.0 0.16760854760672203 0.380298829 7.650850325171677 H3_NV.txt NeighborSum 20.1
0.0 0.09052826193567068 0.414699532 12.129133869919348 H3_NV.txt NeighborSum 20.1
0.0 0.050291176645864605 0.379725251 14.415626461658745 H3_NV.txt NeighborSum 20.1
0.0 0.12109387318961196 0.568492374 10.515385357584721 H3_NV.txt NeighborSum 20.1
0.0 0.09985179660461202 0.511658692 11.685333750834202 H3_NV.txt NeighborSum 20.1
0.0 -0.0002422279274592598 0.394994434 17.344513262613283 H3_NV.txt NeighborSum 20.1
0.0 0.04003797446629559 0.534471882 15.156696470911944 H3_NV.txt NeighborSum 20.1
0.0 0.10047033697298935 0.616079463 11.750746902028629 H3_NV.txt NeighborSum 20.1
0.0 0.031576907687438704 0.45229618 15.565071558750095 H3_NV.txt NeighborSum 20.1
0.0 -0.010563730341252575 0.457767935 18.000489160668355 H3_NV.txt NeighborSum 20.1
0.0 0.06079284852380942 0.599357063 14.022637641431013 H3_NV.txt NeighborSum 20.1
0.0 0.09218280585468186 0.583571932 12.197195016672259 H3_NV.txt NeighborSum 20.1
0.0 0.010201904140682283 0.477452749 16.822054486483285 H3_NV.txt NeighborSum 20.1
0.0 0.038884951871600515 0.58835187 15.275345192137372 H3_NV.txt NeighborSum 20.1
0.0 0.11119567644618139 0.510262173 11.029815273452888 H3_NV.txt NeighborSum 20.1
0.0 0.08210678462594267 0.436412063 12.635792910892802 H3_NV.txt NeighborSum 20.1
0.0 0.03479337849634101 0.455058025 15.382261145411544 H3_NV.txt NeighborSum 20.1
0.0 0.09352205954269108 0.605456103 12.141148922470716 H3_NV.txt NeighborSum 20.1
0.0 0.17027717752537036 0.327122072 7.445481947434462 H3_NV.txt NeighborSum 20.1
0.0 0.15371341622278395 0.504854588 8.572713493929415 H3_NV.txt NeighborSum 20.1
0.0 0.18506865975169806 0.436321724 6.698211304150174 H3_NV.txt NeighborSum 20.1
0.0 0.20114972303663708 0.477707583 5.8109286884725275 H3_NV.txt NeighborSum 20.1
0.0 0.2052459437876618 0.381706553 5.481780352022113 H3_NV.txt NeighborSum 20.1
0.0 0.10284425361026234 0.267033665 11.27596353908053 H3_NV.txt NeighborSum 20.1
0.0 0.1692800609847322 0.477258311 7.6483190129501955 H3_NV.txt NeighborSum 20.1
0.0 0.10019703230188381 0.437279676 11.593423931598904 H3_NV.txt NeighborSum 20.1
0.0 0.17381310767999653 0.617598402 7.522765632834523 H3_NV.txt NeighborSum 20.1
0.0 0.0845790254106216 0.4937018 12.548684601254358 H3_NV.txt NeighborSum 20.1
0.0 0.13140235561303548 0.594920348 9.946510011585158 H3_NV.txt NeighborSum 20.1
0.0 0.08892939758666835 0.512895651 12.316392268611496 H3_NV.txt NeighborSum 20.1
0.0 0.07773815464212905 0.41149199 12.863594958746818 H3_NV.txt NeighborSum 20.1
0.0 0.04898241613753873 0.566663894 14.672060916400609 H3_NV.txt NeighborSum 20.1
0.0 0.15204650125823843 0.573623731 8.73540995800276 H3_NV.txt NeighborSum 20.1
0.0 0.17540597004647046 0.498945978 7.316051027213744 H3_NV.txt NeighborSum 20.1
0.0 0.17223634837193885 0.420739764 7.423127361225949 H3_NV.txt NeighborSum 20.1
0.0 0.0753712301316675 0.383610335 12.973097917304075 H3_NV.txt NeighborSum 20.1
0.0 0.0794046710548866 0.566483721 12.917528780691272 H3_NV.txt NeighborSum 20.1
0.0 0.14375108796544186 0.465709462 9.109316607245296 H3_NV.txt NeighborSum 20.1
0.0 0.09774766187879877 0.394561194 11.693318794077461 H3_NV.txt NeighborSum 20.1
0.0 0.016391559889447127 0.543240415 16.528800560309858 H3_NV.txt NeighborSum 20.1
0.0 0.10769097912940281 0.618551087 11.336747319545545 H3_NV.txt NeighborSum 20.1
0.0 0.15884766504922376 0.593738037 8.36267905111099 H3_NV.txt NeighborSum 20.1
0.0 0.17273830667950957 0.564438746 7.533285938538451 H3_NV.txt NeighborSum 20.1
0.0 0.17832314417487888 0.547516672 7.19484448461128 H3_NV.txt NeighborSum 20.1
0.0 0.09824668260282882 0.42045763 11.689610340534689 H3_NV.txt NeighborSum 20.1
0.0 0.0806724613034881 0.475436489 12.75628274459217 H3_NV.txt NeighborSum 20.1
0.0 0.14314632625687293 0.598960413 9.273182308112345 H3_NV.txt NeighborSum 20.1
0.0 0.11861419808257481 0.55870095 10.648902187190343 H3_NV.txt NeighborSum 20.1
0.0 0.02011714937393938 0.437388659 16.2114895861367 H3_NV.txt NeighborSum 20.1
0.0 0.07016239985635944 0.583953198 13.46741307193228 H3_NV.txt NeighborSum 20.1
0.0 0.12467518202078828 0.606864247 10.346007444990603 H3_NV.txt NeighborSum 20.1
0.0 0.05565409995140924 0.444806271 14.169363593938353 H3_NV.txt NeighborSum 20.1
0.0 0.0014949409870665398 0.450382689 17.297953591112822 H3_NV.txt NeighborSum 20.1
0.0 0.10762128908866683 0.604359704 11.327028440970278 H3_NV.txt NeighborSum 20.1
0.0 0.10566358902717829 0.571118742 11.407744714719502 H3_NV.txt NeighborSum 20.1
0.0 0.004580960603930206 0.434192912 17.104320152096143 H3_NV.txt NeighborSum 20.1
0.0 0.04567795623036705 0.577173467 14.87279252453543 H3_NV.txt NeighborSum 20.1
0.0 0.11552290572226759 0.638266368 10.904189228935495 H3_NV.txt NeighborSum 20.1
0.0 0.07915353545062817 0.500572512 12.868206950872267 H3_NV.txt NeighborSum 20.1
0.0 -0.007440111889719381 0.439313535 17.802495289033168 H3_NV.txt NeighborSum 20.1
0.0 0.07986328779346674 0.593647392 12.917377022380517 H3_NV.txt NeighborSum 20.1
0.0 0.12631674536381296 0.622521708 10.266500440414799 H3_NV.txt NeighborSum 20.1
0.0 0.03444639260200544 0.482879744 15.42920301960828 H3_NV.txt NeighborSum 20.1
0.0 0.026550110967806795 0.514298648 15.914971706910372 H3_NV.txt NeighborSum 20.1
0.0 0.1232801880457195 0.637086279 10.4557082924058 H3_NV.txt NeighborSum 20.1
0.0 0.09814313846654293 0.581951777 11.851912637140817 H3_NV.txt NeighborSum 20.1
0.0 0.004207709656488479 0.460665884 17.151471023050217 H3_NV.txt NeighborSum 20.1
0.0 0.08884579228695152 0.591731843 12.397529350150311 H3_NV.txt NeighborSum 20.1
0.0 0.1273346044988972 0.633192194 10.218132993304542 H3_NV.txt NeighborSum 20.1
0.0 0.03831567184210066 0.456087844 15.180138234860827 H3_NV.txt NeighborSum 20.1
0.0 0.02485760448180757 0.490030666 15.989081200504137 H3_NV.txt NeighborSum 20.1
0.0 0.1113273536774369 0.614803357 11.123420885373394 H3_NV.txt NeighborSum 20.1
0.0 0.07946591008240406 0.544333849 12.892555567708147 H3_NV.txt NeighborSum 20.1
0.0 -0.011826701046068533 0.412356109 18.029360767636124 H3_NV.txt NeighborSum 20.1
0.0 0.03481909724790838 0.566876072 15.489021280209876 H3_NV.txt NeighborSum 20.1
0.0 0.0722031253117777 0.635124982 13.399266558223454 H3_NV.txt NeighborSum 20.1
0.0 -0.004085522801505814 0.491812211 17.65986677872931 H3_NV.txt NeighborSum 20.1
0.0 -0.046754880920960806 0.425811019 20.056586062218585 H3_NV.txt NeighborSum 20.1
0.0 0.04511764302402138 0.586719497 14.91434490720103 H3_NV.txt NeighborSum 20.1
0.0 0.021175384214204118 0.551305233 16.260739136542966 H3_NV.txt NeighborSum 20.1
0.0 -0.06364996402920148 0.449131647 21.053448532540727 H3_NV.txt NeighborSum 20.1
0.0 -0.02771409206789005 0.498811407 19.02922901224529 H3_NV.txt NeighborSum 20.1
0.0 0.04615407440753469 0.521583404 14.791523391417623 H3_NV.txt NeighborSum 20.1
0.0 -0.025794126629221092 0.378793401 18.80232945538586 H3_NV.txt NeighborSum 20.1
0.0 -0.06760230262675088 0.464461998 21.296207968009412 H3_NV.txt NeighborSum 20.1
0.0 -0.008675452718920729 0.536047447 17.967374945543114 H3_NV.txt NeighborSum 20.1
0.0 0.010169566616650416 0.307794794 16.65968525324308 H3_NV.txt NeighborSum 20.1
0.0 -0.04405453286670191 0.422469544 19.897630659578407 H3_NV.txt NeighborSum 20.1
0.0 -0.042785764678134275 0.553563832 19.95136794774294 H3_NV.txt NeighborSum 20.1
0.0 0.0027532675432321296 0.455904878 17.230735421193504 H3_NV.txt NeighborSum 20.1
0.0 -0.0036640523664968616 0.407145028 17.553601479776884 H3_NV.txt NeighborSum 20.1
0.0 -0.049951877093425634 0.470765546 20.284464326481906 H3_NV.txt NeighborSum 20.1
0.0 -0.027693259682694815 0.491412183 19.020864999845053 H3_NV.txt NeighborSum 20.1
0.0 0.007542398179667065 0.385400415 16.88631055525299 H3_NV.txt NeighborSum 20.1
0.0 -0.037441700077741835 0.437332735 19.53067698305091 H3_NV.txt NeighborSum 20.1
0.0 -0.05846157500500776 0.49708766 20.80067299374134 H3_NV.txt NeighborSum 20.1
0.0 -0.012058676432484261 0.361690652 17.993692376741507 H3_NV.txt NeighborSum 20.1
0.0 0.013958934261057598 0.413983088 16.54395757922136 H3_NV.txt NeighborSum 20.1
0.0 -0.05828412184540166 0.456874455 20.751512216365146 H3_NV.txt NeighborSum 20.1
0.0 -0.02587018888141157 0.4428872 18.868760469704625 H3_NV.txt NeighborSum 20.1
0.0 0.04376629196218579 0.46636381 14.875765209927387 H3_NV.txt NeighborSum 20.1
0.0 0.024354808418525054 0.450734477 15.98003599950781 H3_NV.txt NeighborSum 20.1
0.0 -0.013148107448890056 0.427269469 18.11999878832419 H3_NV.txt NeighborSum 20.1
0.0 0.07056071173316389 0.393047444 13.259641101462947 H3_NV.txt NeighborSum 20.1
0.0 0.11463973750396331 0.463939507 10.786365138370416 H3_NV.txt NeighborSum 20.1
0.0 0.08961235835108308 0.485260775 12.250256628338565 H3_NV.txt NeighborSum 20.1
0.0 0.15504692836822945 0.414461947 8.408311142413785 H3_NV.txt NeighborSum 20.1
0.0 0.046145110909407455 0.296096304 14.573761946930071 H3_NV.txt NeighborSum 20.1
0.0 0.03294940289326587 0.48675974 15.519285758145585 H3_NV.txt NeighborSum 20.1
0.0 0.13233470151994056 0.56537855 9.864147140148274 H3_NV.txt NeighborSum 20.1
0.0 0.0731651711833606 0.560533917 13.271581926516813 H3_NV.txt NeighborSum 20.1
0.0 0.1696067165784319 0.460823665 7.61357255609026 H3_NV.txt NeighborSum 20.1
0.0 0.13036260773946468 0.470468653 9.885996058569852 H3_NV.txt NeighborSum 20.1
0.0 0.1760344162310456 0.419822546 7.203216593253722 H3_NV.txt NeighborSum 20.1
0.0 0.1104058960423058 0.361532806 10.931384944746084 H3_NV.txt NeighborSum 20.1
0.0 0.043902650952207384 0.388813265 14.792830530813427 H3_NV.txt NeighborSum 20.1
0.0 0.1149754137004016 0.582008488 10.88130207559809 H3_NV.txt NeighborSum 20.1
0.0 0.09752102631064594 0.513791627 11.821806839232064 H3_NV.txt NeighborSum 20.1
0.0 -0.006184519992561643 0.392317454 17.684595542567255 H3_NV.txt NeighborSum 20.1
0.0 0.033347885755830475 0.534449489 15.542471600365774 H3_NV.txt NeighborSum 20.1
0.0 0.10206159444964788 0.621989157 11.664704748121785 H3_NV.txt NeighborSum 20.1
0.0 0.035686694953375286 0.462519736 15.337969499500645 H3_NV.txt NeighborSum 20.1
0.0 -0.016131589879853914 0.431765031 18.296398869418084 H3_NV.txt NeighborSum 20.1
0.0 0.06211575609641673 0.594060732 13.94122262823536 H3_NV.txt NeighborSum 20.1
0.0 0.09244433108316993 0.578834163 12.17752735851747 H3_NV.txt NeighborSum 20.1
0.0 -0.0003059905329412249 0.44943011 17.400885638630424 H3_NV.txt NeighborSum 20.1
0.0 0.034499570375276234 0.579266 15.519441236165763 H3_NV.txt NeighborSum 20.1
0.0 0.10217736539167227 0.520739632 11.560015987934838 H3_NV.txt NeighborSum 20.1
0.0 0.061722740422953226 0.365010035 13.742158619773008 H3_NV.txt NeighborSum 20.1
0.0 0.016824330574123247 0.407446563 16.372391446776728 H3_NV.txt NeighborSum 20.1
0.0 0.07769191459182914 0.612620955 13.060960409432335 H3_NV.txt NeighborSum 20.1
0.0 0.1533572918486404 0.392259914 8.484255035086347 H3_NV.txt NeighborSum 20.1
0.0 0.1522045344072731 0.556167087 8.709398113055324 H3_NV.txt NeighborSum 20.1
0.0 0.185759667659999 0.380062688 6.603902556099411 H3_NV.txt NeighborSum 20.1
0.0 0.20110453737204945 0.439272669 5.776328245774718 H3_NV.txt NeighborSum 20.1
0.0 0.223964312561409 0.414991602 4.434570623826643 H3_NV.txt NeighborSum 20.1
0.0 0.13485516934021838 0.314603852 9.4760420229385 H3_NV.txt NeighborSum 20.1
0.0 0.1714514230406063 0.493516488 7.538841659974551 H3_NV.txt NeighborSum 20.1
0.0 0.0890582574447095 0.364622847 12.165428752759217 H3_NV.txt NeighborSum 20.1
0.0 0.1659168450275363 0.601322518 7.962363226269038 H3_NV.txt NeighborSum 20.1
0.0 0.08753808111709549 0.487016267 12.371573175860654 H3_NV.txt NeighborSum 20.1
0.0 0.1267139685964953 0.57918101 10.201638692002348 H3_NV.txt NeighborSum 20.1
0.0 0.09846644339614805 0.502247853 11.756112825505273 H3_NV.txt NeighborSum 20.1
0.0 0.08404156130246415 0.432441566 12.520376738853923 H3_NV.txt NeighborSum 20.1
0.0 0.058497684210041784 0.584495518 14.140606271310029 H3_NV.txt NeighborSum 20.1
0.0 0.15623188183430206 0.57182225 8.492308065428341 H3_NV.txt NeighborSum 20.1
0.0 0.18309638842764947 0.496861171 6.870550133831051 H3_NV.txt NeighborSum 20.1
0.0 0.16885123104591696 0.389021693 7.5876325959524875 H3_NV.txt NeighborSum 20.1
0.0 0.0777893436983974 0.391918259 12.841695079153824 H3_NV.txt NeighborSum 20.1
0.0 0.09085856754469007 0.520932103 12.21292250902617 H3_NV.txt NeighborSum 20.1
0.0 0.15418948413888003 0.468353003 8.50992548402275 H3_NV.txt NeighborSum 20.1
0.0 0.09593319646626097 0.392518945 11.795976465923676 H3_NV.txt NeighborSum 20.1
0.0 0.022791445215013584 0.3525717 15.97516579832908 H3_NV.txt NeighborSum 20.1
0.0 0.13137845761397252 0.641637324 9.99311158319091 H3_NV.txt NeighborSum 20.1
1.0 0.16892163866265686 0.69905717 7.883696136937573 H3_NV.txt NeighborSum 20.1
1.0 0.18579377086226548 0.647833971 6.861146641039995 H3_NV.txt NeighborSum 20.1
0.0 0.11566991990071604 0.483448964 10.745843438344098 H3_NV.txt NeighborSum 20.1
0.0 0.09093718323962366 0.428008725 12.118436339937452 H3_NV.txt NeighborSum 20.1
1.0 0.14943701975507115 0.579302426 8.891387866307582 H3_NV.txt NeighborSum 20.1
1.0 0.15171089072454158 0.595265533 8.775713503375728 H3_NV.txt NeighborSum 20.1
0.0 0.06959318516711993 0.501678063 13.42059310711568 H3_NV.txt NeighborSum 20.1
1.0 0.0797407920817203 0.476626621 12.811161322346601 H3_NV.txt NeighborSum 20.1
1.0 0.1444063579671448 0.679766952 9.278743338040176 H3_NV.txt NeighborSum 20.1
1.0 0.14491124544366923 0.627926417 9.199444824715387 H3_NV.txt NeighborSum 20.1
0.0 0.04529397455851414 0.451696998 14.773470542541665 H3_NV.txt NeighborSum 20.1
1.0 0.11226673976496288 0.546161722 11.00280220203001 H3_NV.txt NeighborSum 20.1
1.0 0.16231253018868796 0.630650387 8.198603225036873 H3_NV.txt NeighborSum 20.1
0.0 0.08326082738124044 0.504267199 12.634928647001178 H3_NV.txt NeighborSum 20.1
0.0 0.07724252623944508 0.481973491 12.960404549447384 H3_NV.txt NeighborSum 20.1
1.0 0.1566018869683738 0.630753393 8.528018140367042 H3_NV.txt NeighborSum 20.1
0.0 0.1746225536477965 0.78011504 7.633408404934972 H3_NV.txt NeighborSum 20.1
1.0 0.1811945964843099 0.730994594 7.206868860909486 H3_NV.txt NeighborSum 20.1
1.0 0.15687665784658128 0.749115592 8.626751143577456 H3_NV.txt NeighborSum 20.1
1.0 0.13612545000863388 0.578004096 9.657768263422573 H3_NV.txt NeighborSum 20.1
0.0 0.19847504100470945 0.74782007 6.2266464296069115 H3_NV.txt NeighborSum 20.1
0.0 0.12448322070320236 0.623264499 10.372953203450372 H3_NV.txt NeighborSum 20.1
0.0 0.20203719430162548 0.657316866 5.933618180068541 H3_NV.txt NeighborSum 20.1
0.0 0.15488908644013377 0.666177814 8.661081982783486 H3_NV.txt NeighborSum 20.1
0.0 0.10591184734911557 0.666824629 11.486074619199911 H3_NV.txt NeighborSum 20.1
0.0 0.029994874142898753 0.363254491 15.570107508044538 H3_NV.txt NeighborSum 20.1
0.0 0.10907805980649352 0.403111979 11.048207068669191 H3_NV.txt NeighborSum 20.1
0.0 0.11264218007406979 0.435621943 10.87414586214366 H3_NV.txt NeighborSum 20.1
0.0 0.1816149993179775 0.511120366 6.969780612851323 H3_NV.txt NeighborSum 20.1
0.0 0.1536461928211661 0.565670623 8.635461824143428 H3_NV.txt NeighborSum 20.1
0.0 0.2279207866135613 0.570654191 4.357099053974124 H3_NV.txt NeighborSum 20.1
0.0 0.2140924902187327 0.640544341 5.2221900897080005 H3_NV.txt NeighborSum 20.1
0.0 0.1870970338926033 0.639236861 6.777669214042304 H3_NV.txt NeighborSum 20.1
0.0 0.15582926955001794 0.6397586 8.581289919875282 H3_NV.txt NeighborSum 20.1
0.0 0.15597124698058565 0.596440879 8.531169652996661 H3_NV.txt NeighborSum 20.1
0.0 0.10016163475500933 0.541202652 11.69606578721957 H3_NV.txt NeighborSum 20.1
0.0 0.06576269037830318 0.429522132 13.571636814934374 H3_NV.txt NeighborSum 20.1
0.0 0.09174070835281115 0.493951519 12.135934143695064 H3_NV.txt NeighborSum 20.1
0.0 0.07144997300080819 0.602264421 13.410888513598774 H3_NV.txt NeighborSum 20.1
0.0 -0.007830290372076165 0.447345866 17.832771219805263 H3_NV.txt NeighborSum 20.1
0.0 0.014608386444309673 0.382127 16.47566801454017 H3_NV.txt NeighborSum 20.1
0.0 0.054317302077324964 0.544771566 14.343222042288174 H3_NV.txt NeighborSum 20.1
0.0 -0.0038091245555330056 0.423177569 17.577487331254712 H3_NV.txt NeighborSum 20.1
0.0 -0.04210168079582233 0.403076121 19.766242275769116 H3_NV.txt NeighborSum 20.1
0.0 0.03299162236260722 0.531204229 15.559874702789212 H3_NV.txt NeighborSum 20.1
0.0 0.050292879600705775 0.530667803 14.561645219220654 H3_NV.txt NeighborSum 20.1
0.0 -0.018709948671350618 0.437249809 18.450394309288082 H3_NV.txt NeighborSum 20.1
0.0 -0.001999344087610655 0.46735749 17.515890368392718 H3_NV.txt NeighborSum 20.1
0.0 0.08408486865904036 0.624816382 12.704103985086512 H3_NV.txt NeighborSum 20.1
0.0 0.04602128715809237 0.489040682 14.767678482558953 H3_NV.txt NeighborSum 20.1
0.0 -0.011162107863053716 0.449105671 18.02661041510489 H3_NV.txt NeighborSum 20.1
0.0 0.03671843816825687 0.469638647 15.285363368117965 H3_NV.txt NeighborSum 20.1
0.0 0.10032219668799039 0.603729944 11.747334987501437 H3_NV.txt NeighborSum 20.1
0.0 0.022686130843384278 0.500263238 16.124208835421836 H3_NV.txt NeighborSum 20.1
0.0 0.003701777523309857 0.439325834 17.15998875590829 H3_NV.txt NeighborSum 20.1
0.0 0.09036783452181485 0.579146798 12.297575158538232 H3_NV.txt NeighborSum 20.1
0.0 0.08463946839624256 0.606546749 12.654436368682061 H3_NV.txt NeighborSum 20.1
0.0 0.004198137295829685 0.481717532 17.17240166442671 H3_NV.txt NeighborSum 20.1
0.0 0.020732962886748196 0.421130542 16.160239168275123 H3_NV.txt NeighborSum 20.1
0.0 0.10088236143957033 0.571915455 11.684234623039245 H3_NV.txt NeighborSum 20.1
0.0 0.05314807556456702 0.551696943 14.417351708054275 H3_NV.txt NeighborSum 20.1
0.0 -0.0021295664878524523 0.439234554 17.496176039285746 H3_NV.txt NeighborSum 20.1
0.0 0.038498871597127726 0.460810882 15.17414571317458 H3_NV.txt NeighborSum 20.1
0.0 0.10385932808297793 0.614625217 11.553906470614777 H3_NV.txt NeighborSum 20.1
0.0 0.03397108310865676 0.509948747 15.482816268564099 H3_NV.txt NeighborSum 20.1
0.0 0.01048636175978257 0.454936861 16.783854630394064 H3_NV.txt NeighborSum 20.1
0.0 0.06900090662426034 0.499189536 13.45233901661639 H3_NV.txt NeighborSum 20.1
0.0 0.10027138093635829 0.602191007 11.74877563773227 H3_NV.txt NeighborSum 20.1
0.0 0.029256427110490535 0.518546851 15.763019181157867 H3_NV.txt NeighborSum 20.1
0.0 0.035098289028115015 0.457961345 15.367488396035256 H3_NV.txt NeighborSum 20.1
0.0 0.09413969653585191 0.525460049 12.028093096757063 H3_NV.txt NeighborSum 20.1
0.0 0.07207667693798009 0.603318369 13.375768681739288 H3_NV.txt NeighborSum 20.1
0.0 0.03673897754245836 0.549756481 15.361735415409566 H3_NV.txt NeighborSum 20.1
0.0 0.07605243638523199 0.580807725 13.12470789693467 H3_NV.txt NeighborSum 20.1
0.0 0.10067187675870853 0.634181451 11.75664799605987 H3_NV.txt NeighborSum 20.1
0.0 0.05137406416880133 0.619746482 14.58552749493096 H3_NV.txt NeighborSum 20.1
0.0 0.06438397143785124 0.62398496 13.839389195898606 H3_NV.txt NeighborSum 20.1
0.0 0.08982108343534756 0.628880946 12.377248770874887 H3_NV.txt NeighborSum 20.1
0.0 0.06732486333309148 0.579603666 13.626834583256933 H3_NV.txt NeighborSum 20.1
0.0 0.044309832351223793 0.575833243 14.95039063660437 H3_NV.txt NeighborSum 20.1
0.0 0.09051224792143159 0.620360106 12.329143012973555 H3_NV.txt NeighborSum 20.1
0.0 0.06730376684941763 0.541796192 13.591452372626952 H3_NV.txt NeighborSum 20.1
0.0 0.03973548407375904 0.460142172 15.102186749602888 H3_NV.txt NeighborSum 20.1
0.0 0.07553856115588756 0.563614512 13.137697947484698 H3_NV.txt NeighborSum 20.1
0.0 0.0974049433253609 0.501806143 11.816898675890576 H3_NV.txt NeighborSum 20.1
0.0 0.07030859642726203 0.560343008 13.43612698709033 H3_NV.txt NeighborSum 20.1
0.0 0.0948294602184542 0.413718163 11.880147020238086 H3_NV.txt NeighborSum 20.1
0.0 0.1143064238069603 0.251239882 10.599686633740506 H3_NV.txt NeighborSum 20.1
0.0 0.12229886050499361 0.607399108 10.483560347996352 H3_NV.txt NeighborSum 20.1
0.0 0.08206249370811064 0.541983715 12.740543588118957 H3_NV.txt NeighborSum 20.1
0.0 0.10086366338698974 0.33415347 11.455152079886672 H3_NV.txt NeighborSum 20.1
0.0 0.05681968337289944 0.462233314 14.119017894110428 H3_NV.txt NeighborSum 20.1
0.0 0.12540526255250586 0.254434063 9.96274285812944 H3_NV.txt NeighborSum 20.1
0.0 0.08036588625814317 0.316120234 12.619739023199092 H3_NV.txt NeighborSum 20.1
0.0 0.16895361140989845 0.261316096 7.458105750216509 H3_NV.txt NeighborSum 20.1
0.0 0.09662764147449471 0.335489908 11.70072412662012 H3_NV.txt NeighborSum 20.1
0.0 0.13971929735455663 0.502324198 9.377261724854838 H3_NV.txt NeighborSum 20.1
0.0 0.07116462458792655 0.403206386 13.234649471058361 H3_NV.txt NeighborSum 20.1
0.0 0.13749567358488796 0.541336978 9.543256810158452 H3_NV.txt NeighborSum 20.1
0.0 0.11074413436030806 0.614300241 11.156566315211274 H3_NV.txt NeighborSum 20.1
0.0 0.16482724804353277 0.590431103 8.014653708169075 H3_NV.txt NeighborSum 20.1
0.0 0.17339080817790622 0.661403561 7.58952306476867 H3_NV.txt NeighborSum 20.1
0.0 0.2018536077567814 0.583158969 5.872417960343743 H3_NV.txt NeighborSum 20.1
0.0 0.14316781901494302 0.69259174 9.362580847181441 H3_NV.txt NeighborSum 20.1
0.0 0.19857682821111988 0.616167129 6.093332640901109 H3_NV.txt NeighborSum 20.1
0.0 0.20563774323978767 0.548487042 5.620635048987825 H3_NV.txt NeighborSum 20.1
0.0 0.2040299104923049 0.508037714 5.674197635936117 H3_NV.txt NeighborSum 20.1
0.0 0.15029054596571775 0.50698248 8.772159741117466 H3_NV.txt NeighborSum 20.1
0.0 0.14785574527732345 0.591047054 8.993944249788406 H3_NV.txt NeighborSum 20.1
0.0 0.19227106907056873 0.53873164 6.3820064465873765 H3_NV.txt NeighborSum 20.1
0.0 0.17042934256563286 0.452514967 7.558091178278484 H3_NV.txt NeighborSum 20.1
0.0 0.09454655623926358 0.295413638 11.781938858085365 H3_NV.txt NeighborSum 20.1
1.0 0.16672396789959942 0.681401239 7.993337563806497 H3_NV.txt NeighborSum 20.1
1.0 0.1695801922111121 0.702726693 7.849271591925018 H3_NV.txt NeighborSum 20.1
1.0 0.18434103244853306 0.643291799 6.940524630019645 H3_NV.txt NeighborSum 20.1
0.0 0.11349240667182875 0.479991183 10.868066681513865 H3_NV.txt NeighborSum 20.1
0.0 0.09164656283685996 0.425444972 12.075046813319084 H3_NV.txt NeighborSum 20.1
1.0 0.15080863197568983 0.583190318 8.816054812113535 H3_NV.txt NeighborSum 20.1
1.0 0.15214073686914703 0.591967233 8.747732746102258 H3_NV.txt NeighborSum 20.1
0.0 0.0700337915923192 0.48401853 13.37808972912577 H3_NV.txt NeighborSum 20.1
1.0 0.08031908420944106 0.474846113 12.776089411150348 H3_NV.txt NeighborSum 20.1
1.0 0.14579339608358416 0.681350678 9.200290217483863 H3_NV.txt NeighborSum 20.1
1.0 0.14762505943062526 0.631045646 9.045967040357784 H3_NV.txt NeighborSum 20.1
0.0 0.04769541385821738 0.434100289 14.61795278872306 H3_NV.txt NeighborSum 20.1
1.0 0.11414502761419765 0.544192875 10.892581224463378 H3_NV.txt NeighborSum 20.1
1.0 0.1661664757487283 0.632829896 7.97846788770996 H3_NV.txt NeighborSum 20.1
0.0 0.08801115983732116 0.436773712 12.295655868557871 H3_NV.txt NeighborSum 20.1
0.0 0.07929689464077683 0.487119349 12.846916798785252 H3_NV.txt NeighborSum 20.1
1.0 0.1579273064666589 0.627322263 8.448263843212475 H3_NV.txt NeighborSum 20.1
0.0 0.17698926272008828 0.78332428 7.500034225094439 H3_NV.txt NeighborSum 20.1
1.0 0.18850429182307127 0.739252699 6.793335344591195 H3_NV.txt NeighborSum 20.1
1.0 0.1554764827622901 0.703406116 8.663246770225516 H3_NV.txt NeighborSum 20.1
1.0 0.14819847162868227 0.540255779 8.92501278445851 H3_NV.txt NeighborSum 20.1
0.0 0.20373153989738316 0.748905845 5.924571394633215 H3_NV.txt NeighborSum 20.1
0.0 0.12311648202174433 0.553238002 10.383981042967141 H3_NV.txt NeighborSum 20.1
0.0 0.2020247074454543 0.644745921 5.922169203118537 H3_NV.txt NeighborSum 20.1
0.0 0.13210657852071686 0.273106697 9.594374285429616 H3_NV.txt NeighborSum 20.1
0.0 0.1062555495201786 0.612915315 11.41406852517009 H3_NV.txt NeighborSum 20.1
0.0 0.032628438438503826 0.588790597 15.636563749135485 H3_NV.txt NeighborSum 20.1
0.0 0.10520501089422041 0.562892802 11.426226543911465 H3_NV.txt NeighborSum 20.1
0.0 0.10799977291142876 0.463587352 11.168930544751678 H3_NV.txt NeighborSum 20.1
0.0 0.17609040207306448 0.514859204 7.291986425399607 H3_NV.txt NeighborSum 20.1
0.0 0.14563742052213197 0.565636186 9.097269714878447 H3_NV.txt NeighborSum 20.1
0.0 0.22437008174889617 0.571814993 4.562980956768334 H3_NV.txt NeighborSum 20.1
0.0 0.21174681547028376 0.640120458 5.35704759482271 H3_NV.txt NeighborSum 20.1
0.0 0.18405121403583943 0.640861635 6.954885092718912 H3_NV.txt NeighborSum 20.1
0.0 0.14882273832960008 0.619450974 8.965676594156111 H3_NV.txt NeighborSum 20.1
0.0 0.15669877667319335 0.591459914 8.484393531868395 H3_NV.txt NeighborSum 20.1
0.0 0.1024253685893502 0.528581312 11.553305391249268 H3_NV.txt NeighborSum 20.1
0.0 0.05741873314252105 0.328057281 13.954586075773703 H3_NV.txt NeighborSum 20.1
0.0 0.08427551437210634 0.484794605 12.557564713334722 H3_NV.txt NeighborSum 20.1
0.0 0.07125256127347934 0.603275949 13.423251829509262 H3_NV.txt NeighborSum 20.1
0.0 -0.009343699034039976 0.420346607 17.893908734758337 H3_NV.txt NeighborSum 20.1
0.0 0.006989702348750015 0.3953137 16.92777918130612 H3_NV.txt NeighborSum 20.1
0.0 0.050262875387257794 0.554881606 14.586815164413231 H3_NV.txt NeighborSum 20.1
0.0 -0.0026338618654233037 0.424243444 17.510745351691533 H3_NV.txt NeighborSum 20.1
0.0 -0.04479994492763284 0.398735687 19.917641184458184 H3_NV.txt NeighborSum 20.1
0.0 0.02859506734343248 0.569476161 15.850458876054788 H3_NV.txt NeighborSum 20.1
0.0 0.05137231802873324 0.53272905 14.501392679898558 H3_NV.txt NeighborSum 20.1
0.0 -0.016191407688071813 0.40001798 18.269116271297825 H3_NV.txt NeighborSum 20.1
0.0 -0.007141403989375017 0.483434805 17.827980450213982 H3_NV.txt NeighborSum 20.1
0.0 0.08201483125985504 0.632002374 12.830432922862661 H3_NV.txt NeighborSum 20.1
0.0 0.04435691055109309 0.476373758 14.851395988176213 H3_NV.txt NeighborSum 20.1
0.0 -0.01531954688890702 0.396911669 18.215831741725445 H3_NV.txt NeighborSum 20.1
0.0 0.039511623589774114 0.554862987 15.20678871168996 H3_NV.txt NeighborSum 20.1
0.0 0.0982785468681463 0.611772961 11.872971861021632 H3_NV.txt NeighborSum 20.1
0.0 0.019131072817115347 0.493207108 16.322387532604754 H3_NV.txt NeighborSum 20.1
0.0 0.005220021240887385 0.45682828 17.089379215592103 H3_NV.txt NeighborSum 20.1
0.0 0.09026964009151739 0.593139238 12.316782834526768 H3_NV.txt NeighborSum 20.1
0.0 0.08417128866657672 0.61215617 12.68686494083784 H3_NV.txt NeighborSum 20.1
0.0 0.0023652830614714904 0.449198465 17.24661728014634 H3_NV.txt NeighborSum 20.1
0.0 0.024613962181318505 0.476781449 15.990305658096437 H3_NV.txt NeighborSum 20.1
0.0 0.10096719319257944 0.57104252 11.678497609657144 H3_NV.txt NeighborSum 20.1
0.0 0.0551354226328406 0.559444308 14.310247208768994 H3_NV.txt NeighborSum 20.1
0.0 -0.0013635162063151962 0.431092985 17.44411899406702 H3_NV.txt NeighborSum 20.1
0.0 0.04016692701219643 0.486794408 15.10310693606609 H3_NV.txt NeighborSum 20.1
0.0 0.10484164427560008 0.616720799 11.49928790873521 H3_NV.txt NeighborSum 20.1
0.0 0.0356507640910102 0.516754622 15.392542533829195 H3_NV.txt NeighborSum 20.1
0.0 0.012622186130955337 0.48347495 16.688313952938824 H3_NV.txt NeighborSum 20.1
0.0 0.06853718949592172 0.502018272 13.481818457006334 H3_NV.txt NeighborSum 20.1
0.0 0.1011349007504807 0.607116558 11.703747192737932 H3_NV.txt NeighborSum 20.1
0.0 0.029966390548668453 0.51091208 15.71468708722815 H3_NV.txt NeighborSum 20.1
0.0 0.035923482021528064 0.463566869 15.325328375179646 H3_NV.txt NeighborSum 20.1
0.0 0.09429365406153892 0.524189417 12.017984830271846 H3_NV.txt NeighborSum 20.1
0.0 0.07528945808965518 0.604079564 13.19123434977585 H3_NV.txt NeighborSum 20.1
0.0 0.03925528790009242 0.559590165 15.226146852719836 H3_NV.txt NeighborSum 20.1
0.0 0.07711600442635821 0.57830857 13.060955946684613 H3_NV.txt NeighborSum 20.1
0.0 0.10364002002774295 0.63108996 11.582491660432009 H3_NV.txt NeighborSum 20.1
0.0 0.055352262836689176 0.620732659 14.357071682129773 H3_NV.txt NeighborSum 20.1
0.0 0.06785050710126281 0.626154719 13.641585155566476 H3_NV.txt NeighborSum 20.1
0.0 0.09215006640769285 0.626778819 12.240908574885943 H3_NV.txt NeighborSum 20.1
0.0 0.06979781998329376 0.582491601 13.487022399931917 H3_NV.txt NeighborSum 20.1
0.0 0.043933504012588026 0.493538359 14.892428392520841 H3_NV.txt NeighborSum 20.1
0.0 0.09035391095770756 0.566932433 12.286554212348246 H3_NV.txt NeighborSum 20.1
0.0 0.06689653677432647 0.532304167 13.605747508879578 H3_NV.txt NeighborSum 20.1
0.0 0.03984836437324596 0.470574667 15.105776261583012 H3_NV.txt NeighborSum 20.1
0.0 0.06843933868006796 0.384658061 13.373852973546802 H3_NV.txt NeighborSum 20.1
0.0 0.09880744921229923 0.570106513 11.802137308604827 H3_NV.txt NeighborSum 20.1
0.0 0.06806392762945404 0.560870036 13.566080300835745 H3_NV.txt NeighborSum 20.1
0.0 0.10014750325442989 0.555339863 11.710565955726615 H3_NV.txt NeighborSum 20.1
0.0 0.11825805551436075 0.589182174 10.698946579946456 H3_NV.txt NeighborSum 20.1
0.0 0.11908446848028706 0.618099716 10.679282946476649 H3_NV.txt NeighborSum 20.1
0.0 0.07941034684513462 0.551274732 12.902478713387081 H3_NV.txt NeighborSum 20.1
0.0 0.0997900760948417 0.331578695 11.514570091571011 H3_NV.txt NeighborSum 20.1
0.0 0.05864462798687195 0.446294999 13.998350188495385 H3_NV.txt NeighborSum 20.1
0.0 0.13034575692810732 0.263618748 9.686730820337353 H3_NV.txt NeighborSum 20.1
0.0 0.08548046881514196 0.299687273 12.308889199105252 H3_NV.txt NeighborSum 20.1
0.0 0.17300912995767964 0.270686036 7.233306874623493 H3_NV.txt NeighborSum 20.1
0.0 0.09501661461917837 0.314576607 11.773382373723724 H3_NV.txt NeighborSum 20.1
0.0 0.1427563144984742 0.494544545 9.194595362234393 H3_NV.txt NeighborSum 20.1
0.0 0.07044190711176262 0.39965766 13.272891087273953 H3_NV.txt NeighborSum 20.1
0.0 0.13628348587364258 0.542396994 9.614186068811799 H3_NV.txt NeighborSum 20.1
0.0 0.10922025406968991 0.613470917 11.243640986382259 H3_NV.txt NeighborSum 20.1
0.0 0.16014688271300695 0.59858662 8.292450745975273 H3_NV.txt NeighborSum 20.1
0.0 0.16791354062624664 0.665551103 7.909395157559944 H3_NV.txt NeighborSum 20.1
0.0 0.20032658151040303 0.588455546 5.965604106786618 H3_NV.txt NeighborSum 20.1
0.0 0.1416352320583418 0.692138169 9.450521345241963 H3_NV.txt NeighborSum 20.1
0.0 0.19974671730613336 0.627239158 6.0365868001276795 H3_NV.txt NeighborSum 20.1
0.0 0.20967503954618702 0.543336694 5.3828309153805565 H3_NV.txt NeighborSum 20.1
0.0 0.2058226350990395 0.515838272 5.578367906892038 H3_NV.txt NeighborSum 20.1
0.0 0.14783105486915882 0.506680765 8.913698946730854 H3_NV.txt NeighborSum 20.1
0.0 0.15245567554285344 0.593593412 8.731145393506276 H3_NV.txt NeighborSum 20.1
0.0 0.1909808577394835 0.520138328 6.43841007032182 H3_NV.txt NeighborSum 20.1
0.0 0.16542238455767613 0.414910062 7.810424335318365 H3_NV.txt NeighborSum 20.1
0.0 0.08966716516086953 0.265395858 12.034260190058559 H3_NV.txt NeighborSum 20.1
1.0 0.15800628941781522 0.638151516 8.454192184607269 H3_NV.txt NeighborSum 20.1
1.0 0.1692145748887371 0.697877378 7.865661332807306 H3_NV.txt NeighborSum 20.1
1.0 0.18629489996849963 0.645221375 6.829718997201466 H3_NV.txt NeighborSum 20.1
0.0 0.11771567781999573 0.485598256 10.629951461015803 H3_NV.txt NeighborSum 20.1
0.0 0.09143754944422317 0.426966452 12.088572810508182 H3_NV.txt NeighborSum 20.1
1.0 0.1499485142919668 0.580237371 8.862796607141782 H3_NV.txt NeighborSum 20.1
1.0 0.15296276649390556 0.596306874 8.70452973388991 H3_NV.txt NeighborSum 20.1
0.0 0.07106997840489632 0.491396892 13.325478505578495 H3_NV.txt NeighborSum 20.1
1.0 0.08043380954949697 0.473003104 12.767689465681677 H3_NV.txt NeighborSum 20.1
1.0 0.14537921363577386 0.678430232 9.221347763150035 H3_NV.txt NeighborSum 20.1
1.0 0.14898994032364007 0.633521178 8.969654953836066 H3_NV.txt NeighborSum 20.1
0.0 0.047634429561327296 0.43818284 14.625421598267994 H3_NV.txt NeighborSum 20.1
1.0 0.11236867245770707 0.534843153 10.985967340069982 H3_NV.txt NeighborSum 20.1
1.0 0.1661815719153594 0.638213607 7.9828089335822545 H3_NV.txt NeighborSum 20.1
0.0 0.08909856908727759 0.451082798 12.246799955575044 H3_NV.txt NeighborSum 20.1
0.0 0.07971853597263331 0.484519631 12.820085436320378 H3_NV.txt NeighborSum 20.1
1.0 0.15799057416177328 0.622449217 8.439898134025528 H3_NV.txt NeighborSum 20.1
0.0 0.17814314147875152 0.779557952 7.429847672132632 H3_NV.txt NeighborSum 20.1
1.0 0.19103831977006897 0.743506324 6.651323396995951 H3_NV.txt NeighborSum 20.1
1.0 0.15249711226893245 0.694384794 8.826324975465907 H3_NV.txt NeighborSum 20.1
1.0 0.1491437196011527 0.52869559 8.859312632742153 H3_NV.txt NeighborSum 20.1
0.0 0.2011099514477372 0.751478612 6.078240840876117 H3_NV.txt NeighborSum 20.1
0.0 0.1186178833678469 0.53634228 10.62704579843583 H3_NV.txt NeighborSum 20.1
0.0 0.2005297328172189 0.630731965 5.994813850705746 H3_NV.txt NeighborSum 20.1
0.0 0.13530283885285088 0.264601991 9.401822985443992 H3_NV.txt NeighborSum 20.1
0.0 0.10023203569398906 0.594190494 11.743299817769078 H3_NV.txt NeighborSum 20.1
0.0 0.034087533655186464 0.59198064 15.555510281090319 H3_NV.txt NeighborSum 20.1
0.0 0.11172745077711851 0.561222072 11.048480211545979 H3_NV.txt NeighborSum 20.1
0.0 0.11096726149969877 0.460188161 10.994514099627823 H3_NV.txt NeighborSum 20.1
0.0 0.1784135394237415 0.510856713 7.154143718498685 H3_NV.txt NeighborSum 20.1
0.0 0.15107809874441191 0.561971226 8.7799747699873 H3_NV.txt NeighborSum 20.1
0.0 0.22673999894113223 0.576103016 4.430466069149085 H3_NV.txt NeighborSum 20.1
0.0 0.216609428405235 0.640539814 5.07704163585741 H3_NV.txt NeighborSum 20.1
0.0 0.1908988657604271 0.624487034 6.544151002841869 H3_NV.txt NeighborSum 20.1
0.0 0.15884968117002327 0.617758974 8.385815782139762 H3_NV.txt NeighborSum 20.1
0.0 0.16300562832855997 0.524278674 8.05566335074213 H3_NV.txt NeighborSum 20.1
0.0 0.10101794616305323 0.302477381 11.415591653990743 H3_NV.txt NeighborSum 20.1
0.0 0.062483913489638526 0.283913783 13.619760485889895 H3_NV.txt NeighborSum 20.1
0.0 0.09220165608957043 0.452496357 12.069222855393734 H3_NV.txt NeighborSum 20.1
0.0 0.06913472989470307 0.362642951 13.312440611188677 H3_NV.txt NeighborSum 20.1
0.0 -0.008339674511894046 0.350578888 17.76847246859838 H3_NV.txt NeighborSum 20.1
0.0 0.012665054266377596 0.366364989 16.572475890634646 H3_NV.txt NeighborSum 20.1
0.0 0.052713144680560875 0.496147205 14.388659003552975 H3_NV.txt NeighborSum 20.1
0.0 0.0007644592184514187 0.453936809 17.343518720197466 H3_NV.txt NeighborSum 20.1
0.0 -0.041831061409092096 0.417836871 19.764925342440133 H3_NV.txt NeighborSum 20.1
0.0 0.031520758336401666 0.572445626 15.684617821377504 H3_NV.txt NeighborSum 20.1
0.0 0.04753614898183722 0.520767008 14.711033112260607 H3_NV.txt NeighborSum 20.1
0.0 -0.015855569931212232 0.457231163 18.30513363631545 H3_NV.txt NeighborSum 20.1
0.0 -0.0065104609712673955 0.514592768 17.821757761853885 H3_NV.txt NeighborSum 20.1
0.0 0.07710942349235483 0.623140719 13.10473432687593 H3_NV.txt NeighborSum 20.1
0.0 0.03938959074147641 0.502096509 15.162746421350555 H3_NV.txt NeighborSum 20.1
0.0 -0.014790380529845382 0.445056462 18.23192196565735 H3_NV.txt NeighborSum 20.1
0.0 0.03564218838492461 0.565101178 15.43983799879335 H3_NV.txt NeighborSum 20.1
0.0 0.09303437781285864 0.627676276 12.190781825901125 H3_NV.txt NeighborSum 20.1
0.0 0.017015097111827526 0.509212633 16.459903166025885 H3_NV.txt NeighborSum 20.1
0.0 0.003963375869097729 0.52069382 17.223669859908384 H3_NV.txt NeighborSum 20.1
0.0 0.08235189591813069 0.582708906 12.763277872469537 H3_NV.txt NeighborSum 20.1
0.0 0.07800828905498439 0.581706451 13.012789892623854 H3_NV.txt NeighborSum 20.1
0.0 -0.0001262960006794822 0.483357597 17.423366043449136 H3_NV.txt NeighborSum 20.1
0.0 0.016978191991715075 0.478788404 16.432579795525488 H3_NV.txt NeighborSum 20.1
0.0 0.09437512936785081 0.577203271 12.064605416576608 H3_NV.txt NeighborSum 20.1
0.0 0.04910625376181829 0.530808179 14.630210164068757 H3_NV.txt NeighborSum 20.1
0.0 -0.0011766596379518823 0.489247984 17.4896393516877 H3_NV.txt NeighborSum 20.1
0.0 0.038422879610852056 0.486675686 15.203565850526509 H3_NV.txt NeighborSum 20.1
0.0 0.10036358005522869 0.609238538 11.750281022020786 H3_NV.txt NeighborSum 20.1
0.0 0.0334826925569075 0.552529795 15.55219999121215 H3_NV.txt NeighborSum 20.1
0.0 0.012605818709036765 0.499347124 16.704622556869946 H3_NV.txt NeighborSum 20.1
0.0 0.0671641834201186 0.498846942 13.557925544252491 H3_NV.txt NeighborSum 20.1
0.0 0.09889111788968888 0.601511063 11.827712949233698 H3_NV.txt NeighborSum 20.1
0.0 0.031001223357183083 0.559678794 15.702219123131039 H3_NV.txt NeighborSum 20.1
0.0 0.035765304358439165 0.467353666 15.338115727911903 H3_NV.txt NeighborSum 20.1
0.0 0.09345551023757079 0.523631199 12.065777630698136 H3_NV.txt NeighborSum 20.1
0.0 0.0711336575748664 0.596002585 13.423067802885324 H3_NV.txt NeighborSum 20.1
0.0 0.038850267079202805 0.561989307 15.251825597875557 H3_NV.txt NeighborSum 20.1
0.0 0.0772449325349277 0.578581371 13.053785139467148 H3_NV.txt NeighborSum 20.1
0.0 0.09830587206466856 0.633402618 11.892334264158848 H3_NV.txt NeighborSum 20.1
0.0 0.050365332367971416 0.62046461 14.644393120055275 H3_NV.txt NeighborSum 20.1
0.0 0.06838472655898839 0.62308481 13.607806600261027 H3_NV.txt NeighborSum 20.1
0.0 0.09084817523513761 0.628628715 12.317775383576022 H3_NV.txt NeighborSum 20.1
0.0 0.06357646534925945 0.579115295 13.842520389813156 H3_NV.txt NeighborSum 20.1
0.0 0.04167526618869988 0.490400951 15.019616905172144 H3_NV.txt NeighborSum 20.1
0.0 0.09267078106349697 0.561078177 12.147280353551409 H3_NV.txt NeighborSum 20.1
0.0 0.06495794178044392 0.547594981 13.732342281216596 H3_NV.txt NeighborSum 20.1
0.0 0.03724746418765684 0.475597705 15.260624615905602 H3_NV.txt NeighborSum 20.1
0.0 0.0729393570274462 0.389877302 13.119403161491347 H3_NV.txt NeighborSum 20.1
0.0 0.10129184589589371 0.576558036 11.665115074905454 H3_NV.txt NeighborSum 20.1
0.0 0.06624717519710388 0.573996533 13.683553663591733 H3_NV.txt NeighborSum 20.1
0.0 0.10052689692848513 0.564587385 11.697639372660458 H3_NV.txt NeighborSum 20.1
0.0 0.12349093097008199 0.578914009 10.387242878026974 H3_NV.txt NeighborSum 20.1
0.0 0.11773954404876896 0.616478169 10.75527088868484 H3_NV.txt NeighborSum 20.1
0.0 0.07450571501292594 0.542083741 13.176416564380284 H3_NV.txt NeighborSum 20.1
0.0 0.09242959007026799 0.405185866 12.010280616782024 H3_NV.txt NeighborSum 20.1
0.0 0.05031950298938401 0.386004991 14.420071947195328 H3_NV.txt NeighborSum 20.1
0.0 0.1276137283940938 0.39402143 9.970512235151302 H3_NV.txt NeighborSum 20.1
0.0 0.08686278229641536 0.470283553 12.394317804622656 H3_NV.txt NeighborSum 20.1
0.0 0.1725151610453989 0.439548133 7.425256164067921 H3_NV.txt NeighborSum 20.1
0.0 0.09321669454414705 0.356394544 11.917659249144045 H3_NV.txt NeighborSum 20.1
0.0 0.1322045555865081 0.494922401 9.803448569165287 H3_NV.txt NeighborSum 20.1
0.0 0.06214527596320632 0.393116784 13.745000481084313 H3_NV.txt NeighborSum 20.1
0.0 0.13062607956452832 0.576523853 9.973467095610564 H3_NV.txt NeighborSum 20.1
0.0 0.1020386709497951 0.613146999 11.657467199006495 H3_NV.txt NeighborSum 20.1
0.0 0.15857828106335253 0.599408462 8.383702738848552 H3_NV.txt NeighborSum 20.1
0.0 0.1672928502481764 0.663809216 7.943502260204664 H3_NV.txt NeighborSum 20.1
0.0 0.19954297859103426 0.585972665 6.0083885691889 H3_NV.txt NeighborSum 20.1
0.0 0.13759775072884745 0.693745535 9.684906434683814 H3_NV.txt NeighborSum 20.1
0.0 0.1976983763126529 0.612784647 6.140715910724835 H3_NV.txt NeighborSum 20.1
0.0 0.2047669020677329 0.545602612 5.668061561084641 H3_NV.txt NeighborSum 20.1
0.0 0.2040082892983806 0.50286835 5.670440362674556 H3_NV.txt NeighborSum 20.1
0.0 0.148451895803987 0.509836592 8.880951898683726 H3_NV.txt NeighborSum 20.1
0.0 0.14508539636982787 0.593028137 9.155619485334988 H3_NV.txt NeighborSum 20.1
0.0 0.19262925769312392 0.543879921 6.36633450408133 H3_NV.txt NeighborSum 20.1
0.0 0.1677656681783387 0.449719174 7.708990662226261 H3_NV.txt NeighborSum 20.1
0.0 0.0921803971960524 0.301185355 11.923975157812889 H3_NV.txt NeighborSum 20.1
1.0 0.1689817865822169 0.693856464 7.875193150792737 H3_NV.txt NeighborSum 20.1
