0.0 0.17439393499319106 1.52884 -25.51655800354347 H3_REU.txt NeighborSum 20.1
0.0 0.17422799294900276 -0.5508 -22.807501552475333 H3_REU.txt NeighborSum 20.1
0.0 0.16676909655123798 -0.68593 -27.08753228101194 H3_REU.txt NeighborSum 20.1
0.0 0.13441893884581113 -2.9028 -43.44833845506623 H3_REU.txt NeighborSum 20.1
0.0 0.1329842440571606 -2.42402 -44.953230176855925 H3_REU.txt NeighborSum 20.1
0.0 0.1499733486898909 -3.42658 -33.43513369388173 H3_REU.txt NeighborSum 20.1
0.0 0.1308493881206296 -1.3467 -47.685280076058646 H3_REU.txt NeighborSum 20.1
0.0 0.08990640996958801 -4.18677 -68.34543374737395 H3_REU.txt NeighborSum 20.1
0.0 0.11232880663002645 -2.34491 -57.41779816654844 H3_REU.txt NeighborSum 20.1
0.0 0.13671018627067721 0.09823 -46.13010769770902 H3_REU.txt NeighborSum 20.1
0.0 0.09898132931387295 -1.99779 -65.87207815233474 H3_REU.txt NeighborSum 20.1
0.0 0.07348543608584501 -4.73053 -77.43548547101629 H3_REU.txt NeighborSum 20.1
0.0 0.11643639603489925 -3.1488 -53.87473960450864 H3_REU.txt NeighborSum 20.1
0.0 0.12045170509454277 -0.18274 -55.47781366603527 H3_REU.txt NeighborSum 20.1
0.0 0.07132656379400565 -3.23461 -80.74717939182709 H3_REU.txt NeighborSum 20.1
0.0 0.08962351213628583 -2.77369 -70.42290263239954 H3_REU.txt NeighborSum 20.1
0.0 0.12245340293547119 -0.08763 -54.40867368692144 H3_REU.txt NeighborSum 20.1
0.0 0.10545790824067071 -1.15649 -63.1333571851325 H3_REU.txt NeighborSum 20.1
0.0 0.061082189159478606 -3.9233 -85.94618158306442 H3_REU.txt NeighborSum 20.1
0.0 0.10469684789940534 -2.31607 -62.0227929867614 H3_REU.txt NeighborSum 20.1
0.0 0.12393211901115148 -1.72819 -51.308582539251276 H3_REU.txt NeighborSum 20.1
0.0 0.07484445121616712 -4.04467 -77.54859588108188 H3_REU.txt NeighborSum 20.1
0.0 0.06687247882999009 -4.43669 -81.78868671573021 H3_REU.txt NeighborSum 20.1
0.0 0.11977469778238528 -0.93916 -54.86138761679242 H3_REU.txt NeighborSum 20.1
0.0 0.10322892967061023 -1.38571 -64.15737318643352 H3_REU.txt NeighborSum 20.1
0.0 0.04759406549962397 -4.76964 -92.87296459469384 H3_REU.txt NeighborSum 20.1
0.0 0.09264366030639364 -3.66705 -67.4096186996964 H3_REU.txt NeighborSum 20.1
0.0 0.11878618003894467 -1.60765 -54.55007234242725 H3_REU.txt NeighborSum 20.1
0.0 0.06682698147832189 -2.145 -84.91059450415729 H3_REU.txt NeighborSum 20.1
0.0 0.056248093250633874 -3.17593 -89.84757021774008 H3_REU.txt NeighborSum 20.1
0.0 0.11155353254312418 -1.05362 -59.62538133528653 H3_REU.txt NeighborSum 20.1
0.0 0.0942797868572684 -3.13934 -67.1433738154599 H3_REU.txt NeighborSum 20.1
0.0 0.03873342281659778 -3.01718 -100.54062514789325 H3_REU.txt NeighborSum 20.1
0.0 0.06468224587208135 -4.10324 -83.54934896407244 H3_REU.txt NeighborSum 20.1
0.0 0.08889424355141612 0.52582 -75.3148526654691 H3_REU.txt NeighborSum 20.1
0.0 0.05065579597748707 -1.99172 -94.7924824036354 H3_REU.txt NeighborSum 20.1
0.0 0.017878163741292113 -4.67313 -110.7817254267828 H3_REU.txt NeighborSum 20.1
0.0 0.06506980082260119 -1.1148 -87.35305814848599 H3_REU.txt NeighborSum 20.1
0.0 0.0642863175045546 -5.404 -82.02968473148071 H3_REU.txt NeighborSum 20.1
0.0 -0.00011985576972903256 -4.9215 -121.21418554160431 H3_REU.txt NeighborSum 20.1
0.0 0.018049418782661197 -2.35313 -113.81218425458303 H3_REU.txt NeighborSum 20.1
0.0 0.07082365336388952 -2.96365 -81.41396385619493 H3_REU.txt NeighborSum 20.1
0.0 0.01779937163939979 -4.06317 -111.6525523533534 H3_REU.txt NeighborSum 20.1
0.0 -0.025449399729984584 -4.13784 -137.42659976733216 H3_REU.txt NeighborSum 20.1
0.0 0.024759964475980306 -3.01452 -108.90425995687315 H3_REU.txt NeighborSum 20.1
0.0 0.037044797562494736 -5.09443 -98.74578728161752 H3_REU.txt NeighborSum 20.1
0.0 -0.02228486389029921 -2.28589 -138.03418554371757 H3_REU.txt NeighborSum 20.1
0.0 -0.02193478775197788 -3.6143 -136.03086319047864 H3_REU.txt NeighborSum 20.1
0.0 0.028223778065257304 -2.23618 -107.88299579467612 H3_REU.txt NeighborSum 20.1
0.0 0.003973407732912271 -3.25662 -121.01351352533395 H3_REU.txt NeighborSum 20.1
0.0 -0.05246389433624332 -3.97757 -153.8052635327419 H3_REU.txt NeighborSum 20.1
0.0 -0.017797942296844366 -3.66304 -133.49005239789872 H3_REU.txt NeighborSum 20.1
0.0 0.012359521495986875 -2.33928 -117.23503983508968 H3_REU.txt NeighborSum 20.1
0.0 -0.05482433523215963 -4.78178 -154.13146698513452 H3_REU.txt NeighborSum 20.1
0.0 -0.07107312189057541 -2.92275 -166.36321906428836 H3_REU.txt NeighborSum 20.1
0.0 -0.0007884585777006847 -2.88438 -124.365114800058 H3_REU.txt NeighborSum 20.1
0.0 -0.005674052423337156 -5.10075 -124.29509277590533 H3_REU.txt NeighborSum 20.1
0.0 -0.08237521376619089 -5.5473 -169.5808560534537 H3_REU.txt NeighborSum 20.1
0.0 -0.0404036672742909 -5.75177 -144.19399756027602 H3_REU.txt NeighborSum 20.1
0.0 0.025786892475330975 -1.90614 -109.78662056848937 H3_REU.txt NeighborSum 20.1
0.0 -0.0009316048805100563 -4.0602 -122.86293447660525 H3_REU.txt NeighborSum 20.1
0.0 -0.03458726478562718 -6.95578 -139.08826984349318 H3_REU.txt NeighborSum 20.1
0.0 0.04739760794662465 -3.20118 -95.10854241251802 H3_REU.txt NeighborSum 20.1
0.0 0.0787600701872394 -2.07735 -77.86261864556549 H3_REU.txt NeighborSum 20.1
0.0 0.0603984889127363 -2.42921 -88.37283812733622 H3_REU.txt NeighborSum 20.1
0.0 0.11411461343227355 -0.34127 -59.05509163645654 H3_REU.txt NeighborSum 20.1
0.0 0.02796000004169555 -1.1374 -109.52459640395926 H3_REU.txt NeighborSum 20.1
0.0 0.008114603365937278 -3.56227 -118.12317002637583 H3_REU.txt NeighborSum 20.1
0.0 0.08802158576341851 -6.05407 -66.95149333312224 H3_REU.txt NeighborSum 20.1
0.0 0.04948430766834741 -5.75949 -90.40538134260296 H3_REU.txt NeighborSum 20.1
0.0 0.1267727465151111 -1.72598 -49.61207586286083 H3_REU.txt NeighborSum 20.1
0.0 0.10854055343365877 -0.27599 -62.47809490208243 H3_REU.txt NeighborSum 20.1
0.0 0.13631102885431062 0.78786 -47.30018883402996 H3_REU.txt NeighborSum 20.1
0.0 0.07645452941443781 -1.25191 -80.35664830182706 H3_REU.txt NeighborSum 20.1
0.0 0.02491222547124053 -3.39295 -108.30213509586474 H3_REU.txt NeighborSum 20.1
0.0 0.09249986678998715 -0.6642 -71.55068232246443 H3_REU.txt NeighborSum 20.1
0.0 0.08102588720998272 -0.54879 -78.57118568364275 H3_REU.txt NeighborSum 20.1
0.0 -0.011683809359131103 -4.67577 -128.4645020947164 H3_REU.txt NeighborSum 20.1
0.0 0.029732252290564865 -3.61244 -105.12201044004689 H3_REU.txt NeighborSum 20.1
0.0 0.09250362014563084 -2.14659 -69.54662413258144 H3_REU.txt NeighborSum 20.1
0.0 0.030262601865372385 -3.42675 -105.05546773784378 H3_REU.txt NeighborSum 20.1
0.0 -0.009953425871203209 -2.43284 -130.4580903478596 H3_REU.txt NeighborSum 20.1
0.0 0.07780355537911651 -2.60718 -77.7194024759142 H3_REU.txt NeighborSum 20.1
0.0 0.09524174466023248 -1.84538 -68.31521118360816 H3_REU.txt NeighborSum 20.1
0.0 0.030781893428412616 -1.47083 -107.38605126719422 H3_REU.txt NeighborSum 20.1
0.0 0.07326421132164662 -5.06677 -77.11378290811325 H3_REU.txt NeighborSum 20.1
0.0 0.1342825759538957 0.14959 -47.65185507063519 H3_REU.txt NeighborSum 20.1
0.0 0.10447012779261147 -2.35388 -62.107376676407355 H3_REU.txt NeighborSum 20.1
0.0 0.06879766899368636 -1.97868 -83.95616904346421 H3_REU.txt NeighborSum 20.1
0.0 0.11863302265192047 -1.68432 -54.53816855192271 H3_REU.txt NeighborSum 20.1
0.0 0.16611074736705997 -2.93833 -24.43977893901442 H3_REU.txt NeighborSum 20.1
0.0 0.18032473472865126 0.00428 -19.9095194404217 H3_REU.txt NeighborSum 20.1
0.0 0.18940540000883435 3.39402 -19.054226942198685 H3_REU.txt NeighborSum 20.1
0.0 0.2107603187983954 3.72932 -6.730790494043609 H3_REU.txt NeighborSum 20.1
0.0 0.20222791746648072 3.02247 -10.881029859964075 H3_REU.txt NeighborSum 20.1
0.0 0.14847268815314268 -1.44359 -37.01076967261669 H3_REU.txt NeighborSum 20.1
0.0 0.16761190728260023 0.04102 -27.56496528334835 H3_REU.txt NeighborSum 20.1
0.0 0.12339176089581644 -5.15766 -47.00072757357587 H3_REU.txt NeighborSum 20.1
0.0 0.16148346342185457 -2.09295 -28.34978833378893 H3_REU.txt NeighborSum 20.1
0.0 0.09419925267858383 -2.09427 -68.6028135329335 H3_REU.txt NeighborSum 20.1
0.0 0.13217619521143342 -0.9528 -47.42339847691061 H3_REU.txt NeighborSum 20.1
0.0 0.09971276335403192 -0.93621 -66.86802842973721 H3_REU.txt NeighborSum 20.1
0.0 0.09768952343649971 -4.12068 -63.77819908378627 H3_REU.txt NeighborSum 20.1
0.0 0.07910897054201291 -1.51253 -78.41660881665501 H3_REU.txt NeighborSum 20.1
0.0 0.1458343164561508 -3.8361 -35.358420598330234 H3_REU.txt NeighborSum 20.1
0.0 0.16690214918764795 -0.29297 -27.53858090467188 H3_REU.txt NeighborSum 20.1
0.0 0.16205347787082963 0.84165 -31.97163033388668 H3_REU.txt NeighborSum 20.1
0.0 0.11214196681230702 -0.78019 -59.6425714054805 H3_REU.txt NeighborSum 20.1
0.0 0.10607054791116416 -0.54588 -63.59139196395663 H3_REU.txt NeighborSum 20.1
0.0 0.14264949722006043 -0.0536 -42.37170531677384 H3_REU.txt NeighborSum 20.1
0.0 0.10587556658084425 -1.19656 -62.82937014703515 H3_REU.txt NeighborSum 20.1
0.0 0.05558692708168478 -2.19318 -91.57023388855416 H3_REU.txt NeighborSum 20.1
0.0 0.12831517904212303 1.59275 -53.17086681263549 H3_REU.txt NeighborSum 20.1
0.0 0.16508616008376326 0.1107 -29.170165248490072 H3_REU.txt NeighborSum 20.1
0.0 0.17094312996260774 0.41361 -26.07510469818808 H3_REU.txt NeighborSum 20.1
0.0 0.17000121075940788 0.28113 -26.459735878597506 H3_REU.txt NeighborSum 20.1
0.0 0.13928226082922468 -2.27529 -41.386096062737344 H3_REU.txt NeighborSum 20.1
0.0 0.12665777908447112 -3.70025 -47.01481347525505 H3_REU.txt NeighborSum 20.1
0.0 0.14449606919468766 -2.84012 -37.504034178081554 H3_REU.txt NeighborSum 20.1
0.0 0.13359064222150613 -1.13788 -46.327231727062674 H3_REU.txt NeighborSum 20.1
0.0 0.09001854142337157 -4.20663 -68.25152887177005 H3_REU.txt NeighborSum 20.1
0.0 0.10829132214763311 -2.08391 -60.1857981882612 H3_REU.txt NeighborSum 20.1
0.0 0.13252541863014303 0.0015 -48.50314736425885 H3_REU.txt NeighborSum 20.1
0.0 0.09847003018242521 -2.16323 -65.95456885919748 H3_REU.txt NeighborSum 20.1
0.0 0.07275926682787395 -4.83761 -77.72533778482088 H3_REU.txt NeighborSum 20.1
0.0 0.11553171250005663 -2.8658 -54.79815570296013 H3_REU.txt NeighborSum 20.1
0.0 0.11858704578061469 -0.51165 -56.14924377092495 H3_REU.txt NeighborSum 20.1
0.0 0.06881929485581015 -3.94918 -81.28227659076859 H3_REU.txt NeighborSum 20.1
0.0 0.08930270126279763 -2.78632 -70.59778191617384 H3_REU.txt NeighborSum 20.1
0.0 0.1250322657190854 0.05174 -53.053995879354474 H3_REU.txt NeighborSum 20.1
0.0 0.10046592083465865 -1.73511 -65.33859837677228 H3_REU.txt NeighborSum 20.1
0.0 0.05943176023096669 -3.95331 -86.89307508474424 H3_REU.txt NeighborSum 20.1
0.0 0.10501787333010139 -1.74702 -62.59917234414643 H3_REU.txt NeighborSum 20.1
0.0 0.1208018797341034 -1.75657 -53.14301834326984 H3_REU.txt NeighborSum 20.1
0.0 0.06832352961769808 -3.38826 -82.33634687773672 H3_REU.txt NeighborSum 20.1
0.0 0.06619640545061414 -3.48545 -83.47771811569878 H3_REU.txt NeighborSum 20.1
0.0 0.11707754554778521 0.03917 -57.79617258946492 H3_REU.txt NeighborSum 20.1
0.0 0.09481298589600382 -2.27652 -67.98951957032972 H3_REU.txt NeighborSum 20.1
0.0 0.04312872593488348 -5.13785 -95.04725953202662 H3_REU.txt NeighborSum 20.1
0.0 0.09174497359975488 -3.23876 -68.52564596201469 H3_REU.txt NeighborSum 20.1
0.0 0.11228035703953836 -2.91654 -56.67485807437355 H3_REU.txt NeighborSum 20.1
0.0 0.0630406534075818 -4.50715 -83.9860429460115 H3_REU.txt NeighborSum 20.1
0.0 0.05539060516086525 -4.03849 -89.19579126788909 H3_REU.txt NeighborSum 20.1
0.0 0.10897384972105369 -1.36978 -60.74181335345073 H3_REU.txt NeighborSum 20.1
0.0 0.08959936588020936 -4.30798 -68.36545070533741 H3_REU.txt NeighborSum 20.1
0.0 0.036273797617316444 -3.53463 -101.31340798409595 H3_REU.txt NeighborSum 20.1
0.0 0.06558941511784558 -2.56919 -85.0781816691881 H3_REU.txt NeighborSum 20.1
0.0 0.0901041421500807 0.28557 -74.26656185593585 H3_REU.txt NeighborSum 20.1
0.0 0.046465050541867225 0.03139 -100.03172064348213 H3_REU.txt NeighborSum 20.1
0.0 0.020241911820959108 -4.03036 -110.23553551919989 H3_REU.txt NeighborSum 20.1
0.0 0.06742652651862863 -2.02353 -84.71593113609202 H3_REU.txt NeighborSum 20.1
0.0 0.05377673434906727 -5.07726 -88.75858791390799 H3_REU.txt NeighborSum 20.1
0.0 -0.005920326666482928 -5.28832 -124.18914010261992 H3_REU.txt NeighborSum 20.1
0.0 0.024429074167728715 -2.36821 -109.97499910891258 H3_REU.txt NeighborSum 20.1
0.0 0.06661454316928306 -2.95877 -83.93878086588609 H3_REU.txt NeighborSum 20.1
0.0 0.009607331480202042 -3.71619 -117.02224756629325 H3_REU.txt NeighborSum 20.1
0.0 -0.026499723127204083 -4.48718 -137.58324027957212 H3_REU.txt NeighborSum 20.1
0.0 0.02312262506825935 -3.13134 -109.72609443372238 H3_REU.txt NeighborSum 20.1
0.0 0.030023683708691712 -5.72685 -102.09236327723556 H3_REU.txt NeighborSum 20.1
0.0 -0.028597382556508538 -2.59026 -141.3998203137467 H3_REU.txt NeighborSum 20.1
0.0 -0.023312551694676137 -2.8663 -137.86524776581638 H3_REU.txt NeighborSum 20.1
0.0 0.02085481882776527 -2.44934 -112.00384755265787 H3_REU.txt NeighborSum 20.1
0.0 -0.0022994638690454205 -3.83694 -123.98278663415779 H3_REU.txt NeighborSum 20.1
0.0 -0.056401996593790804 -3.89887 -156.2676280612617 H3_REU.txt NeighborSum 20.1
0.0 -0.026820402633792373 -4.07024 -138.3381303195794 H3_REU.txt NeighborSum 20.1
0.0 0.00793838496148283 -2.38199 -119.82244267838158 H3_REU.txt NeighborSum 20.1
0.0 -0.05348219891763345 -3.82156 -154.6251701366153 H3_REU.txt NeighborSum 20.1
0.0 -0.07535173528968686 -3.38786 -168.294946129257 H3_REU.txt NeighborSum 20.1
0.0 -0.005495273473343415 -3.11426 -126.87067982986106 H3_REU.txt NeighborSum 20.1
0.0 -0.007369724803413691 -5.24012 -125.1213752960377 H3_REU.txt NeighborSum 20.1
0.0 -0.08360183158226625 -5.12656 -170.88288250399398 H3_REU.txt NeighborSum 20.1
0.0 -0.038077233578746594 -5.4106 -143.26285285647572 H3_REU.txt NeighborSum 20.1
0.0 0.027623572892932075 -2.74384 -107.5565449084799 H3_REU.txt NeighborSum 20.1
0.0 0.009888861539824934 -2.92053 -117.92826932100637 H3_REU.txt NeighborSum 20.1
0.0 -0.030820109962860026 -6.71791 -137.155674442605 H3_REU.txt NeighborSum 20.1
0.0 0.0519589616929641 -1.92027 -94.10930997449611 H3_REU.txt NeighborSum 20.1
0.0 0.08986861313657113 -1.81679 -71.56845692393036 H3_REU.txt NeighborSum 20.1
0.0 0.06956555250227978 -0.51203 -85.47731699064002 H3_REU.txt NeighborSum 20.1
0.0 0.12116324924569721 -0.09657 -55.1684744955969 H3_REU.txt NeighborSum 20.1
0.0 0.022019833492081142 -1.49485 -112.5957813060389 H3_REU.txt NeighborSum 20.1
0.0 0.005150854648099584 -3.73869 -119.65808529910817 H3_REU.txt NeighborSum 20.1
0.0 0.09272091199050894 -2.59388 -68.81260437808719 H3_REU.txt NeighborSum 20.1
0.0 0.05332318028028801 -5.61514 -88.30358963455032 H3_REU.txt NeighborSum 20.1
0.0 0.1268891614390773 -2.13966 -48.983795557052495 H3_REU.txt NeighborSum 20.1
0.0 0.0931293848128582 -2.37709 -68.86097541450029 H3_REU.txt NeighborSum 20.1
0.0 0.12776398903982067 0.17981 -51.59260517867337 H3_REU.txt NeighborSum 20.1
0.0 0.05865127803972414 -2.60548 -89.18012551464395 H3_REU.txt NeighborSum 20.1
0.0 0.028627897283153958 -3.98847 -105.2749349390264 H3_REU.txt NeighborSum 20.1
0.0 0.09055773795799334 -0.18059 -73.36568416977356 H3_REU.txt NeighborSum 20.1
0.0 0.07284933138061825 -0.96669 -82.8987264985852 H3_REU.txt NeighborSum 20.1
0.0 -0.016673649088976034 -4.8795 -131.17470810450112 H3_REU.txt NeighborSum 20.1
0.0 0.027270774797387265 -3.67725 -106.50714443915744 H3_REU.txt NeighborSum 20.1
0.0 0.08062495998546887 -3.05186 -75.43091827888713 H3_REU.txt NeighborSum 20.1
0.0 0.023655712708764376 -3.64711 -108.71066524638688 H3_REU.txt NeighborSum 20.1
0.0 -0.011208090285520111 -2.49425 -131.1258033810277 H3_REU.txt NeighborSum 20.1
0.0 0.06330300664259858 -1.96038 -87.2682286968646 H3_REU.txt NeighborSum 20.1
0.0 0.08645274937385858 -1.69825 -73.7721762798244 H3_REU.txt NeighborSum 20.1
0.0 0.024755327211542333 -1.71581 -110.66080634542745 H3_REU.txt NeighborSum 20.1
0.0 0.05487359729380778 -4.23326 -89.24209030097377 H3_REU.txt NeighborSum 20.1
0.0 0.1186760029881828 -1.06952 -55.3426773596018 H3_REU.txt NeighborSum 20.1
0.0 0.10053789024380126 -2.15604 -64.72711857363183 H3_REU.txt NeighborSum 20.1
0.0 0.06391878772507381 -2.29049 -86.45404007393245 H3_REU.txt NeighborSum 20.1
0.0 0.11172106768211391 -1.02117 -59.568968717753286 H3_REU.txt NeighborSum 20.1
0.0 0.15979689137689687 -0.29344 -31.78888093027536 H3_REU.txt NeighborSum 20.1
0.0 0.1500757266241335 -2.65906 -34.410338482651305 H3_REU.txt NeighborSum 20.1
0.0 0.16948250737741488 0.47193 -27.02772125761173 H3_REU.txt NeighborSum 20.1
0.0 0.17436613181801053 0.8982 -24.68157873857082 H3_REU.txt NeighborSum 20.1
0.0 0.17121948740688764 -0.2394 -25.02794382704976 H3_REU.txt NeighborSum 20.1
0.0 0.1128894112528506 -3.05671 -56.12118810533244 H3_REU.txt NeighborSum 20.1
0.0 0.1534364006086662 -0.22077 -35.69236953698289 H3_REU.txt NeighborSum 20.1
0.0 0.10334962056842559 -6.60376 -57.038735519633036 H3_REU.txt NeighborSum 20.1
0.0 0.15143383451807255 -1.60209 -35.025136909803244 H3_REU.txt NeighborSum 20.1
0.0 0.08893304842519766 -3.18765 -70.27698368699156 H3_REU.txt NeighborSum 20.1
0.0 0.12485483305338255 1.14064 -54.63059586843732 H3_REU.txt NeighborSum 20.1
0.0 0.09369873997996818 -1.32924 -69.93535333564958 H3_REU.txt NeighborSum 20.1
0.0 0.09370164558995656 -4.64228 -65.45970100270223 H3_REU.txt NeighborSum 20.1
0.0 0.07049684073842155 -1.37019 -83.76129041128782 H3_REU.txt NeighborSum 20.1
0.0 0.13719706666387138 -4.19771 -40.03759922354509 H3_REU.txt NeighborSum 20.1
0.0 0.15552909309718357 -0.04808 -34.67355294128112 H3_REU.txt NeighborSum 20.1
0.0 0.15632898959494596 -0.23083 -33.94820598562236 H3_REU.txt NeighborSum 20.1
0.0 0.09715183854802895 -1.1378 -68.12795269979611 H3_REU.txt NeighborSum 20.1
0.0 0.09290048982260274 -2.88341 -68.31418654657237 H3_REU.txt NeighborSum 20.1
0.0 0.1375668751238146 0.04784 -45.54952133780719 H3_REU.txt NeighborSum 20.1
0.0 0.11269349497617785 -0.60415 -59.55032665825248 H3_REU.txt NeighborSum 20.1
0.0 0.05059616194237798 -2.186 -94.56580544551053 H3_REU.txt NeighborSum 20.1
0.0 0.10544877461283145 -2.75189 -60.98440083791572 H3_REU.txt NeighborSum 20.1
0.0 0.1710249347334959 -0.06371 -25.381591796939244 H3_REU.txt NeighborSum 20.1
0.0 0.17424350802263233 0.79046 -24.60945052129808 H3_REU.txt NeighborSum 20.1
0.0 0.17229351836320023 -0.45849 -24.089514297601713 H3_REU.txt NeighborSum 20.1
0.0 0.14040617245536424 -2.05804 -41.007055445920024 H3_REU.txt NeighborSum 20.1
0.0 0.13154850381309086 -2.46537 -45.75636621632935 H3_REU.txt NeighborSum 20.1
0.0 0.15102483537749462 -3.09908 -33.248304572637885 H3_REU.txt NeighborSum 20.1
0.0 0.13751846456912392 -1.20107 -43.891962097199915 H3_REU.txt NeighborSum 20.1
0.0 0.09431500768734774 -3.42813 -66.73232120541073 H3_REU.txt NeighborSum 20.1
0.0 0.11211180268544461 -1.69757 -58.421792275064654 H3_REU.txt NeighborSum 20.1
0.0 0.1322178337956041 0.14145 -48.876157101048065 H3_REU.txt NeighborSum 20.1
0.0 0.09978759949247856 -2.03707 -65.33665917746752 H3_REU.txt NeighborSum 20.1
0.0 0.0726820169274354 -4.7304 -77.91633075732196 H3_REU.txt NeighborSum 20.1
0.0 0.11568714091213528 -2.53619 -55.15026979582493 H3_REU.txt NeighborSum 20.1
0.0 0.12021427001061466 -0.12594 -55.69656882226794 H3_REU.txt NeighborSum 20.1
0.0 0.06963899280559716 -3.83323 -80.94844592432663 H3_REU.txt NeighborSum 20.1
0.0 0.08793491602155243 -2.3094 -72.06013124844328 H3_REU.txt NeighborSum 20.1
0.0 0.12168135497696232 0.0807 -55.097886712711585 H3_REU.txt NeighborSum 20.1
0.0 0.10200252606071551 -1.36635 -64.91724977745143 H3_REU.txt NeighborSum 20.1
0.0 0.057056923281636945 -4.04703 -88.1873338353427 H3_REU.txt NeighborSum 20.1
0.0 0.09784095618676657 -2.53589 -65.82769299548337 H3_REU.txt NeighborSum 20.1
0.0 0.11903516441342749 -2.32882 -53.427245285383016 H3_REU.txt NeighborSum 20.1
0.0 0.0686861657313218 -2.36208 -83.50513763704978 H3_REU.txt NeighborSum 20.1
0.0 0.0612908638085691 -4.37304 -85.2140088570405 H3_REU.txt NeighborSum 20.1
0.0 0.11019259566174326 -1.28578 -60.12609506209068 H3_REU.txt NeighborSum 20.1
0.0 0.09411231303288498 -1.76027 -69.10585985964082 H3_REU.txt NeighborSum 20.1
0.0 0.04150170683498622 -4.75711 -96.53482230700365 H3_REU.txt NeighborSum 20.1
0.0 0.08480139082092697 -4.41633 -71.08966860407799 H3_REU.txt NeighborSum 20.1
0.0 0.10794130781670798 -2.95255 -59.222197357649826 H3_REU.txt NeighborSum 20.1
0.0 0.06064627696302219 -4.01106 -86.08846849751872 H3_REU.txt NeighborSum 20.1
0.0 0.051895375415480754 -3.00875 -92.67747400105144 H3_REU.txt NeighborSum 20.1
0.0 0.10146353542192393 -1.36355 -65.24349828498613 H3_REU.txt NeighborSum 20.1
0.0 0.08786134110035124 -4.80221 -68.73787051520485 H3_REU.txt NeighborSum 20.1
0.0 0.03549986335398714 -3.31862 -102.06813640111916 H3_REU.txt NeighborSum 20.1
0.0 0.058828999209414895 -3.5095 -87.85301402024261 H3_REU.txt NeighborSum 20.1
0.0 0.0797388158081831 -0.0153 -80.06163739548735 H3_REU.txt NeighborSum 20.1
0.0 0.04011155015166937 0.55593 -104.54123021355088 H3_REU.txt NeighborSum 20.1
0.0 0.012389306467958522 -3.80654 -115.2358389282235 H3_REU.txt NeighborSum 20.1
0.0 0.059511190652139556 -1.54641 -90.0958201200724 H3_REU.txt NeighborSum 20.1
0.0 0.04989041046136142 -5.08613 -91.07172034666819 H3_REU.txt NeighborSum 20.1
0.0 -0.009751446115409929 -4.64777 -127.34621859379166 H3_REU.txt NeighborSum 20.1
0.0 0.017148349103918548 -1.68062 -115.25943076552448 H3_REU.txt NeighborSum 20.1
0.0 0.06154027029687692 -2.78645 -87.20731773772363 H3_REU.txt NeighborSum 20.1
0.0 0.00962870619042383 -3.22231 -117.6763927798332 H3_REU.txt NeighborSum 20.1
0.0 -0.03052009580701065 -4.34332 -140.18281733272312 H3_REU.txt NeighborSum 20.1
0.0 0.017405055250031387 -3.20198 -113.05141103352427 H3_REU.txt NeighborSum 20.1
0.0 0.02836689211896709 -6.21378 -102.42604076828873 H3_REU.txt NeighborSum 20.1
0.0 -0.028076944123180875 -2.78339 -140.82765046668538 H3_REU.txt NeighborSum 20.1
0.0 -0.027378394925530153 -2.68834 -140.53807743010353 H3_REU.txt NeighborSum 20.1
0.0 0.017132054399982638 -2.1739 -114.60305652229778 H3_REU.txt NeighborSum 20.1
0.0 0.00014665182599651883 -2.87977 -123.8118821298982 H3_REU.txt NeighborSum 20.1
0.0 -0.056408427456973 -4.21333 -155.84683018269405 H3_REU.txt NeighborSum 20.1
0.0 -0.020600718818580027 -3.98978 -134.72566976495122 H3_REU.txt NeighborSum 20.1
0.0 0.011509309025772935 -2.81077 -117.10700715415679 H3_REU.txt NeighborSum 20.1
0.0 -0.049765621205053234 -5.25553 -150.46518897725863 H3_REU.txt NeighborSum 20.1
0.0 -0.071431425210229 -3.32452 -166.03503646982801 H3_REU.txt NeighborSum 20.1
0.0 -0.007422314322521217 -2.71549 -128.5620872911097 H3_REU.txt NeighborSum 20.1
0.0 -0.00012281503488073553 -4.78668 -121.39801631855006 H3_REU.txt NeighborSum 20.1
0.0 -0.07921863173635901 -5.0761 -168.32864199278268 H3_REU.txt NeighborSum 20.1
0.0 -0.03849818992140708 -5.39295 -143.53853715920908 H3_REU.txt NeighborSum 20.1
0.0 0.024053820692995997 -1.88965 -110.84575103511523 H3_REU.txt NeighborSum 20.1
0.0 0.0008277321576214414 -3.8445 -122.10163833588746 H3_REU.txt NeighborSum 20.1
0.0 -0.03601173313671702 -7.82524 -138.76638620140744 H3_REU.txt NeighborSum 20.1
0.0 0.044785597303268504 -3.80103 -95.86122185445082 H3_REU.txt NeighborSum 20.1
0.0 0.07850357376138078 -2.00459 -78.11433013484154 H3_REU.txt NeighborSum 20.1
0.0 0.05627830047677168 -3.6809 -89.14758867061214 H3_REU.txt NeighborSum 20.1
0.0 0.11053116891859159 -0.25187 -61.31972070738803 H3_REU.txt NeighborSum 20.1
0.0 0.020789779203723463 -2.19764 -112.38265398998945 H3_REU.txt NeighborSum 20.1
0.0 0.00913701032643019 -2.86952 -118.44697064718424 H3_REU.txt NeighborSum 20.1
0.0 0.09578361095653119 -2.86086 -66.61972381721763 H3_REU.txt NeighborSum 20.1
0.0 0.049897606659633525 -6.19442 -89.57078529018176 H3_REU.txt NeighborSum 20.1
0.0 0.13104150193187697 -1.96319 -46.73783693823619 H3_REU.txt NeighborSum 20.1
0.0 0.10050266313097263 -2.92345 -63.7118873248228 H3_REU.txt NeighborSum 20.1
0.0 0.14075729706523576 0.75182 -44.59140657012142 H3_REU.txt NeighborSum 20.1
0.0 0.08514252847627982 -1.66416 -74.60209041451091 H3_REU.txt NeighborSum 20.1
0.0 0.028547073061362532 -4.2178 -105.01360429033159 H3_REU.txt NeighborSum 20.1
0.0 0.09154414021208353 -0.67915 -72.10228615202949 H3_REU.txt NeighborSum 20.1
0.0 0.07691875130326425 -1.10036 -80.28356598270251 H3_REU.txt NeighborSum 20.1
0.0 -0.015996000162541796 -5.2012 -130.334862003866 H3_REU.txt NeighborSum 20.1
0.0 0.027009367970379616 -2.74257 -107.92572652405656 H3_REU.txt NeighborSum 20.1
0.0 0.08802418868898121 -1.89528 -72.56594692511685 H3_REU.txt NeighborSum 20.1
0.0 0.03364225776430249 -3.32553 -103.17017372045613 H3_REU.txt NeighborSum 20.1
0.0 -0.011689111891104415 -3.22984 -130.42025170989322 H3_REU.txt NeighborSum 20.1
0.0 0.06513649064727497 -3.00248 -84.76404456823144 H3_REU.txt NeighborSum 20.1
0.0 0.0899106136612713 -1.97056 -71.33567854358905 H3_REU.txt NeighborSum 20.1
0.0 0.017250015589517054 -1.88963 -114.9163595834265 H3_REU.txt NeighborSum 20.1
0.0 0.046310385968276246 -4.84453 -93.5398334664984 H3_REU.txt NeighborSum 20.1
0.0 0.10860476266005742 1.07773 -64.26773705250375 H3_REU.txt NeighborSum 20.1
0.0 0.08369434644757895 -1.05014 -76.29767875771832 H3_REU.txt NeighborSum 20.1
0.0 0.04426879812000328 -2.52051 -97.89962086055434 H3_REU.txt NeighborSum 20.1
0.0 0.08589762270196433 -0.65501 -75.51308404192488 H3_REU.txt NeighborSum 20.1
0.0 0.14072136923451892 -1.97508 -40.93050827157823 H3_REU.txt NeighborSum 20.1
0.0 0.139122134486221 -3.57439 -39.7275978158143 H3_REU.txt NeighborSum 20.1
0.0 0.1599543096389208 -0.00559 -32.08341202366104 H3_REU.txt NeighborSum 20.1
0.0 0.16764024603137015 -2.62371 -23.949571647761637 H3_REU.txt NeighborSum 20.1
0.0 0.17777162161191828 -0.21843 -21.136249781077034 H3_REU.txt NeighborSum 20.1
0.0 0.12689180758423926 -0.96302 -50.57114166017473 H3_REU.txt NeighborSum 20.1
0.0 0.14454463337146084 -0.73868 -40.31275409695904 H3_REU.txt NeighborSum 20.1
0.0 0.09543697216037267 -5.45621 -63.322362236200256 H3_REU.txt NeighborSum 20.1
0.0 0.1387203955551894 -3.10496 -40.601866354824736 H3_REU.txt NeighborSum 20.1
0.0 0.08183721984807896 -4.12046 -73.26261474537817 H3_REU.txt NeighborSum 20.1
0.0 0.11109853323722933 -2.06128 -58.536858963275925 H3_REU.txt NeighborSum 20.1
0.0 0.08985789367149832 -0.31143 -73.60770138106594 H3_REU.txt NeighborSum 20.1
0.0 0.08823959521955241 -4.28469 -69.21042520944782 H3_REU.txt NeighborSum 20.1
0.0 0.06881886324261866 -1.25944 -84.91474732994956 H3_REU.txt NeighborSum 20.1
0.0 0.13558084902680573 -4.81659 -40.1688174515422 H3_REU.txt NeighborSum 20.1
0.0 0.1568362065086472 -0.53857 -33.22917749492719 H3_REU.txt NeighborSum 20.1
0.0 0.15342999780767344 -0.1696 -35.76529993815861 H3_REU.txt NeighborSum 20.1
0.0 0.09422794371345411 -1.14458 -69.86810526030635 H3_REU.txt NeighborSum 20.1
0.0 0.09603059173806468 -2.80542 -66.54682603888078 H3_REU.txt NeighborSum 20.1
0.0 0.13487584906938255 -0.35188 -46.6197287624463 H3_REU.txt NeighborSum 20.1
0.0 0.10778660474509699 -1.76164 -60.922952516150666 H3_REU.txt NeighborSum 20.1
0.0 0.05316096624536798 -1.87786 -93.44744477889981 H3_REU.txt NeighborSum 20.1
0.0 0.11553081845855918 -0.61363 -57.84001059020454 H3_REU.txt NeighborSum 20.1
1.0 0.14233995956527257 -4.75777 -36.204406039432726 H3_REU.txt NeighborSum 20.1
1.0 0.15568591775652685 -1.29402 -32.8972162202876 H3_REU.txt NeighborSum 20.1
0.0 0.12486945648440341 -1.45537 -51.11620700685811 H3_REU.txt NeighborSum 20.1
0.0 0.11417790043279559 -3.89779 -54.21452004497995 H3_REU.txt NeighborSum 20.1
1.0 0.14468164214589257 -2.7384 -37.53037178465411 H3_REU.txt NeighborSum 20.1
1.0 0.14949804941000744 -3.62681 -33.449106148295705 H3_REU.txt NeighborSum 20.1
0.0 0.11545024917222335 -1.29095 -56.973563785043325 H3_REU.txt NeighborSum 20.1
1.0 0.12405462583533716 -3.75295 -48.50106255519376 H3_REU.txt NeighborSum 20.1
1.0 0.15678388532178994 -2.54344 -30.553113004040362 H3_REU.txt NeighborSum 20.1
1.0 0.16435611867597272 0.51657 -30.1550195112663 H3_REU.txt NeighborSum 20.1
0.0 0.12140290785132614 -0.9336 -53.89477005031528 H3_REU.txt NeighborSum 20.1
1.0 0.1545775805255304 -1.79045 -32.889935598863296 H3_REU.txt NeighborSum 20.1
1.0 0.17391235073735234 -1.32404 -21.952164285994503 H3_REU.txt NeighborSum 20.1
0.0 0.1499384546293171 0.18962 -38.33930995023517 H3_REU.txt NeighborSum 20.1
0.0 0.14521092214948972 -2.26927 -37.84722505683783 H3_REU.txt NeighborSum 20.1
1.0 0.18241948662602314 1.60892 -20.823169429189278 H3_REU.txt NeighborSum 20.1
0.0 0.1892871731073783 -0.31093 -14.121812326600809 H3_REU.txt NeighborSum 20.1
1.0 0.19041401260563437 0.0206 -13.895343207916603 H3_REU.txt NeighborSum 20.1
1.0 0.1805105787718697 0.38414 -20.311293833584827 H3_REU.txt NeighborSum 20.1
1.0 0.16514864011757643 -0.37162 -28.481461976862217 H3_REU.txt NeighborSum 20.1
0.0 0.19360146984725662 -1.01975 -10.583466959429115 H3_REU.txt NeighborSum 20.1
0.0 0.14538948935747237 -3.49857 -36.08035077997138 H3_REU.txt NeighborSum 20.1
0.0 0.18845816345176322 2.34185 -18.200094247745156 H3_REU.txt NeighborSum 20.1
0.0 0.15590723368870196 1.81148 -36.958460194699285 H3_REU.txt NeighborSum 20.1
0.0 0.12105493274750166 -0.82393 -54.251054510882454 H3_REU.txt NeighborSum 20.1
0.0 0.06827305030762232 -2.21698 -83.94823876688227 H3_REU.txt NeighborSum 20.1
0.0 0.12573326361699705 -0.0665 -52.47493199990914 H3_REU.txt NeighborSum 20.1
0.0 0.12447195572789699 -1.59397 -51.16685901728902 H3_REU.txt NeighborSum 20.1
0.0 0.16584477197926933 -0.5896 -27.77062091345827 H3_REU.txt NeighborSum 20.1
0.0 0.1522152060681071 -1.46618 -34.741190059680974 H3_REU.txt NeighborSum 20.1
0.0 0.1922813743673257 -0.25813 -12.401742023490051 H3_REU.txt NeighborSum 20.1
0.0 0.18450737370325204 -1.41549 -15.489878693770523 H3_REU.txt NeighborSum 20.1
0.0 0.17404993684073564 1.21723 -25.301568560442306 H3_REU.txt NeighborSum 20.1
0.0 0.14676883116531642 -2.39566 -36.74448254243097 H3_REU.txt NeighborSum 20.1
0.0 0.15216933989098969 -0.94351 -35.47444204487234 H3_REU.txt NeighborSum 20.1
0.0 0.11122016101312449 -2.80478 -57.460072501983305 H3_REU.txt NeighborSum 20.1
0.0 0.08441172831549451 0.05205 -77.35687572789237 H3_REU.txt NeighborSum 20.1
0.0 0.11157858465640406 -2.47256 -57.694263109385304 H3_REU.txt NeighborSum 20.1
0.0 0.09744225685565597 -4.09892 -63.95551837478131 H3_REU.txt NeighborSum 20.1
0.0 0.03508018873346966 -5.40796 -99.49778427862593 H3_REU.txt NeighborSum 20.1
0.0 0.05466551141753101 -5.7612 -87.30326080831152 H3_REU.txt NeighborSum 20.1
0.0 0.08836519047168911 -3.20132 -70.59826192373681 H3_REU.txt NeighborSum 20.1
0.0 0.04262984530332664 -3.80354 -97.14757599269325 H3_REU.txt NeighborSum 20.1
0.0 0.00479838049995826 -4.44307 -118.91777207612728 H3_REU.txt NeighborSum 20.1
0.0 0.06135072105447967 -4.42333 -85.11028607047021 H3_REU.txt NeighborSum 20.1
0.0 0.08340992315315643 -1.52687 -75.82406957173747 H3_REU.txt NeighborSum 20.1
0.0 0.029061584519050082 -2.32609 -107.26033877342687 H3_REU.txt NeighborSum 20.1
0.0 0.040241699532287734 -1.10892 -102.21515864680833 H3_REU.txt NeighborSum 20.1
0.0 0.09983522743244214 -1.28695 -66.32112292114938 H3_REU.txt NeighborSum 20.1
0.0 0.09059895136656543 -3.82857 -68.41481160725112 H3_REU.txt NeighborSum 20.1
0.0 0.045506767357368944 -5.14881 -93.60972421864912 H3_REU.txt NeighborSum 20.1
0.0 0.085726410455775 -1.62541 -74.3050932376311 H3_REU.txt NeighborSum 20.1
0.0 0.12145110174292918 -1.30478 -53.36469683835562 H3_REU.txt NeighborSum 20.1
0.0 0.08540505229266684 -2.93369 -72.73066015854555 H3_REU.txt NeighborSum 20.1
0.0 0.07263105305793024 -2.75751 -80.61100300248273 H3_REU.txt NeighborSum 20.1
0.0 0.12299473118310746 -1.34156 -52.391506442088435 H3_REU.txt NeighborSum 20.1
0.0 0.12536814422224665 -2.12549 -49.91292506902191 H3_REU.txt NeighborSum 20.1
0.0 0.08274546089049828 -3.61401 -73.4031399064652 H3_REU.txt NeighborSum 20.1
0.0 0.097963590580077 -2.19707 -66.21186424042915 H3_REU.txt NeighborSum 20.1
0.0 0.13624833794476907 0.85552 -47.42906331333936 H3_REU.txt NeighborSum 20.1
0.0 0.1153649531070826 -1.46995 -56.782873951761985 H3_REU.txt NeighborSum 20.1
0.0 0.08527386335933229 -4.86162 -70.20568009668136 H3_REU.txt NeighborSum 20.1
0.0 0.1102883387529105 -4.15352 -56.19623097697093 H3_REU.txt NeighborSum 20.1
0.0 0.1310276977781421 -1.95822 -46.75280715452866 H3_REU.txt NeighborSum 20.1
0.0 0.09685649955116465 -0.48431 -69.18711804685918 H3_REU.txt NeighborSum 20.1
0.0 0.08697326755709894 -0.54065 -75.0239782937843 H3_REU.txt NeighborSum 20.1
0.0 0.11412374677812016 -2.17009 -56.579997228043 H3_REU.txt NeighborSum 20.1
0.0 0.1189862625843121 -0.71104 -55.64114494348542 H3_REU.txt NeighborSum 20.1
0.0 0.08152178052403275 -3.95962 -73.66853342716216 H3_REU.txt NeighborSum 20.1
0.0 0.09189377097797295 -1.45186 -70.84964497806857 H3_REU.txt NeighborSum 20.1
0.0 0.11153443253626877 -2.32088 -57.92550642018855 H3_REU.txt NeighborSum 20.1
0.0 0.09325441318297398 -7.53053 -61.8269917706826 H3_REU.txt NeighborSum 20.1
0.0 0.0802205231136772 -2.73052 -76.10682088804487 H3_REU.txt NeighborSum 20.1
0.0 0.09838998408259125 -4.30751 -63.106833011199974 H3_REU.txt NeighborSum 20.1
0.0 0.10499262401492322 -1.72581 -62.64292039458613 H3_REU.txt NeighborSum 20.1
0.0 0.07841471761474722 -1.18195 -79.27838027252457 H3_REU.txt NeighborSum 20.1
0.0 0.08727405107521147 -2.64982 -71.99581202706453 H3_REU.txt NeighborSum 20.1
0.0 0.09976166224355486 -3.12395 -63.88445917018914 H3_REU.txt NeighborSum 20.1
0.0 0.08908917432726057 -3.51753 -69.73810822545641 H3_REU.txt NeighborSum 20.1
0.0 0.07749996346031515 -3.43685 -76.78065294619542 H3_REU.txt NeighborSum 20.1
0.0 0.10456029928698886 -1.85087 -62.732691249547024 H3_REU.txt NeighborSum 20.1
0.0 0.09690179064051338 -3.30034 -65.357267338923 H3_REU.txt NeighborSum 20.1
0.0 0.08844147149140727 -1.83852 -72.39294335003521 H3_REU.txt NeighborSum 20.1
0.0 0.1004108669898578 -2.82625 -63.898065566464794 H3_REU.txt NeighborSum 20.1
0.0 0.11648784199480872 -0.99022 -56.75889700268965 H3_REU.txt NeighborSum 20.1
0.0 0.10358347534386943 -6.09864 -57.58093657205694 H3_REU.txt NeighborSum 20.1
0.0 0.1213054842106006 5.26967 -62.32992393150961 H3_REU.txt NeighborSum 20.1
0.0 0.13924358727078626 3.39804 -49.07047239948604 H3_REU.txt NeighborSum 20.1
0.0 0.13067780213708585 -3.83505 -44.42768017940457 H3_REU.txt NeighborSum 20.1
0.0 0.11490185768803775 -2.42327 -55.772575809385835 H3_REU.txt NeighborSum 20.1
0.0 0.12666007602887186 -4.71313 -45.645650769884256 H3_REU.txt NeighborSum 20.1
0.0 0.09860321026182263 -4.36946 -62.895607025817995 H3_REU.txt NeighborSum 20.1
0.0 0.13334735955070257 -0.29921 -47.605319027052055 H3_REU.txt NeighborSum 20.1
0.0 0.10689178965400059 -1.95715 -61.19428681945118 H3_REU.txt NeighborSum 20.1
0.0 0.14850499068710316 -2.09951 -36.10569235931943 H3_REU.txt NeighborSum 20.1
0.0 0.10927250508635197 -2.13756 -59.52632719912505 H3_REU.txt NeighborSum 20.1
0.0 0.13119144524663834 -0.64753 -48.42479003659206 H3_REU.txt NeighborSum 20.1
0.0 0.10644511306877537 -5.0457 -57.29076085240337 H3_REU.txt NeighborSum 20.1
0.0 0.13740364425026758 -2.30736 -42.466727891721675 H3_REU.txt NeighborSum 20.1
0.0 0.12257448463482958 -3.20706 -50.1237689981571 H3_REU.txt NeighborSum 20.1
0.0 0.152030530221541 -4.24697 -31.096511938514176 H3_REU.txt NeighborSum 20.1
0.0 0.15035789062300703 -4.26129 -32.07788134696454 H3_REU.txt NeighborSum 20.1
0.0 0.16384765836379703 -1.33014 -27.965432540763327 H3_REU.txt NeighborSum 20.1
0.0 0.13613165115445203 -0.00773 -46.333145877834035 H3_REU.txt NeighborSum 20.1
0.0 0.1639587681601395 -4.68592 -23.36732789169018 H3_REU.txt NeighborSum 20.1
0.0 0.1711327270684576 -2.16794 -22.475559277553515 H3_REU.txt NeighborSum 20.1
0.0 0.17166437877594054 0.10503 -25.22689083826421 H3_REU.txt NeighborSum 20.1
0.0 0.14460769959251082 -1.88707 -38.72424225944727 H3_REU.txt NeighborSum 20.1
0.0 0.14004997951062342 -2.67076 -40.39274434716404 H3_REU.txt NeighborSum 20.1
0.0 0.16072976520655852 -0.33149 -31.179378490354452 H3_REU.txt NeighborSum 20.1
0.0 0.15604398965847954 -3.02644 -30.343536916271947 H3_REU.txt NeighborSum 20.1
0.0 0.1201739976186967 -4.0757 -50.38692527398313 H3_REU.txt NeighborSum 20.1
1.0 0.14309894030639397 -1.53205 -40.10632036565691 H3_REU.txt NeighborSum 20.1
1.0 0.14319266729420807 -4.91755 -35.478481754702266 H3_REU.txt NeighborSum 20.1
1.0 0.15570676163471575 -1.27514 -32.9102412067949 H3_REU.txt NeighborSum 20.1
0.0 0.1232812336629358 -1.29311 -52.28552435233183 H3_REU.txt NeighborSum 20.1
0.0 0.11416655239406961 -3.85198 -54.28317096440549 H3_REU.txt NeighborSum 20.1
1.0 0.14520186340907776 -2.85527 -37.06131301910955 H3_REU.txt NeighborSum 20.1
1.0 0.14935990742201566 -3.44489 -33.77741768816131 H3_REU.txt NeighborSum 20.1
0.0 0.11531979707695898 -1.25972 -57.09378353244458 H3_REU.txt NeighborSum 20.1
1.0 0.1244314633363033 -3.69254 -48.35718554434832 H3_REU.txt NeighborSum 20.1
1.0 0.15684540251486176 -2.40279 -30.706241601025912 H3_REU.txt NeighborSum 20.1
1.0 0.1658489510238768 0.43991 -29.158366238593953 H3_REU.txt NeighborSum 20.1
0.0 0.12344177595737303 -1.08336 -52.47272051867484 H3_REU.txt NeighborSum 20.1
1.0 0.15556015532303136 -1.6756 -32.45717351254306 H3_REU.txt NeighborSum 20.1
1.0 0.17485343572457127 -1.69697 -20.88552886314125 H3_REU.txt NeighborSum 20.1
0.0 0.15341887647997662 -0.40057 -35.46005278305348 H3_REU.txt NeighborSum 20.1
0.0 0.14711490899581203 -1.98033 -37.09829076595858 H3_REU.txt NeighborSum 20.1
1.0 0.18277697295156511 1.59349 -20.588455855621696 H3_REU.txt NeighborSum 20.1
0.0 0.18922352077974988 -0.21564 -14.288573428070984 H3_REU.txt NeighborSum 20.1
1.0 0.19163752770756196 -0.03585 -13.08710858862627 H3_REU.txt NeighborSum 20.1
1.0 0.17791004863927165 0.38713 -21.871177074594833 H3_REU.txt NeighborSum 20.1
1.0 0.1689628574217283 -0.38731 -26.17830377081726 H3_REU.txt NeighborSum 20.1
0.0 0.19158074220032245 -1.57996 -11.035923194865076 H3_REU.txt NeighborSum 20.1
0.0 0.14251532782813706 -4.22743 -36.81565538329506 H3_REU.txt NeighborSum 20.1
0.0 0.18576208249999202 2.68302 -20.27382036238058 H3_REU.txt NeighborSum 20.1
0.0 0.15202931847793105 2.00924 -39.54559408372139 H3_REU.txt NeighborSum 20.1
0.0 0.12323305242422566 -0.82497 -52.94652433195404 H3_REU.txt NeighborSum 20.1
0.0 0.06804370079870178 -2.29809 -83.97592345496282 H3_REU.txt NeighborSum 20.1
0.0 0.12428447575276368 -0.11523 -53.27590825351044 H3_REU.txt NeighborSum 20.1
0.0 0.12144371846002516 -1.85847 -52.62141368291599 H3_REU.txt NeighborSum 20.1
0.0 0.16433465438984704 -0.5931 -28.669367908048027 H3_REU.txt NeighborSum 20.1
0.0 0.15119734908595672 -1.40486 -35.432959933726615 H3_REU.txt NeighborSum 20.1
0.0 0.19197242577199342 -0.24762 -12.600772491178729 H3_REU.txt NeighborSum 20.1
0.0 0.18469188933529224 -1.41029 -15.386508709749148 H3_REU.txt NeighborSum 20.1
0.0 0.17284936672134785 1.12562 -25.896136109734034 H3_REU.txt NeighborSum 20.1
0.0 0.14665066748915495 -2.33122 -36.902197003718754 H3_REU.txt NeighborSum 20.1
0.0 0.1523708383233205 -0.92338 -35.38107299180797 H3_REU.txt NeighborSum 20.1
0.0 0.11103836196852333 -2.8022 -57.57232328184733 H3_REU.txt NeighborSum 20.1
0.0 0.0840768009584971 -0.01974 -77.46031123189087 H3_REU.txt NeighborSum 20.1
0.0 0.11073223896186271 -2.48348 -58.185868621052286 H3_REU.txt NeighborSum 20.1
0.0 0.09666412646684097 -4.05156 -64.48501306678429 H3_REU.txt NeighborSum 20.1
0.0 0.03430722022675267 -5.37611 -100.00324608643258 H3_REU.txt NeighborSum 20.1
0.0 0.052553131766108874 -5.67761 -88.67993517499171 H3_REU.txt NeighborSum 20.1
0.0 0.08680184916426983 -3.15799 -71.59209062874761 H3_REU.txt NeighborSum 20.1
0.0 0.042453817641897595 -4.5826 -96.20085081090485 H3_REU.txt NeighborSum 20.1
0.0 0.0038874901589506794 -4.29972 -119.65631886639395 H3_REU.txt NeighborSum 20.1
0.0 0.058245531610227885 -4.19526 -87.27604395616942 H3_REU.txt NeighborSum 20.1
0.0 0.0828747649169258 -1.70948 -75.89764841844085 H3_REU.txt NeighborSum 20.1
0.0 0.03239062765580056 -2.48409 -105.05527587234586 H3_REU.txt NeighborSum 20.1
0.0 0.03418366979050089 -2.68823 -103.70686463815021 H3_REU.txt NeighborSum 20.1
0.0 0.0960132290468076 -1.20313 -68.72093883215216 H3_REU.txt NeighborSum 20.1
0.0 0.08756499151218247 -4.34651 -69.53054577352694 H3_REU.txt NeighborSum 20.1
0.0 0.04150104312554059 -4.60651 -96.73858893789193 H3_REU.txt NeighborSum 20.1
0.0 0.08275028246133168 -1.7083 -75.97371726726001 H3_REU.txt NeighborSum 20.1
0.0 0.11779506758165811 -1.49109 -55.30043733981418 H3_REU.txt NeighborSum 20.1
0.0 0.08082289797797362 -3.04207 -75.32571627789827 H3_REU.txt NeighborSum 20.1
0.0 0.0721661158438312 -2.69687 -80.97105368568602 H3_REU.txt NeighborSum 20.1
0.0 0.12219881059535188 -1.18715 -53.076204484175825 H3_REU.txt NeighborSum 20.1
0.0 0.12412672478981955 -2.17792 -50.58484044309321 H3_REU.txt NeighborSum 20.1
0.0 0.08085525503283578 -3.79772 -74.28593141294245 H3_REU.txt NeighborSum 20.1
0.0 0.10008033099238929 -2.1581 -64.99808537685352 H3_REU.txt NeighborSum 20.1
0.0 0.13765527092213264 0.9376 -46.698163694219 H3_REU.txt NeighborSum 20.1
0.0 0.11601562917017134 -1.41486 -56.4679806612835 H3_REU.txt NeighborSum 20.1
0.0 0.08594587382449495 -4.72697 -69.98546031466148 H3_REU.txt NeighborSum 20.1
0.0 0.11195092478440224 -3.45534 -56.14435781392047 H3_REU.txt NeighborSum 20.1
0.0 0.1321272562924176 -2.04081 -45.98343396547576 H3_REU.txt NeighborSum 20.1
0.0 0.09774861209690489 -0.57995 -68.52423300313207 H3_REU.txt NeighborSum 20.1
0.0 0.08765534929835331 -0.60971 -74.52264402098443 H3_REU.txt NeighborSum 20.1
0.0 0.11432046728663281 -2.21871 -56.396647028454915 H3_REU.txt NeighborSum 20.1
0.0 0.11969955775310578 -0.68489 -55.24970744225721 H3_REU.txt NeighborSum 20.1
0.0 0.08191724343125761 -4.02353 -73.34563204977617 H3_REU.txt NeighborSum 20.1
0.0 0.09157882707514174 -1.38956 -71.12219929680998 H3_REU.txt NeighborSum 20.1
0.0 0.11128294451656116 -2.19767 -58.242348927229 H3_REU.txt NeighborSum 20.1
0.0 0.09355842512852655 -8.06823 -60.91899985352601 H3_REU.txt NeighborSum 20.1
0.0 0.07968553778920526 -2.65016 -76.53540976247271 H3_REU.txt NeighborSum 20.1
0.0 0.0977735262604831 -4.22106 -63.592389171728925 H3_REU.txt NeighborSum 20.1
0.0 0.10527895972359587 -1.61936 -62.615361013694184 H3_REU.txt NeighborSum 20.1
0.0 0.07863215937974932 -1.26789 -79.0322362002936 H3_REU.txt NeighborSum 20.1
0.0 0.08700243539493385 -2.69164 -72.10184076162567 H3_REU.txt NeighborSum 20.1
0.0 0.1011326450179969 -3.23685 -62.91176774948391 H3_REU.txt NeighborSum 20.1
0.0 0.09040193126131117 -3.79799 -68.57397991667135 H3_REU.txt NeighborSum 20.1
0.0 0.078011604310149 -3.58861 -76.26961237625974 H3_REU.txt NeighborSum 20.1
0.0 0.10562084802656102 -1.78956 -62.18097873191489 H3_REU.txt NeighborSum 20.1
0.0 0.10035187010780722 -3.24208 -63.371827312234686 H3_REU.txt NeighborSum 20.1
0.0 0.0901216751350045 -1.48119 -71.87024764849419 H3_REU.txt NeighborSum 20.1
0.0 0.10103246850465318 -2.15644 -64.43068205920062 H3_REU.txt NeighborSum 20.1
0.0 0.11882883662439318 -1.13286 -55.16570598433867 H3_REU.txt NeighborSum 20.1
0.0 0.10676298788394593 -6.61769 -54.97777460096041 H3_REU.txt NeighborSum 20.1
0.0 0.1229759954755936 4.87358 -60.79561208812406 H3_REU.txt NeighborSum 20.1
0.0 0.1371024123077504 3.60952 -50.63707649677705 H3_REU.txt NeighborSum 20.1
0.0 0.1333812184099663 -4.30213 -42.17953720338921 H3_REU.txt NeighborSum 20.1
0.0 0.11849748392422348 -2.13264 -54.0138494181858 H3_REU.txt NeighborSum 20.1
0.0 0.12931277305316918 -3.69397 -45.43486376751823 H3_REU.txt NeighborSum 20.1
0.0 0.10124001020487011 -4.22694 -61.51052031129197 H3_REU.txt NeighborSum 20.1
0.0 0.13844786874162968 0.17248 -45.190753625875246 H3_REU.txt NeighborSum 20.1
0.0 0.11019572048872622 -2.5862 -58.36814435871651 H3_REU.txt NeighborSum 20.1
0.0 0.15151445351505116 -2.25701 -34.09250321114253 H3_REU.txt NeighborSum 20.1
0.0 0.11025123576550132 -2.00232 -59.123399534643326 H3_REU.txt NeighborSum 20.1
0.0 0.13658182479178954 0.33482 -46.526393869439595 H3_REU.txt NeighborSum 20.1
0.0 0.11086629739621508 -4.48065 -55.40869494691455 H3_REU.txt NeighborSum 20.1
0.0 0.14088472885572825 -2.32292 -40.36305191814468 H3_REU.txt NeighborSum 20.1
0.0 0.12709674149693262 -2.62324 -48.20658032302241 H3_REU.txt NeighborSum 20.1
0.0 0.1532363856861504 -4.37888 -30.196941893079966 H3_REU.txt NeighborSum 20.1
0.0 0.15076880943658627 -4.3021 -31.7769271412581 H3_REU.txt NeighborSum 20.1
0.0 0.16379470884440597 -2.28167 -26.71216945562792 H3_REU.txt NeighborSum 20.1
0.0 0.13969231553991748 -0.03752 -44.16264277501818 H3_REU.txt NeighborSum 20.1
0.0 0.1667490111605187 -3.83055 -22.85306860009077 H3_REU.txt NeighborSum 20.1
0.0 0.1759458769573974 -2.52594 -19.112505686321608 H3_REU.txt NeighborSum 20.1
0.0 0.17465445027918972 0.16462 -23.518460471353563 H3_REU.txt NeighborSum 20.1
0.0 0.14755524218180743 -1.59538 -37.35468286908116 H3_REU.txt NeighborSum 20.1
0.0 0.14741980825209955 -1.68294 -37.31746968000127 H3_REU.txt NeighborSum 20.1
0.0 0.16348573940527122 -0.04791 -29.913478958848188 H3_REU.txt NeighborSum 20.1
0.0 0.15765649333053733 -2.99001 -29.42800288117137 H3_REU.txt NeighborSum 20.1
0.0 0.12342743953034506 -4.42836 -47.964225117356655 H3_REU.txt NeighborSum 20.1
1.0 0.14340834352315984 -0.89739 -40.778252504899086 H3_REU.txt NeighborSum 20.1
1.0 0.14269703305201517 -4.93666 -35.749203827624726 H3_REU.txt NeighborSum 20.1
1.0 0.15571328187644606 -1.38569 -32.75705406451744 H3_REU.txt NeighborSum 20.1
0.0 0.12484906256259992 -1.38569 -51.22250383668414 H3_REU.txt NeighborSum 20.1
0.0 0.11455621159988874 -3.73593 -54.20675898190958 H3_REU.txt NeighborSum 20.1
1.0 0.14442780798570537 -2.76414 -37.64747654667624 H3_REU.txt NeighborSum 20.1
1.0 0.14911691105270625 -3.67811 -33.60785837817743 H3_REU.txt NeighborSum 20.1
0.0 0.11552527160952426 -1.36736 -56.825495637733034 H3_REU.txt NeighborSum 20.1
1.0 0.12397332484330763 -3.60129 -48.75450429075207 H3_REU.txt NeighborSum 20.1
1.0 0.15570883567217614 -2.40704 -31.380487802139587 H3_REU.txt NeighborSum 20.1
1.0 0.16533026691723096 0.27874 -29.25104141787145 H3_REU.txt NeighborSum 20.1
0.0 0.12224193377336054 -1.11469 -53.14825439317718 H3_REU.txt NeighborSum 20.1
1.0 0.15316040096356126 -1.75142 -33.7905119326231 H3_REU.txt NeighborSum 20.1
1.0 0.1738092768590416 -1.72343 -21.474496924032028 H3_REU.txt NeighborSum 20.1
0.0 0.1525550140267412 -0.40095 -35.97637139122425 H3_REU.txt NeighborSum 20.1
0.0 0.1451003679878109 -1.84978 -38.47984478215681 H3_REU.txt NeighborSum 20.1
1.0 0.18107451137852842 1.5278 -21.518297347947616 H3_REU.txt NeighborSum 20.1
0.0 0.1884918247963474 -0.30784 -14.601826155496525 H3_REU.txt NeighborSum 20.1
1.0 0.19177950181198458 -0.06145 -12.967598177935102 H3_REU.txt NeighborSum 20.1
1.0 0.17493320737835577 0.37206 -23.631811653181625 H3_REU.txt NeighborSum 20.1
1.0 0.16702355721378742 -0.35842 -27.37756151384102 H3_REU.txt NeighborSum 20.1
0.0 0.18872928855052679 -1.58404 -12.73638170002292 H3_REU.txt NeighborSum 20.1
0.0 0.1366891514534288 -4.24126 -40.28266509251005 H3_REU.txt NeighborSum 20.1
0.0 0.18386413987957742 2.84913 -21.633635938017353 H3_REU.txt NeighborSum 20.1
0.0 0.1520526541972279 2.11652 -39.676503204199754 H3_REU.txt NeighborSum 20.1
0.0 0.11678414478634241 -1.02019 -56.54115357398476 H3_REU.txt NeighborSum 20.1
0.0 0.06468522676583002 -2.07897 -86.28113044363023 H3_REU.txt NeighborSum 20.1
0.0 0.12388828143349787 -0.12717 -53.49681972938357 H3_REU.txt NeighborSum 20.1
0.0 0.12088105037199151 -1.49308 -53.451467805132786 H3_REU.txt NeighborSum 20.1
0.0 0.16400744330510642 -0.6406 -28.800988023699535 H3_REU.txt NeighborSum 20.1
0.0 0.15051648197472817 -1.38762 -35.86359002804934 H3_REU.txt NeighborSum 20.1
0.0 0.19207129455022914 -0.21592 -12.584428797735498 H3_REU.txt NeighborSum 20.1
0.0 0.18474306461963438 -1.3971 -15.373703268216492 H3_REU.txt NeighborSum 20.1
0.0 0.17330989514717748 1.17292 -25.684484796129464 H3_REU.txt NeighborSum 20.1
0.0 0.14671368387136702 -2.37496 -36.80542925845354 H3_REU.txt NeighborSum 20.1
0.0 0.15220877261793986 -0.94216 -35.45267326084822 H3_REU.txt NeighborSum 20.1
0.0 0.11124103870121985 -2.83706 -57.40399103221366 H3_REU.txt NeighborSum 20.1
0.0 0.08428605288923935 -0.05428 -77.28847729830854 H3_REU.txt NeighborSum 20.1
0.0 0.11058775670406874 -2.36904 -58.426848737137874 H3_REU.txt NeighborSum 20.1
0.0 0.09773410737010921 -4.07135 -63.81814040618782 H3_REU.txt NeighborSum 20.1
0.0 0.035260826388758465 -5.44984 -99.33315779585489 H3_REU.txt NeighborSum 20.1
0.0 0.052450384170755454 -5.64414 -88.7866047557083 H3_REU.txt NeighborSum 20.1
0.0 0.08721591384763994 -3.2017 -71.28533816494001 H3_REU.txt NeighborSum 20.1
0.0 0.04387682465669651 -4.05429 -96.06292135199662 H3_REU.txt NeighborSum 20.1
0.0 0.004080659216936261 -4.4285 -119.36684573418393 H3_REU.txt NeighborSum 20.1
0.0 0.057953840976778054 -4.51222 -87.02253534736118 H3_REU.txt NeighborSum 20.1
0.0 0.08289933944153471 -1.34928 -76.36935838995424 H3_REU.txt NeighborSum 20.1
0.0 0.03210847623897528 -2.1003 -105.74234971362476 H3_REU.txt NeighborSum 20.1
0.0 0.033147906640613956 -2.90681 -104.03137174546292 H3_REU.txt NeighborSum 20.1
0.0 0.09501963822412438 -1.3563 -69.108544436084 H3_REU.txt NeighborSum 20.1
0.0 0.08781512675773545 -4.40102 -69.30728476814541 H3_REU.txt NeighborSum 20.1
0.0 0.04205793920205475 -5.02552 -95.83957989443874 H3_REU.txt NeighborSum 20.1
0.0 0.07940932172077592 -2.10897 -77.43148483801784 H3_REU.txt NeighborSum 20.1
0.0 0.11634646164201287 -1.42312 -56.25889589430814 H3_REU.txt NeighborSum 20.1
0.0 0.0819794174831997 -3.032 -74.64739209604679 H3_REU.txt NeighborSum 20.1
0.0 0.06900456006022582 -2.54882 -83.06247579374777 H3_REU.txt NeighborSum 20.1
0.0 0.11733229645242753 -1.28902 -55.85017851835282 H3_REU.txt NeighborSum 20.1
0.0 0.12188431061740401 -2.18418 -51.91797885617809 H3_REU.txt NeighborSum 20.1
0.0 0.07940868498388204 -3.592 -75.42918890030468 H3_REU.txt NeighborSum 20.1
0.0 0.09458488312158664 -1.88471 -68.65508735278068 H3_REU.txt NeighborSum 20.1
0.0 0.13244396692679922 -0.42065 -47.9818088849832 H3_REU.txt NeighborSum 20.1
0.0 0.11408569895204362 -1.87732 -56.99811574736024 H3_REU.txt NeighborSum 20.1
0.0 0.08479181224582344 -4.76208 -70.62850006711787 H3_REU.txt NeighborSum 20.1
0.0 0.1099224803878268 -3.63917 -57.10969264679802 H3_REU.txt NeighborSum 20.1
0.0 0.13032651014949737 -2.12472 -46.947472960927904 H3_REU.txt NeighborSum 20.1
0.0 0.09642682452844664 -0.5032 -69.41867511502308 H3_REU.txt NeighborSum 20.1
0.0 0.08699569799889417 -0.50472 -75.05907831228767 H3_REU.txt NeighborSum 20.1
0.0 0.11359261466715798 -2.29666 -56.726843481930935 H3_REU.txt NeighborSum 20.1
0.0 0.11969432610876292 -0.70337 -55.22788212429544 H3_REU.txt NeighborSum 20.1
0.0 0.0822618667906784 -3.93135 -73.26393018212289 H3_REU.txt NeighborSum 20.1
0.0 0.09183398229311956 -1.36362 -71.00457425121353 H3_REU.txt NeighborSum 20.1
0.0 0.11236417930611867 -2.29501 -57.4640201268585 H3_REU.txt NeighborSum 20.1
0.0 0.09460216816237202 -7.17301 -61.50345008107458 H3_REU.txt NeighborSum 20.1
0.0 0.08055121685452143 -2.66975 -75.99103691528651 H3_REU.txt NeighborSum 20.1
0.0 0.09888977216719724 -4.08281 -63.11125356636468 H3_REU.txt NeighborSum 20.1
0.0 0.10531019130385 -1.61904 -62.59710790569028 H3_REU.txt NeighborSum 20.1
0.0 0.07813581907613568 -1.14928 -79.48935714974445 H3_REU.txt NeighborSum 20.1
0.0 0.08693615176820849 -2.89421 -71.86794734433656 H3_REU.txt NeighborSum 20.1
0.0 0.10020283002875735 -3.09011 -63.66621462153439 H3_REU.txt NeighborSum 20.1
0.0 0.08725012881400557 -3.63086 -70.68533234138879 H3_REU.txt NeighborSum 20.1
0.0 0.07632280793956997 -3.43745 -77.48411149091888 H3_REU.txt NeighborSum 20.1
0.0 0.10477842859675857 -1.86597 -62.581797842811724 H3_REU.txt NeighborSum 20.1
0.0 0.09525610051296707 -3.18398 -66.49898308422304 H3_REU.txt NeighborSum 20.1
0.0 0.0865236407776089 -1.52937 -73.95781813467661 H3_REU.txt NeighborSum 20.1
0.0 0.10172495328297824 -2.68237 -63.30616871105382 H3_REU.txt NeighborSum 20.1
0.0 0.1168509937881855 -0.89837 -56.665664310302226 H3_REU.txt NeighborSum 20.1
0.0 0.10143754167776145 -6.13207 -58.81966237039945 H3_REU.txt NeighborSum 20.1
0.0 0.12220521969858181 4.6192 -60.913238354954686 H3_REU.txt NeighborSum 20.1
0.0 0.13872899436285743 2.55398 -48.23852838351633 H3_REU.txt NeighborSum 20.1
0.0 0.1292802548060375 -4.14995 -44.83856549644083 H3_REU.txt NeighborSum 20.1
0.0 0.11161294481368816 -2.19097 -58.05396394899747 H3_REU.txt NeighborSum 20.1
0.0 0.12081517182131488 -5.79459 -47.682142332668604 H3_REU.txt NeighborSum 20.1
0.0 0.09599269501602621 -4.53995 -64.22719756848224 H3_REU.txt NeighborSum 20.1
0.0 0.1323964830543385 0.16828 -48.80550590415484 H3_REU.txt NeighborSum 20.1
0.0 0.10759648377215049 -2.32023 -60.2823807559456 H3_REU.txt NeighborSum 20.1
0.0 0.14873685123405136 -2.2563 -35.755246302220954 H3_REU.txt NeighborSum 20.1
0.0 0.10832458009217562 -2.23281 -59.96482674567184 H3_REU.txt NeighborSum 20.1
0.0 0.12864979708779575 -0.75188 -49.80449391963741 H3_REU.txt NeighborSum 20.1
0.0 0.1022750754990526 -5.11908 -59.68651954247966 H3_REU.txt NeighborSum 20.1
0.0 0.13294737487961644 -2.29067 -45.155363500054165 H3_REU.txt NeighborSum 20.1
0.0 0.11914067844743265 -3.45165 -51.847853870286094 H3_REU.txt NeighborSum 20.1
0.0 0.14863064632406928 -4.38381 -32.945806881890405 H3_REU.txt NeighborSum 20.1
0.0 0.14828858439482992 -4.15693 -33.456833451892415 H3_REU.txt NeighborSum 20.1
0.0 0.1631955844849352 -1.35755 -28.318541061245725 H3_REU.txt NeighborSum 20.1
0.0 0.13505265325513754 -0.06909 -46.895828641761184 H3_REU.txt NeighborSum 20.1
0.0 0.1643099146625135 -4.87832 -22.897427835175783 H3_REU.txt NeighborSum 20.1
0.0 0.17188117996368 -2.02118 -22.225958795233463 H3_REU.txt NeighborSum 20.1
0.0 0.17308702934129616 0.2355 -24.55193333146942 H3_REU.txt NeighborSum 20.1
0.0 0.14549261029328064 -1.61793 -38.558263169319325 H3_REU.txt NeighborSum 20.1
0.0 0.14055312456318383 -2.75668 -39.97569667699915 H3_REU.txt NeighborSum 20.1
0.0 0.16205561209160374 -0.30834 -30.417412270028073 H3_REU.txt NeighborSum 20.1
0.0 0.15680326964106026 -2.83171 -30.152237269665513 H3_REU.txt NeighborSum 20.1
0.0 0.12044943738490758 -3.92471 -50.42603133014234 H3_REU.txt NeighborSum 20.1
1.0 0.14540130663214104 -1.33679 -38.99253849918581 H3_REU.txt NeighborSum 20.1
