0.0 0.17920731189950823 1.52884 0.70281483 0.56155535 -11.356983655427138 ../testing_datasets/H3_epi.csv NeighborSum 24
0.0 0.16776109020990118 -0.5508 0.211964021 0.626477082 -10.489959685215991 ../testing_datasets/H3_epi.csv NeighborSum 24
0.0 0.16559821488662543 -0.68593 0.612367541 0.577727537 -13.830553758771947 ../testing_datasets/H3_epi.csv NeighborSum 24
0.0 0.1524177472675103 -2.9028 1.196666614 0.482218707 -19.286299237679753 ../testing_datasets/H3_epi.csv NeighborSum 24
0.0 0.14796210813832197 -2.42402 0.715100347 0.473249904 -20.19849230260897 ../testing_datasets/H3_epi.csv NeighborSum 24
0.0 0.14530917785606723 -3.42658 0.115711929 0.608409029 -16.649100387572712 ../testing_datasets/H3_epi.csv NeighborSum 24
0.0 0.1476477807503151 -1.3467 0.690582744 0.594653653 -25.366262864627316 ../testing_datasets/H3_epi.csv NeighborSum 24
0.0 0.129331904183059 -4.18677 1.196403002 0.469250807 -31.526022835362177 ../testing_datasets/H3_epi.csv NeighborSum 24
0.0 0.13392463697074103 -2.34491 0.483154326 0.538550908 -29.656673677902678 ../testing_datasets/H3_epi.csv NeighborSum 24
0.0 0.14447745450892013 0.09823 0.130677272 0.609272048 -28.087845582161158 ../testing_datasets/H3_epi.csv NeighborSum 24
0.0 0.1298985374338827 -1.99779 0.943695555 0.516303867 -36.63247374946268 ../testing_datasets/H3_epi.csv NeighborSum 24
0.0 0.11347648292254432 -4.73053 0.958617728 0.467438631 -39.311056744602375 ../testing_datasets/H3_epi.csv NeighborSum 24
0.0 0.12444550269721877 -3.1488 0.262675306 0.574262765 -32.834664216093636 ../testing_datasets/H3_epi.csv NeighborSum 24
0.0 0.13639711045987563 -0.18274 0.539623645 0.595199657 -35.76574304380934 ../testing_datasets/H3_epi.csv NeighborSum 24
0.0 0.11498303763014256 -3.23461 1.223431364 0.509046026 -45.38917940716097 ../testing_datasets/H3_epi.csv NeighborSum 24
0.0 0.1187069452017065 -2.77369 0.815664173 0.510678066 -41.16282105663588 ../testing_datasets/H3_epi.csv NeighborSum 24
0.0 0.14036238350681143 -0.08763 0.760532859 0.627501588 -35.37377021716447 ../testing_datasets/H3_epi.csv NeighborSum 24
0.0 0.13017883042264583 -1.15649 0.854286305 0.549632638 -38.83996908446522 ../testing_datasets/H3_epi.csv NeighborSum 24
0.0 0.10734301409283822 -3.9233 1.153800785 0.454219304 -47.353206028101916 ../testing_datasets/H3_epi.csv NeighborSum 24
0.0 0.12821882195491158 -2.31607 1.042818155 0.539641004 -37.94199107064212 ../testing_datasets/H3_epi.csv NeighborSum 24
0.0 0.13772123585310436 -1.72819 0.812858912 0.632049147 -32.70804677744537 ../testing_datasets/H3_epi.csv NeighborSum 24
0.0 0.11157535536275745 -4.04467 1.048833101 0.538544532 -44.49429825223878 ../testing_datasets/H3_epi.csv NeighborSum 24
0.0 0.1061000971158533 -4.43669 1.118867783 0.470433077 -46.65941168298929 ../testing_datasets/H3_epi.csv NeighborSum 24
0.0 0.1385451483829522 -0.93916 1.004286968 0.628100731 -35.88191777657111 ../testing_datasets/H3_epi.csv NeighborSum 24
0.0 0.12838225702913292 -1.38571 0.864627887 0.599518878 -40.250559226939714 ../testing_datasets/H3_epi.csv NeighborSum 24
0.0 0.10246515360026184 -4.76964 1.682866623 0.478859209 -52.52126214089524 ../testing_datasets/H3_epi.csv NeighborSum 24
0.0 0.11622463619462492 -3.66705 0.973980498 0.542138731 -41.85230679898666 ../testing_datasets/H3_epi.csv NeighborSum 24
0.0 0.1352533399135356 -1.60765 1.019964963 0.631878833 -36.35203407214401 ../testing_datasets/H3_epi.csv NeighborSum 24
0.0 0.11036132420102612 -2.145 1.080741775 0.554341472 -51.611179947235804 ../testing_datasets/H3_epi.csv NeighborSum 24
0.0 0.09920205479531317 -3.17593 1.026439054 0.498467907 -55.123089811629455 ../testing_datasets/H3_epi.csv NeighborSum 24
0.0 0.1279886847758099 -1.05362 0.783120339 0.616650998 -41.19754622081553 ../testing_datasets/H3_epi.csv NeighborSum 24
0.0 0.11581616109318557 -3.13934 0.87491363 0.59456164 -43.81248787317185 ../testing_datasets/H3_epi.csv NeighborSum 24
0.0 0.09168847227005845 -3.01718 1.273974642 0.491998065 -62.65923563121411 ../testing_datasets/H3_epi.csv NeighborSum 24
0.0 0.09346706405719657 -4.10324 0.698662507 0.53317147 -54.465194236911664 ../testing_datasets/H3_epi.csv NeighborSum 24
0.0 0.1191698821162683 0.52582 0.806137062 0.632076224 -52.653173306318784 ../testing_datasets/H3_epi.csv NeighborSum 24
0.0 0.09437440548301829 -1.99172 0.999791515 0.482538406 -61.70522377601107 ../testing_datasets/H3_epi.csv NeighborSum 24
0.0 0.06585529298933132 -4.67313 0.723010869 0.429239388 -70.8796961656218 ../testing_datasets/H3_epi.csv NeighborSum 24
0.0 0.0988882593329727 -1.1148 0.9134052 0.540615998 -61.42264491021003 ../testing_datasets/H3_epi.csv NeighborSum 24
0.0 0.09162148733407426 -5.404 1.177075753 0.529124751 -55.29189049874466 ../testing_datasets/H3_epi.csv NeighborSum 24
0.0 0.05306493031737468 -4.9215 0.866090372 0.346167498 -78.97416758863463 ../testing_datasets/H3_epi.csv NeighborSum 24
0.0 0.06841657770357215 -2.35313 1.040738514 0.406823853 -78.13544815924473 ../testing_datasets/H3_epi.csv NeighborSum 24
0.0 0.09091396976403308 -2.96365 0.883922457 0.46264375 -60.03766138143779 ../testing_datasets/H3_epi.csv NeighborSum 24
0.0 0.058066401739125265 -4.06317 1.192942461 0.270529635 -79.31148303569115 ../testing_datasets/H3_epi.csv NeighborSum 24
0.0 0.025724680214343737 -4.13784 0.598159525 0.323559242 -98.39084672853015 ../testing_datasets/H3_epi.csv NeighborSum 24
0.0 0.0585419185841258 -3.01452 1.063868523 0.328395925 -82.09181365729626 ../testing_datasets/H3_epi.csv NeighborSum 24
0.0 0.055833037422112874 -5.09443 1.020103694 0.287609174 -76.73594521044427 ../testing_datasets/H3_epi.csv NeighborSum 24
0.0 0.017438891383619648 -2.28589 0.436271469 0.391556774 -109.73062025628997 ../testing_datasets/H3_epi.csv NeighborSum 24
0.0 0.011790048585210183 -3.6143 0.535295504 0.405053862 -110.6261691230263 ../testing_datasets/H3_epi.csv NeighborSum 24
0.0 0.05551869291912337 -2.23618 1.043296385 0.436763376 -88.09857791209795 ../testing_datasets/H3_epi.csv NeighborSum 24
0.0 0.02583279321359261 -3.25662 0.716735645 0.416629836 -103.29014303527188 ../testing_datasets/H3_epi.csv NeighborSum 24
0.0 -0.024028634365256596 -3.97757 0.332333688 0.408527766 -133.4338001611634 ../testing_datasets/H3_epi.csv NeighborSum 24
0.0 0.01231400461252613 -3.66304 0.984743405 0.426183226 -113.75396158257662 ../testing_datasets/H3_epi.csv NeighborSum 24
0.0 0.03809183079553316 -2.33928 0.827641358 0.386560227 -97.76421620027783 ../testing_datasets/H3_epi.csv NeighborSum 24
0.0 -0.01698606648736173 -4.78178 0.752629948 0.431684229 -129.4622924873036 ../testing_datasets/H3_epi.csv NeighborSum 24
0.0 -0.020427877378150938 -2.92275 0.760721617 0.380252846 -136.83316430024868 ../testing_datasets/H3_epi.csv NeighborSum 24
0.0 0.03635955013124573 -2.88438 0.993678795 0.346179275 -97.94574865610531 ../testing_datasets/H3_epi.csv NeighborSum 24
0.0 0.02778459914127651 -5.10075 0.800457834 0.497762087 -98.15113489383788 ../testing_datasets/H3_epi.csv NeighborSum 24
0.0 -0.022282890567575986 -5.5473 0.704684042 0.379752709 -129.73791571949096 ../testing_datasets/H3_epi.csv NeighborSum 24
0.0 0.012314891991036497 -5.75177 1.140684827 0.403300247 -108.20275186761127 ../testing_datasets/H3_epi.csv NeighborSum 24
0.0 0.05985711927632133 -1.90614 0.70700435 0.403129698 -83.03076206500984 ../testing_datasets/H3_epi.csv NeighborSum 24
0.0 0.03981518886919 -4.0602 1.090830856 0.472615618 -94.56470165788868 ../testing_datasets/H3_epi.csv NeighborSum 24
0.0 0.014697554658713752 -6.95578 1.013050303 0.4003109 -101.86202079412146 ../testing_datasets/H3_epi.csv NeighborSum 24
0.0 0.07279188069262893 -3.20118 0.997334168 0.353239521 -71.3199032538396 ../testing_datasets/H3_epi.csv NeighborSum 24
0.0 0.09048408891982411 -2.07735 0.700903709 0.409320593 -60.87308404580002 ../testing_datasets/H3_epi.csv NeighborSum 24
0.0 0.08178057156581758 -2.42921 1.057297943 0.376497109 -68.10220257287563 ../testing_datasets/H3_epi.csv NeighborSum 24
0.0 0.1180523504721567 -0.34127 0.801095412 0.412423433 -47.42445963015212 ../testing_datasets/H3_epi.csv NeighborSum 24
0.0 0.07329459164486465 -1.1374 1.414119983 0.508437329 -82.69060656989225 ../testing_datasets/H3_epi.csv NeighborSum 24
0.0 0.05494907189048505 -3.56227 1.320760203 0.533053811 -87.98553931966468 ../testing_datasets/H3_epi.csv NeighborSum 24
0.0 0.09216228699583782 -6.05407 1.078336037 0.455954045 -51.086247971052615 ../testing_datasets/H3_epi.csv NeighborSum 24
0.0 0.07823603034049047 -5.75949 1.527139493 0.563980563 -66.80862581141213 ../testing_datasets/H3_epi.csv NeighborSum 24
0.0 0.12890168926654022 -1.72598 0.995512046 0.461749902 -37.71823701641049 ../testing_datasets/H3_epi.csv NeighborSum 24
0.0 0.11929313224376013 -0.27599 0.809259689 0.498023719 -48.1081996130129 ../testing_datasets/H3_epi.csv NeighborSum 24
0.0 0.13453213477780346 0.78786 0.661070452 0.488295188 -39.31077333154236 ../testing_datasets/H3_epi.csv NeighborSum 24
0.0 0.09327513801528177 -1.25191 1.286137987 0.465452962 -66.59333334965419 ../testing_datasets/H3_epi.csv NeighborSum 24
0.0 0.05819941015813186 -3.39295 1.206935439 0.389150128 -83.1662712399556 ../testing_datasets/H3_epi.csv NeighborSum 24
0.0 0.10649398327722744 -0.6642 0.629992918 0.546774317 -55.40531376359374 ../testing_datasets/H3_epi.csv NeighborSum 24
0.0 0.0883741801644867 -0.54879 0.537023876 0.518248533 -67.46429223063984 ../testing_datasets/H3_epi.csv NeighborSum 24
0.0 0.022531117713171067 -4.67577 1.163806547 0.338176932 -103.42287875453243 ../testing_datasets/H3_epi.csv NeighborSum 24
0.0 0.06352236693150633 -3.61244 1.138946126 0.489545243 -79.75481912214538 ../testing_datasets/H3_epi.csv NeighborSum 24
0.0 0.10040444548312183 -2.14659 0.433889401 0.614015761 -54.77896860747507 ../testing_datasets/H3_epi.csv NeighborSum 24
0.0 0.04303299694540133 -3.42675 0.753158473 0.379966177 -90.30491777741395 ../testing_datasets/H3_epi.csv NeighborSum 24
0.0 0.03025468533116371 -2.43284 1.307695958 0.354909653 -106.0987001754381 ../testing_datasets/H3_epi.csv NeighborSum 24
0.0 0.09640088691153655 -2.60718 0.821615474 0.583038153 -58.609282390263566 ../testing_datasets/H3_epi.csv NeighborSum 24
0.0 0.10208265998730914 -1.84538 0.867244679 0.579307992 -57.18519851310049 ../testing_datasets/H3_epi.csv NeighborSum 24
0.0 0.055526527242814885 -1.47083 1.13120506 0.383977002 -90.26875435234317 ../testing_datasets/H3_epi.csv NeighborSum 24
0.0 0.08703233512275138 -5.06677 0.951889434 0.590394481 -58.83416934829137 ../testing_datasets/H3_epi.csv NeighborSum 24
0.0 0.14039235612842788 0.14959 0.825507389 0.500680061 -34.62432687951031 ../testing_datasets/H3_epi.csv NeighborSum 24
0.0 0.1083751123242399 -2.35388 0.793110125 0.484987789 -49.19787986078874 ../testing_datasets/H3_epi.csv NeighborSum 24
0.0 0.08800689769973973 -1.97868 1.031493409 0.412505547 -65.42182700137508 ../testing_datasets/H3_epi.csv NeighborSum 24
0.0 0.128880607967194 -1.68432 0.864759332 0.640975992 -39.621172220940124 ../testing_datasets/H3_epi.csv NeighborSum 24
0.0 0.15353186119632406 -2.93833 0.61270284 0.346884099 -12.008211324880952 ../testing_datasets/H3_epi.csv NeighborSum 24
0.0 0.17681691728085858 0.00428 0.884873647 0.498689027 -8.800220838619495 ../testing_datasets/H3_epi.csv NeighborSum 24
0.0 0.18130749187986267 3.39402 0.640065215 0.309540596 -11.244528702967145 ../testing_datasets/H3_epi.csv NeighborSum 24
0.0 0.20284679958915253 3.72932 0.851685847 0.472378626 -1.0585862866391547 ../testing_datasets/H3_epi.csv NeighborSum 24
0.0 0.1881431534537364 3.02247 0.348089293 0.486863257 -5.813216805934894 ../testing_datasets/H3_epi.csv NeighborSum 24
0.0 0.14291248909512158 -1.44359 0.862810622 0.259698915 -24.59902144841002 ../testing_datasets/H3_epi.csv NeighborSum 24
0.0 0.157207449540068 0.04102 0.592361004 0.467037937 -20.15060059112386 ../testing_datasets/H3_epi.csv NeighborSum 24
0.0 0.11702206925997659 -5.15766 0.872087436 0.349740606 -33.06866397004787 ../testing_datasets/H3_epi.csv NeighborSum 24
0.0 0.1510980089692476 -2.09295 0.212941744 0.601158313 -17.21747425063287 ../testing_datasets/H3_epi.csv NeighborSum 24
0.0 0.10653649111719563 -2.09427 1.046359446 0.489431993 -53.231153611258776 ../testing_datasets/H3_epi.csv NeighborSum 24
0.0 0.13694237988026373 -0.9528 0.561512033 0.596570427 -33.219191417622945 ../testing_datasets/H3_epi.csv NeighborSum 24
0.0 0.11154769266771361 -0.93621 0.924414753 0.499467611 -52.45741171738357 ../testing_datasets/H3_epi.csv NeighborSum 24
0.0 0.10232383677467156 -4.12068 0.847142193 0.393469877 -47.11264793711951 ../testing_datasets/H3_epi.csv NeighborSum 24
0.0 0.10358086661538568 -1.51253 1.19843548 0.562528423 -59.33221352403354 ../testing_datasets/H3_epi.csv NeighborSum 24
0.0 0.1353407770310876 -3.8361 0.445627454 0.570197539 -24.32043273059399 ../testing_datasets/H3_epi.csv NeighborSum 24
0.0 0.1517352765051045 -0.29297 0.155453728 0.475606338 -19.906736002488824 ../testing_datasets/H3_epi.csv NeighborSum 24
0.0 0.15338789610934317 0.84165 0.29890498 0.353029544 -21.384403078072083 ../testing_datasets/H3_epi.csv NeighborSum 24
0.0 0.12485213009047255 -0.78019 0.885523229 0.403688576 -41.7658480951844 ../testing_datasets/H3_epi.csv NeighborSum 24
0.0 0.11925927582270394 -0.54588 0.693656821 0.559945629 -47.39830859799892 ../testing_datasets/H3_epi.csv NeighborSum 24
0.0 0.14174745862221688 -0.0536 0.530187444 0.574809442 -31.990082846558064 ../testing_datasets/H3_epi.csv NeighborSum 24
0.0 0.12187488561894605 -1.19656 0.883519866 0.428623689 -42.97171909798497 ../testing_datasets/H3_epi.csv NeighborSum 24
0.0 0.09673592222690919 -2.19318 1.387089416 0.575558465 -63.7018558263307 ../testing_datasets/H3_epi.csv NeighborSum 24
0.0 0.14071324306908342 1.59275 0.778761919 0.606189786 -40.04913111644623 ../testing_datasets/H3_epi.csv NeighborSum 24
0.0 0.17192984551900767 0.1107 0.859310583 0.467540693 -11.921045599438859 ../testing_datasets/H3_epi.csv NeighborSum 24
0.0 0.16936077961256096 0.41361 0.297774008 0.563904458 -11.974220818584481 ../testing_datasets/H3_epi.csv NeighborSum 24
0.0 0.1703291246990038 0.28113 0.63965973 0.544507881 -13.11970291910298 ../testing_datasets/H3_epi.csv NeighborSum 24
0.0 0.15586955580582135 -2.27529 1.182778761 0.440773273 -18.017962735335573 ../testing_datasets/H3_epi.csv NeighborSum 24
0.0 0.14265431225342434 -3.70025 0.804572899 0.427404248 -20.03719680198446 ../testing_datasets/H3_epi.csv NeighborSum 24
0.0 0.14643699653442455 -2.84012 0.209785592 0.611011815 -18.370794128734996 ../testing_datasets/H3_epi.csv NeighborSum 24
0.0 0.1502697884899065 -1.13788 0.710732654 0.562273126 -23.80125881092645 ../testing_datasets/H3_epi.csv NeighborSum 24
0.0 0.1290925311617162 -4.20663 1.229652285 0.410203822 -30.982115644624738 ../testing_datasets/H3_epi.csv NeighborSum 24
0.0 0.1350278075710309 -2.08391 0.546764592 0.576019322 -30.710870948063643 ../testing_datasets/H3_epi.csv NeighborSum 24
0.0 0.14408575876097213 0.0015 0.148827361 0.620165623 -28.370983739223078 ../testing_datasets/H3_epi.csv NeighborSum 24
0.0 0.12995279635295676 -2.16323 0.988284263 0.485308723 -35.94863780250853 ../testing_datasets/H3_epi.csv NeighborSum 24
0.0 0.11212178639852066 -4.83761 0.97372298 0.403990021 -39.09019942657004 ../testing_datasets/H3_epi.csv NeighborSum 24
0.0 0.12641257000021383 -2.8658 0.267811892 0.599316612 -32.72246660378036 ../testing_datasets/H3_epi.csv NeighborSum 24
0.0 0.13544176106893047 -0.51165 0.525778473 0.583949304 -35.16759764126398 ../testing_datasets/H3_epi.csv NeighborSum 24
0.0 0.11094424913650813 -3.94918 1.253416225 0.426396575 -45.03800525747596 ../testing_datasets/H3_epi.csv NeighborSum 24
0.0 0.11920857406871382 -2.78632 0.812587298 0.544642374 -41.26353416769426 ../testing_datasets/H3_epi.csv NeighborSum 24
0.0 0.14103919117311203 0.05174 0.750926705 0.639230418 -35.42614289847493 ../testing_datasets/H3_epi.csv NeighborSum 24
0.0 0.12541947958262134 -1.73511 0.896655797 0.536271912 -40.55922450736652 ../testing_datasets/H3_epi.csv NeighborSum 24
0.0 0.10483672318438152 -3.95331 1.164038449 0.392366016 -48.17054624960329 ../testing_datasets/H3_epi.csv NeighborSum 24
0.0 0.1293468673068493 -1.74702 1.014292453 0.576458363 -39.22435346892585 ../testing_datasets/H3_epi.csv NeighborSum 24
0.0 0.13396770729957774 -1.75657 0.823902963 0.621906065 -35.20670729403604 ../testing_datasets/H3_epi.csv NeighborSum 24
0.0 0.10824099085143439 -3.38826 1.050005639 0.495719354 -48.20936173797698 ../testing_datasets/H3_epi.csv NeighborSum 24
0.0 0.10819204251535007 -3.48545 1.118057678 0.467466891 -48.021646095747144 ../testing_datasets/H3_epi.csv NeighborSum 24
0.0 0.1394281563987576 0.03917 1.024392338 0.631669233 -38.43682966434453 ../testing_datasets/H3_epi.csv NeighborSum 24
0.0 0.12043881085790281 -2.27652 0.811640813 0.607153363 -42.88847440943156 ../testing_datasets/H3_epi.csv NeighborSum 24
0.0 0.09790715758770574 -5.13785 1.672334066 0.408430113 -53.47795724091142 ../testing_datasets/H3_epi.csv NeighborSum 24
0.0 0.11814936414130539 -3.23876 0.990691291 0.567722225 -42.30590427695379 ../testing_datasets/H3_epi.csv NeighborSum 24
0.0 0.12746037493067938 -2.91654 1.020979387 0.643275644 -38.06801639719537 ../testing_datasets/H3_epi.csv NeighborSum 24
0.0 0.09903824536499295 -4.50715 1.055795637 0.514645867 -51.65169625314303 ../testing_datasets/H3_epi.csv NeighborSum 24
0.0 0.09671261059758202 -4.03849 1.066198821 0.446254287 -53.760250472740786 ../testing_datasets/H3_epi.csv NeighborSum 24
0.0 0.12498939944478782 -1.36978 0.778543834 0.607264091 -42.182381225195186 ../testing_datasets/H3_epi.csv NeighborSum 24
0.0 0.10631500244711135 -4.30798 0.847986298 0.59031896 -46.71991313744335 ../testing_datasets/H3_epi.csv NeighborSum 24
0.0 0.08545776841706518 -3.53463 1.275809547 0.40190763 -64.13834374798678 ../testing_datasets/H3_epi.csv NeighborSum 24
0.0 0.09942958401607166 -2.56919 0.741038623 0.542195954 -55.36239059409058 ../testing_datasets/H3_epi.csv NeighborSum 24
0.0 0.11840089236692564 0.28557 0.764726784 0.625742436 -52.06376741644839 ../testing_datasets/H3_epi.csv NeighborSum 24
0.0 0.093183233624124 0.03139 0.943782976 0.499055425 -68.54202015982078 ../testing_datasets/H3_epi.csv NeighborSum 24
0.0 0.06859485646868242 -4.03036 0.714746749 0.387679481 -70.2019761600044 ../testing_datasets/H3_epi.csv NeighborSum 24
0.0 0.09974767653053082 -2.02353 0.930253372 0.548842022 -58.298762565461544 ../testing_datasets/H3_epi.csv NeighborSum 24
0.0 0.08709883456855887 -5.07726 1.256053567 0.552774454 -60.43288485501279 ../testing_datasets/H3_epi.csv NeighborSum 24
0.0 0.04825596928304188 -5.28832 0.835810015 0.384117365 -81.61671571023659 ../testing_datasets/H3_epi.csv NeighborSum 24
0.0 0.07639834819296541 -2.36821 1.083273344 0.479061963 -73.85248184959869 ../testing_datasets/H3_epi.csv NeighborSum 24
0.0 0.09140955131534265 -2.95877 0.886397964 0.533813016 -60.803454530334264 ../testing_datasets/H3_epi.csv NeighborSum 24
0.0 0.05437667268515799 -3.71619 1.218344686 0.311900771 -83.79770931550307 ../testing_datasets/H3_epi.csv NeighborSum 24
0.0 0.028189966032274638 -4.48718 0.617600794 0.405366022 -96.97155855150551 ../testing_datasets/H3_epi.csv NeighborSum 24
0.0 0.06359273100616537 -3.13134 1.0464075 0.5403663 -81.25803238174784 ../testing_datasets/H3_epi.csv NeighborSum 24
0.0 0.05030305533621249 -5.72685 1.026717248 0.287898969 -78.78041352215988 ../testing_datasets/H3_epi.csv NeighborSum 24
0.0 0.013351254395469664 -2.59026 0.518199171 0.368240239 -111.94991338435798 ../testing_datasets/H3_epi.csv NeighborSum 24
0.0 0.017001849076101305 -2.8663 0.539287956 0.486555808 -110.48242868423932 ../testing_datasets/H3_epi.csv NeighborSum 24
0.0 0.05072484750197212 -2.44934 1.023206693 0.464467007 -91.11741311666296 ../testing_datasets/H3_epi.csv NeighborSum 24
0.0 0.020604898609904748 -3.83694 0.728241107 0.422476545 -105.40005139430036 ../testing_datasets/H3_epi.csv NeighborSum 24
0.0 -0.02648684691215905 -3.89887 0.328855717 0.382383951 -134.9900867592994 ../testing_datasets/H3_epi.csv NeighborSum 24
0.0 0.00702289630032224 -4.07024 0.974385705 0.506631538 -117.40945512612277 ../testing_datasets/H3_epi.csv NeighborSum 24
0.0 0.034411725796473724 -2.38199 0.843482432 0.384565318 -100.32682822129692 ../testing_datasets/H3_epi.csv NeighborSum 24
0.0 -0.013814519720654839 -3.82156 0.746764275 0.439312904 -130.21132579340576 ../testing_datasets/H3_epi.csv NeighborSum 24
0.0 -0.024802894774336254 -3.38786 0.741876229 0.415290525 -138.90962649254226 ../testing_datasets/H3_epi.csv NeighborSum 24
0.0 0.028343221913142952 -3.11426 0.873741936 0.373295355 -102.44772076906631 ../testing_datasets/H3_epi.csv NeighborSum 24
0.0 0.022621330328417927 -5.24012 0.715975754 0.482192467 -100.52083354085566 ../testing_datasets/H3_epi.csv NeighborSum 24
0.0 -0.0236491893227192 -5.12656 0.676692141 0.403193686 -132.13542144024413 ../testing_datasets/H3_epi.csv NeighborSum 24
0.0 0.01118031546855211 -5.4106 1.149109632 0.416671749 -110.31019135256088 ../testing_datasets/H3_epi.csv NeighborSum 24
0.0 0.054224894506125526 -2.74384 0.663963377 0.411535695 -84.27913777520841 ../testing_datasets/H3_epi.csv NeighborSum 24
0.0 0.04622997984497579 -2.92053 1.038341646 0.494932181 -93.44203704665891 ../testing_datasets/H3_epi.csv NeighborSum 24
0.0 0.014076599748751056 -6.71791 1.00931652 0.349881488 -102.23013400892489 ../testing_datasets/H3_epi.csv NeighborSum 24
0.0 0.07526807807535162 -1.92027 1.009611947 0.349563584 -73.49927635294391 ../testing_datasets/H3_epi.csv NeighborSum 24
0.0 0.09530154820408694 -1.81679 0.652709931 0.420269957 -58.06502485744048 ../testing_datasets/H3_epi.csv NeighborSum 24
0.0 0.09153238370021761 -0.51203 1.057207112 0.373279735 -66.98161863923823 ../testing_datasets/H3_epi.csv NeighborSum 24
0.0 0.12012453645243631 -0.09657 0.796349185 0.334679664 -45.483101256058355 ../testing_datasets/H3_epi.csv NeighborSum 24
0.0 0.06277907358279795 -1.49485 1.425720087 0.240282756 -85.05178926844692 ../testing_datasets/H3_epi.csv NeighborSum 24
0.0 0.04737853820828891 -3.73869 1.324051971 0.365272282 -90.27903826740496 ../testing_datasets/H3_epi.csv NeighborSum 24
0.0 0.10412166272830439 -2.59388 0.931263958 0.562063996 -53.67491505388799 ../testing_datasets/H3_epi.csv NeighborSum 24
0.0 0.07758702802046011 -5.61514 1.533873041 0.56157671 -67.72063858304926 ../testing_datasets/H3_epi.csv NeighborSum 24
0.0 0.12665671371405895 -2.13966 1.003082454 0.46457996 -38.148094246618285 ../testing_datasets/H3_epi.csv NeighborSum 24
0.0 0.10069659846300381 -2.37709 0.678620048 0.452984855 -53.22978488736579 ../testing_datasets/H3_epi.csv NeighborSum 24
0.0 0.1254665552159937 0.17981 0.75855219 0.380298829 -42.956522946038014 ../testing_datasets/H3_epi.csv NeighborSum 24
0.0 0.07934287030264005 -2.60548 1.338682007 0.414699532 -71.95540732343756 ../testing_datasets/H3_epi.csv NeighborSum 24
0.0 0.05721795386885094 -3.98847 1.177513617 0.379725251 -81.68786162484146 ../testing_datasets/H3_epi.csv NeighborSum 24
0.0 0.10554771521658309 -0.18059 0.609733531 0.568492374 -57.72770550708314 ../testing_datasets/H3_epi.csv NeighborSum 24
0.0 0.08416236628028731 -0.96669 0.57155383 0.511658692 -69.3300077420488 ../testing_datasets/H3_epi.csv NeighborSum 24
0.0 0.020893805773926133 -4.8795 1.200862802 0.394994434 -105.10145282390856 ../testing_datasets/H3_epi.csv NeighborSum 24
0.0 0.060123421104268035 -3.67725 1.102180344 0.534471882 -82.37623673217095 ../testing_datasets/H3_epi.csv NeighborSum 24
0.0 0.08839924652248034 -3.05186 0.423707349 0.616079463 -60.480752334305976 ../testing_datasets/H3_epi.csv NeighborSum 24
0.0 0.041424085157215906 -3.64711 0.798066441 0.45229618 -92.20704475648097 ../testing_datasets/H3_epi.csv NeighborSum 24
0.0 0.02885381994052738 -2.49425 1.225768266 0.457767935 -107.8635419435869 ../testing_datasets/H3_epi.csv NeighborSum 24
0.0 0.08667860792136282 -1.96038 0.760830503 0.599357063 -67.26017832929399 ../testing_datasets/H3_epi.csv NeighborSum 24
0.0 0.09596987332125108 -1.69825 0.869511023 0.583571932 -62.04283350795939 ../testing_datasets/H3_epi.csv NeighborSum 24
0.0 0.053356440066933575 -1.71581 1.161003485 0.477452749 -92.70345365811676 ../testing_datasets/H3_epi.csv NeighborSum 24
0.0 0.07582541490782162 -4.23326 1.014349233 0.58835187 -69.73676622858969 ../testing_datasets/H3_epi.csv NeighborSum 24
0.0 0.12698187452667822 -1.06952 0.973275298 0.510262173 -41.64924492744948 ../testing_datasets/H3_epi.csv NeighborSum 24
0.0 0.10573491173660204 -2.15604 0.825378865 0.436412063 -51.168534278344666 ../testing_datasets/H3_epi.csv NeighborSum 24
0.0 0.08415345533544992 -2.29049 1.012759628 0.455058025 -67.71070841371485 ../testing_datasets/H3_epi.csv NeighborSum 24
0.0 0.12396240279592256 -1.02117 0.84322232 0.605456103 -44.42139880825193 ../testing_datasets/H3_epi.csv NeighborSum 24
0.0 0.15302838309938327 -0.29344 0.779412834 0.327122072 -21.34568058019361 ../testing_datasets/H3_epi.csv NeighborSum 24
0.0 0.14700025176458517 -2.65906 0.930594875 0.504854588 -22.2399126073262 ../testing_datasets/H3_epi.csv NeighborSum 24
0.0 0.15941194684906548 0.47193 0.379967836 0.436321724 -17.861817094890483 ../testing_datasets/H3_epi.csv NeighborSum 24
0.0 0.1674025321119259 0.8982 0.814016394 0.477707583 -17.342682862428113 ../testing_datasets/H3_epi.csv NeighborSum 24
0.0 0.15107767258350022 -0.2394 0.316414832 0.381706553 -20.2967112626527 ../testing_datasets/H3_epi.csv NeighborSum 24
0.0 0.11430181904904221 -3.05671 0.933438646 0.267033665 -40.582686918874025 ../testing_datasets/H3_epi.csv NeighborSum 24
0.0 0.14410260410954942 -0.22077 0.309571582 0.477258311 -26.696298983867766 ../testing_datasets/H3_epi.csv NeighborSum 24
0.0 0.09917440997449237 -6.60376 0.879706311 0.437279676 -42.69457568863915 ../testing_datasets/H3_epi.csv NeighborSum 24
0.0 0.14471976296679487 -1.60209 0.53804943 0.617598402 -25.88308259782494 ../testing_datasets/H3_epi.csv NeighborSum 24
0.0 0.09739442790444597 -3.18765 1.011120086 0.4937018 -56.181432700533556 ../testing_datasets/H3_epi.csv NeighborSum 24
0.0 0.13511616452750347 1.14064 0.543627628 0.594920348 -40.72513944260238 ../testing_datasets/H3_epi.csv NeighborSum 24
0.0 0.10678663062531968 -1.32924 0.923468502 0.512895651 -54.82999002998131 ../testing_datasets/H3_epi.csv NeighborSum 24
0.0 0.09992588745571102 -4.64228 0.882711911 0.41149199 -47.760878481716404 ../testing_datasets/H3_epi.csv NeighborSum 24
0.0 0.09874014512413472 -1.37019 1.186875898 0.566663894 -63.17031879967567 ../testing_datasets/H3_epi.csv NeighborSum 24
0.0 0.1287177025041067 -4.19771 0.442003714 0.573623731 -27.934957298744582 ../testing_datasets/H3_epi.csv NeighborSum 24
0.0 0.1428610392693145 -0.04808 0.120918225 0.498945978 -27.03526199569785 ../testing_datasets/H3_epi.csv NeighborSum 24
0.0 0.14471534770330644 -0.23083 0.221265229 0.420739764 -24.717979918372848 ../testing_datasets/H3_epi.csv NeighborSum 24
0.0 0.11348594299033905 -1.1378 0.975002954 0.383610335 -49.08197818346293 ../testing_datasets/H3_epi.csv NeighborSum 24
0.0 0.10138670828716208 -2.88341 0.657951648 0.566483721 -52.77547851129485 ../testing_datasets/H3_epi.csv NeighborSum 24
0.0 0.12739150467659152 0.04784 0.203960544 0.465709462 -38.38894562234142 ../testing_datasets/H3_epi.csv NeighborSum 24
0.0 0.11990396901382412 -0.60415 0.731130699 0.394561194 -44.52384871499084 ../testing_datasets/H3_epi.csv NeighborSum 24
0.0 0.08828543777658353 -2.186 1.374086679 0.543240415 -69.11893630012928 ../testing_datasets/H3_epi.csv NeighborSum 24
0.0 0.10622823483071198 -2.75189 0.575827981 0.618551087 -49.932676040746664 ../testing_datasets/H3_epi.csv NeighborSum 24
0.0 0.17589780942189873 -0.06371 0.784631442 0.593738037 -9.94952463344609 ../testing_datasets/H3_epi.csv NeighborSum 24
0.0 0.1741960131045551 0.79046 0.404721355 0.564438746 -10.496750936368707 ../testing_datasets/H3_epi.csv NeighborSum 24
0.0 0.16926210709089107 -0.45849 0.605313959 0.547516672 -11.416247969466385 ../testing_datasets/H3_epi.csv NeighborSum 24
0.0 0.15559475575146214 -2.05804 1.121181829 0.42045763 -18.108580241927797 ../testing_datasets/H3_epi.csv NeighborSum 24
0.0 0.15026008582572814 -2.46537 0.866287947 0.475436489 -19.59746289442117 ../testing_datasets/H3_epi.csv NeighborSum 24
0.0 0.14973989870984217 -3.09908 0.225781842 0.598960413 -15.178995929032304 ../testing_datasets/H3_epi.csv NeighborSum 24
0.0 0.15088121221665066 -1.20107 0.65672676 0.55870095 -22.722077377780398 ../testing_datasets/H3_epi.csv NeighborSum 24
0.0 0.13307949148265558 -3.42813 1.183858458 0.437388659 -30.60312556092343 ../testing_datasets/H3_epi.csv NeighborSum 24
0.0 0.13951505227672423 -1.69757 0.617009927 0.583953198 -29.349779272623643 ../testing_datasets/H3_epi.csv NeighborSum 24
0.0 0.144952873781988 0.14145 0.207435725 0.606864247 -28.414006146404727 ../testing_datasets/H3_epi.csv NeighborSum 24
0.0 0.1298099942902569 -2.03707 0.94038325 0.444806271 -35.46260302603932 ../testing_datasets/H3_epi.csv NeighborSum 24
0.0 0.11415187201756916 -4.7304 1.022230688 0.450382689 -39.04422830592107 ../testing_datasets/H3_epi.csv NeighborSum 24
0.0 0.12863333554845655 -2.53619 0.334850427 0.604359704 -32.72581652849169 ../testing_datasets/H3_epi.csv NeighborSum 24
0.0 0.1363059878010912 -0.12594 0.494418865 0.571118742 -35.30201605525273 ../testing_datasets/H3_epi.csv NeighborSum 24
0.0 0.11153613089290623 -3.83323 1.23377934 0.434192912 -44.94515670258743 ../testing_datasets/H3_epi.csv NeighborSum 24
0.0 0.12120513654275782 -2.3094 0.862137593 0.577173467 -42.16299974463069 ../testing_datasets/H3_epi.csv NeighborSum 24
0.0 0.1396435390860728 0.0807 0.770149767 0.638266368 -36.630028489617935 ../testing_datasets/H3_epi.csv NeighborSum 24
0.0 0.1262257197273458 -1.36635 0.858298918 0.500572512 -40.283179365647875 ../testing_datasets/H3_epi.csv NeighborSum 24
0.0 0.10481203073709809 -4.04703 1.183739322 0.439313535 -48.763366777387034 ../testing_datasets/H3_epi.csv NeighborSum 24
0.0 0.12420032129821809 -2.53589 1.040113198 0.593647392 -40.920646493773525 ../testing_datasets/H3_epi.csv NeighborSum 24
0.0 0.13128776181229185 -2.32882 0.8189937 0.622521708 -35.33597374747423 ../testing_datasets/H3_epi.csv NeighborSum 24
0.0 0.11104808076241707 -2.36208 1.058076775 0.482879744 -49.208662505150016 ../testing_datasets/H3_epi.csv NeighborSum 24
0.0 0.10371164836408407 -4.37304 1.126303504 0.514298648 -49.267124475123445 ../testing_datasets/H3_epi.csv NeighborSum 24
0.0 0.13127467303403056 -1.28578 1.033761289 0.637086279 -40.32998515422424 ../testing_datasets/H3_epi.csv NeighborSum 24
0.0 0.12070713570432169 -1.76027 0.857445172 0.581951777 -44.22464295714001 ../testing_datasets/H3_epi.csv NeighborSum 24
0.0 0.09860703399437623 -4.75711 1.674021396 0.460665884 -54.94874749373547 ../testing_datasets/H3_epi.csv NeighborSum 24
0.0 0.11011535960170624 -4.41633 0.973501852 0.591731843 -44.6495010723932 ../testing_datasets/H3_epi.csv NeighborSum 24
0.0 0.12348316310867763 -2.95255 1.022611663 0.633192194 -40.63311182421031 ../testing_datasets/H3_epi.csv NeighborSum 24
0.0 0.09774820458691183 -4.01106 1.066444429 0.456087844 -53.26198470304915 ../testing_datasets/H3_epi.csv NeighborSum 24
0.0 0.09615094117142985 -3.00875 1.044997612 0.490030666 -57.80105407400557 ../testing_datasets/H3_epi.csv NeighborSum 24
0.0 0.11826994570502337 -1.36355 0.79112984 0.614803357 -47.1670366326898 ../testing_datasets/H3_epi.csv NeighborSum 24
0.0 0.10155370450002624 -4.80221 0.860397633 0.544333849 -47.97899219149958 ../testing_datasets/H3_epi.csv NeighborSum 24
0.0 0.08431056034514309 -3.31862 1.256955553 0.412356109 -65.62753151240874 ../testing_datasets/H3_epi.csv NeighborSum 24
0.0 0.08880197138529604 -3.5095 0.706950877 0.566876072 -60.14958332140009 ../testing_datasets/H3_epi.csv NeighborSum 24
0.0 0.10660617529761884 -0.0153 0.797042168 0.635124982 -59.881561730739286 ../testing_datasets/H3_epi.csv NeighborSum 24
0.0 0.09010160596752455 0.55593 0.973929637 0.491812211 -72.43295146534582 ../testing_datasets/H3_epi.csv NeighborSum 24
0.0 0.062035906651639605 -3.80654 0.694254731 0.425811019 -75.95612667161086 ../testing_datasets/H3_epi.csv NeighborSum 24
0.0 0.08994361620307476 -1.54641 0.891798479 0.586719497 -66.98467012345928 ../testing_datasets/H3_epi.csv NeighborSum 24
0.0 0.08004439694897815 -5.08613 1.261879668 0.551305233 -65.4216133809414 ../testing_datasets/H3_epi.csv NeighborSum 24
0.0 0.04588490908222319 -4.64777 0.820562394 0.449131647 -86.12176928969451 ../testing_datasets/H3_epi.csv NeighborSum 24
0.0 0.06720509666992057 -1.68062 1.040108166 0.498811407 -82.43551262657328 ../testing_datasets/H3_epi.csv NeighborSum 24
0.0 0.08070873227451607 -2.78645 0.869979244 0.521583404 -68.59699759107983 ../testing_datasets/H3_epi.csv NeighborSum 24
0.0 0.05100728739965882 -3.22231 1.179757521 0.378793401 -88.419234380446 ../testing_datasets/H3_epi.csv NeighborSum 24
0.0 0.02248150341799629 -4.34332 0.601591722 0.464461998 -102.23253935950534 ../testing_datasets/H3_epi.csv NeighborSum 24
0.0 0.053149409185595256 -3.20198 1.083122381 0.536047447 -88.64349438363803 ../testing_datasets/H3_epi.csv NeighborSum 24
0.0 0.04179361477435939 -6.21378 1.006637211 0.307794794 -83.4782419444782 ../testing_datasets/H3_epi.csv NeighborSum 24
0.0 0.008056114574167245 -2.78339 0.432581259 0.422469544 -115.30365678567146 ../testing_datasets/H3_epi.csv NeighborSum 24
0.0 0.012434814244222547 -2.68834 0.611989681 0.553563832 -115.81579294579396 ../testing_datasets/H3_epi.csv NeighborSum 24
0.0 0.043359427333670986 -2.1739 1.058319156 0.455904878 -97.30018871687525 ../testing_datasets/H3_epi.csv NeighborSum 24
0.0 0.01984710203411022 -2.87977 0.667925035 0.407145028 -108.1695895903053 ../testing_datasets/H3_epi.csv NeighborSum 24
0.0 -0.02792682526282725 -4.21333 0.345201153 0.470765546 -136.51930243914896 ../testing_datasets/H3_epi.csv NeighborSum 24
0.0 0.008576874970390919 -3.98978 1.059536526 0.491412183 -116.95229163327672 ../testing_datasets/H3_epi.csv NeighborSum 24
0.0 0.030469865817281144 -2.81077 0.794924622 0.385400415 -101.46657734506273 ../testing_datasets/H3_epi.csv NeighborSum 24
0.0 -0.01775270892764466 -5.25553 0.70427318 0.437332735 -128.2917164485754 ../testing_datasets/H3_epi.csv NeighborSum 24
0.0 -0.02187294607384971 -3.32452 0.750990428 0.49708766 -138.34055414486693 ../testing_datasets/H3_epi.csv NeighborSum 24
0.0 0.026261931949883244 -2.71549 0.921750244 0.361690652 -105.31338752795088 ../testing_datasets/H3_epi.csv NeighborSum 24
0.0 0.023525672562431654 -4.78668 0.731156107 0.413983088 -100.33416801723612 ../testing_datasets/H3_epi.csv NeighborSum 24
0.0 -0.019473148972266846 -5.0761 0.687332561 0.456874455 -130.22807417040667 ../testing_datasets/H3_epi.csv NeighborSum 24
0.0 0.010552051795857803 -5.39295 1.128182407 0.4428872 -111.0530339771332 ../testing_datasets/H3_epi.csv NeighborSum 24
0.0 0.05319396173050407 -1.88965 0.651141511 0.46636381 -88.34826895967 ../testing_datasets/H3_epi.csv NeighborSum 24
0.0 0.03936483307080563 -3.8445 1.092719543 0.450734477 -95.22079552037768 ../testing_datasets/H3_epi.csv NeighborSum 24
0.0 0.011579817135858012 -7.82524 1.012464666 0.427269469 -101.82991666167483 ../testing_datasets/H3_epi.csv NeighborSum 24
0.0 0.06793822475091232 -3.80103 1.015872496 0.393047444 -73.67448199646898 ../testing_datasets/H3_epi.csv NeighborSum 24
0.0 0.09041609738864556 -2.00459 0.711453749 0.463939507 -62.05224890963637 ../testing_datasets/H3_epi.csv NeighborSum 24
0.0 0.08035477198016079 -3.6809 1.115958164 0.485260775 -67.39278874263667 ../testing_datasets/H3_epi.csv NeighborSum 24
0.0 0.11713111129673569 -0.25187 0.823143494 0.414461947 -48.542964817663965 ../testing_datasets/H3_epi.csv NeighborSum 24
0.0 0.06279314193093438 -2.19764 1.451526067 0.296096304 -83.9439233793196 ../testing_datasets/H3_epi.csv NeighborSum 24
0.0 0.05495918760830194 -2.86952 1.312299207 0.48675974 -89.31899437479665 ../testing_datasets/H3_epi.csv NeighborSum 24
0.0 0.10634833382368156 -2.86086 0.912711905 0.56537855 -51.19907375112261 ../testing_datasets/H3_epi.csv NeighborSum 24
0.0 0.07301523935167768 -6.19442 1.516847775 0.560533917 -69.05316163701663 ../testing_datasets/H3_epi.csv NeighborSum 24
0.0 0.12895536439424776 -1.96319 0.97506998 0.460823665 -36.793053477177644 ../testing_datasets/H3_epi.csv NeighborSum 24
0.0 0.10450602313403633 -2.92345 0.620981734 0.470468653 -48.709631976330954 ../testing_datasets/H3_epi.csv NeighborSum 24
0.0 0.13655650540286957 0.75182 0.657617848 0.419822546 -36.69970315307255 ../testing_datasets/H3_epi.csv NeighborSum 24
0.0 0.09592360260616037 -1.66416 1.255474233 0.361532806 -61.654552295389514 ../testing_datasets/H3_epi.csv NeighborSum 24
0.0 0.05653666698770779 -4.2178 1.196279444 0.388813265 -81.74961434358613 ../testing_datasets/H3_epi.csv NeighborSum 24
0.0 0.10417557614287966 -0.67915 0.607995014 0.582008488 -57.375067188151114 ../testing_datasets/H3_epi.csv NeighborSum 24
0.0 0.08531674316426838 -1.10036 0.550428197 0.513791627 -67.98204739550495 ../testing_datasets/H3_epi.csv NeighborSum 24
0.0 0.01935835616965495 -5.2012 1.184196075 0.392317454 -105.04564509057279 ../testing_datasets/H3_epi.csv NeighborSum 24
0.0 0.05972442694677749 -2.74257 1.096636703 0.534449489 -85.4616151540584 ../testing_datasets/H3_epi.csv NeighborSum 24
0.0 0.09335284520313966 -1.89528 0.408940997 0.621989157 -60.47347755673201 ../testing_datasets/H3_epi.csv NeighborSum 24
0.0 0.04603043722075842 -3.32553 0.729475299 0.462519736 -89.5721780334362 ../testing_datasets/H3_epi.csv NeighborSum 24
0.0 0.023611504212640133 -3.22984 1.268900122 0.431765031 -109.2602756348297 ../testing_datasets/H3_epi.csv NeighborSum 24
0.0 0.079719576092969 -3.00248 0.702256702 0.594060732 -68.50248937434137 ../testing_datasets/H3_epi.csv NeighborSum 24
0.0 0.09292370843031723 -1.97056 0.87665334 0.578834163 -63.351785245776654 ../testing_datasets/H3_epi.csv NeighborSum 24
0.0 0.04215266083881791 -1.88963 1.150906151 0.44943011 -99.60615005488914 ../testing_datasets/H3_epi.csv NeighborSum 24
0.0 0.06241164807306386 -4.84453 0.975306772 0.579266 -76.947259727334 ../testing_datasets/H3_epi.csv NeighborSum 24
0.0 0.11940297978473138 1.07773 0.923744322 0.520739632 -53.34268064711856 ../testing_datasets/H3_epi.csv NeighborSum 24
0.0 0.0908879241587518 -1.05014 0.83649241 0.365010035 -64.04152562947509 ../testing_datasets/H3_epi.csv NeighborSum 24
0.0 0.06507335302831957 -2.52051 1.09437991 0.407446563 -80.39969082508159 ../testing_datasets/H3_epi.csv NeighborSum 24
0.0 0.10126709947642636 -0.65501 0.708683209 0.612620955 -60.71895351438175 ../testing_datasets/H3_epi.csv NeighborSum 24
0.0 0.13250071300208138 -1.97508 0.593224647 0.392259914 -30.377452866156364 ../testing_datasets/H3_epi.csv NeighborSum 24
0.0 0.13296116501941463 -3.57439 0.857243788 0.556167087 -29.6336204131684 ../testing_datasets/H3_epi.csv NeighborSum 24
0.0 0.14644158448717984 -0.00559 0.31878471 0.380062688 -24.28333965390584 ../testing_datasets/H3_epi.csv NeighborSum 24
0.0 0.15047413243860588 -2.62371 0.760981142 0.439272669 -17.63434136789846 ../testing_datasets/H3_epi.csv NeighborSum 24
0.0 0.1538556087138373 -0.21843 0.207246088 0.414991602 -18.092598372739488 ../testing_datasets/H3_epi.csv NeighborSum 24
0.0 0.1230724795714631 -0.96302 0.779605479 0.314603852 -40.32964091542718 ../testing_datasets/H3_epi.csv NeighborSum 24
0.0 0.13236560492535793 -0.73868 0.252588801 0.493516488 -33.25674702748568 ../testing_datasets/H3_epi.csv NeighborSum 24
0.0 0.09162387304440961 -5.45621 0.707217285 0.364622847 -49.150407395534074 ../testing_datasets/H3_epi.csv NeighborSum 24
0.0 0.1267576563420225 -3.10496 0.204689558 0.601322518 -31.313866490537396 ../testing_datasets/H3_epi.csv NeighborSum 24
0.0 0.08617992741225268 -4.12046 1.04134297 0.487016267 -61.40529571935317 ../testing_datasets/H3_epi.csv NeighborSum 24
0.0 0.1126460896258788 -2.06128 0.595059183 0.57918101 -47.03284738944594 ../testing_datasets/H3_epi.csv NeighborSum 24
0.0 0.10119496664157447 -0.31143 0.931770858 0.502247853 -61.78574276267419 ../testing_datasets/H3_epi.csv NeighborSum 24
0.0 0.09135152249823916 -4.28469 0.872256556 0.432441566 -55.16179962386235 ../testing_datasets/H3_epi.csv NeighborSum 24
0.0 0.09220697468014338 -1.25944 1.212739305 0.584495518 -68.59606342216765 ../testing_datasets/H3_epi.csv NeighborSum 24
0.0 0.12195713672916958 -4.81659 0.426957457 0.57182225 -30.69986020720769 ../testing_datasets/H3_epi.csv NeighborSum 24
0.0 0.1409534708854176 -0.53857 0.092517369 0.496861171 -26.65150718642491 ../testing_datasets/H3_epi.csv NeighborSum 24
0.0 0.14108374275405886 -0.1696 0.261605919 0.389021693 -27.291283350690495 ../testing_datasets/H3_epi.csv NeighborSum 24
0.0 0.10744608293703035 -1.14458 1.005179347 0.391918259 -53.68770140360267 ../testing_datasets/H3_epi.csv NeighborSum 24
0.0 0.10024860462151167 -2.80542 0.655162333 0.520932103 -53.10450270295101 ../testing_datasets/H3_epi.csv NeighborSum 24
0.0 0.12416556955705585 -0.35188 0.205533792 0.468353003 -39.50865158497285 ../testing_datasets/H3_epi.csv NeighborSum 24
0.0 0.11261876059599765 -1.76164 0.757078726 0.392518945 -46.32089200725726 ../testing_datasets/H3_epi.csv NeighborSum 24
0.0 0.08564311149285837 -1.87786 1.355263093 0.3525717 -68.8853898927728 ../testing_datasets/H3_epi.csv NeighborSum 24
0.0 0.11883451836075737 -0.61363 0.484034328 0.641637324 -47.18565864652592 ../testing_datasets/H3_epi.csv NeighborSum 24
1.0 0.1388205128613274 -4.75777 0.70281483 0.69905717 -22.916676519839662 ../testing_datasets/H3_epi.csv NeighborSum 24
1.0 0.1499078020298485 -1.29402 0.211964021 0.647833971 -21.194740583259712 ../testing_datasets/H3_epi.csv NeighborSum 24
0.0 0.13467138390480843 -1.45537 0.612367541 0.483448964 -31.9519167592162 ../testing_datasets/H3_epi.csv NeighborSum 24
0.0 0.13275220982037533 -3.89779 1.196666614 0.428008725 -29.357649445526565 ../testing_datasets/H3_epi.csv NeighborSum 24
1.0 0.14991538005764946 -2.7384 0.715100347 0.579302426 -19.473415056177004 ../testing_datasets/H3_epi.csv NeighborSum 24
1.0 0.14351798076565433 -3.62681 0.115711929 0.595265533 -17.107975746424966 ../testing_datasets/H3_epi.csv NeighborSum 24
0.0 0.13950731076396825 -1.29095 0.690582744 0.501678063 -29.88434540225457 ../testing_datasets/H3_epi.csv NeighborSum 24
1.0 0.1448775235813413 -3.75295 1.196403002 0.476626621 -21.951160198921727 ../testing_datasets/H3_epi.csv NeighborSum 24
1.0 0.16105628480239406 -2.54344 0.483154326 0.679766952 -11.991620828674519 ../testing_datasets/H3_epi.csv NeighborSum 24
1.0 0.16839277123797666 0.51657 0.130677272 0.627926417 -12.71132241814357 ../testing_datasets/H3_epi.csv NeighborSum 24
0.0 0.1505273150060447 -0.9336 0.943695555 0.451696998 -24.280714805973705 ../testing_datasets/H3_epi.csv NeighborSum 24
1.0 0.1667948535540094 -1.79045 0.958617728 0.546161722 -11.703499535299468 ../testing_datasets/H3_epi.csv NeighborSum 24
1.0 0.1708410934059732 -1.32404 0.262675306 0.630650387 -6.3949068346726765 ../testing_datasets/H3_epi.csv NeighborSum 24
0.0 0.16512032491211853 0.18962 0.539623645 0.504267199 -15.176586350868462 ../testing_datasets/H3_epi.csv NeighborSum 24
0.0 0.1623221974638619 -2.26927 1.223431364 0.481973491 -14.39545343708998 ../testing_datasets/H3_epi.csv NeighborSum 24
1.0 0.18963899445950133 1.60892 0.815664173 0.630753393 -6.102862867039511 ../testing_datasets/H3_epi.csv NeighborSum 24
0.0 0.19038348031296037 -0.31093 0.760532859 0.78011504 -1.5997075519428812 ../testing_datasets/H3_epi.csv NeighborSum 24
1.0 0.19182524624796474 0.0206 0.854286305 0.730994594 -1.533517810209566 ../testing_datasets/H3_epi.csv NeighborSum 24
1.0 0.1899134168938975 0.38414 1.153800785 0.749115592 -6.4854211502823675 ../testing_datasets/H3_epi.csv NeighborSum 24
1.0 0.17177053079197754 -0.37162 1.042818155 0.578004096 -13.605677141702252 ../testing_datasets/H3_epi.csv NeighborSum 24
0.0 0.18857432139377875 -1.01975 0.812858912 0.74782007 -0.6192451222079036 ../testing_datasets/H3_epi.csv NeighborSum 24
0.0 0.15140059415464124 -3.49857 1.048833101 0.623264499 -19.24715920093221 ../testing_datasets/H3_epi.csv NeighborSum 24
0.0 0.19341765821409979 2.34185 1.118867783 0.657316866 -8.30542248508263 ../testing_datasets/H3_epi.csv NeighborSum 24
0.0 0.17416067957619105 1.81148 1.004286968 0.666177814 -19.613787385711525 ../testing_datasets/H3_epi.csv NeighborSum 24
0.0 0.14463755437704195 -0.82393 0.864627887 0.666824629 -31.47499625680394 ../testing_datasets/H3_epi.csv NeighborSum 24
0.0 0.11858242947536028 -2.21698 1.682866623 0.363254491 -47.11690292128704 ../testing_datasets/H3_epi.csv NeighborSum 24
0.0 0.1488146992710294 -0.0665 0.973980498 0.403111979 -27.616314495161433 ../testing_datasets/H3_epi.csv NeighborSum 24
0.0 0.1410231662990295 -1.59397 1.019964963 0.435621943 -29.320315138455637 ../testing_datasets/H3_epi.csv NeighborSum 24
0.0 0.17022946683724252 -0.5896 1.080741775 0.511120366 -13.29584366464582 ../testing_datasets/H3_epi.csv NeighborSum 24
0.0 0.16392342417789438 -1.46618 1.026439054 0.565670623 -15.52222059839235 ../testing_datasets/H3_epi.csv NeighborSum 24
0.0 0.1836980515638349 -0.25813 0.783120339 0.570654191 -3.4722235971761757 ../testing_datasets/H3_epi.csv NeighborSum 24
0.0 0.17930764717197126 -1.41549 0.87491363 0.640544341 -4.802290752826105 ../testing_datasets/H3_epi.csv NeighborSum 24
0.0 0.1857219882858035 1.21723 1.273974642 0.639236861 -11.204582752680842 ../testing_datasets/H3_epi.csv NeighborSum 24
0.0 0.15400441494721423 -2.39566 0.698662507 0.6397586 -18.419883160477436 ../testing_datasets/H3_epi.csv NeighborSum 24
0.0 0.16104936732426878 -0.94351 0.806137062 0.596440879 -17.986190912038467 ../testing_datasets/H3_epi.csv NeighborSum 24
0.0 0.13667018479328286 -2.80478 0.999791515 0.541202652 -30.176185304419484 ../testing_datasets/H3_epi.csv NeighborSum 24
0.0 0.12739943320407673 0.05205 0.723010869 0.429522132 -41.68559558506901 ../testing_datasets/H3_epi.csv NeighborSum 24
0.0 0.13687784527336183 -2.47256 0.9134052 0.493951519 -29.681545140612606 ../testing_datasets/H3_epi.csv NeighborSum 24
0.0 0.12967018636917532 -4.09892 1.177075753 0.602264421 -33.43591567612027 ../testing_datasets/H3_epi.csv NeighborSum 24
0.0 0.09147510775724936 -5.40796 0.866090372 0.447345866 -51.83748285649693 ../testing_datasets/H3_epi.csv NeighborSum 24
0.0 0.09921759208684376 -5.7612 1.040738514 0.382127 -45.57967944107996 ../testing_datasets/H3_epi.csv NeighborSum 24
0.0 0.12195540776805379 -3.20132 0.883922457 0.544771566 -38.58553070586382 ../testing_datasets/H3_epi.csv NeighborSum 24
0.0 0.09623567832030606 -3.80354 1.192942461 0.423177569 -55.399324893461134 ../testing_datasets/H3_epi.csv NeighborSum 24
0.0 0.07092724810145987 -4.44307 0.598159525 0.403076121 -66.66641800399955 ../testing_datasets/H3_epi.csv NeighborSum 24
0.0 0.10220837288535804 -4.42333 1.063868523 0.531204229 -49.97393816192753 ../testing_datasets/H3_epi.csv NeighborSum 24
0.0 0.1189557096901671 -1.52687 1.020103694 0.530667803 -46.59770513040584 ../testing_datasets/H3_epi.csv NeighborSum 24
0.0 0.0798944521020109 -2.32609 0.436271469 0.437249809 -66.0815234992806 ../testing_datasets/H3_epi.csv NeighborSum 24
0.0 0.08964674978778232 -1.10892 0.535295504 0.46735749 -64.07117435809218 ../testing_datasets/H3_epi.csv NeighborSum 24
0.0 0.12684695235226917 -1.28695 1.043296385 0.624816382 -43.34527084782723 ../testing_datasets/H3_epi.csv NeighborSum 24
0.0 0.11059143407548293 -3.82857 0.716735645 0.489040682 -42.63773466137617 ../testing_datasets/H3_epi.csv NeighborSum 24
0.0 0.07827370153788527 -5.14881 0.332333688 0.449105671 -58.0510808619816 ../testing_datasets/H3_epi.csv NeighborSum 24
0.0 0.11687231406777657 -1.62541 0.984743405 0.469638647 -46.58224604841195 ../testing_datasets/H3_epi.csv NeighborSum 24
0.0 0.13890051129477615 -1.30478 0.827641358 0.603729944 -32.83970184968606 ../testing_datasets/H3_epi.csv NeighborSum 24
0.0 0.11878491708366665 -2.93369 0.752629948 0.500263238 -39.99578793485373 ../testing_datasets/H3_epi.csv NeighborSum 24
0.0 0.11360278247057957 -2.75751 0.760721617 0.439325834 -43.33329283820569 ../testing_datasets/H3_epi.csv NeighborSum 24
0.0 0.14702056573090155 -1.34156 0.993678795 0.579146798 -27.832496987425387 ../testing_datasets/H3_epi.csv NeighborSum 24
0.0 0.14842775639088307 -2.12549 0.800457834 0.606546749 -23.43816193498926 ../testing_datasets/H3_epi.csv NeighborSum 24
0.0 0.1254735022274541 -3.61401 0.704684042 0.481717532 -32.55254574942209 ../testing_datasets/H3_epi.csv NeighborSum 24
0.0 0.13842001876775223 -2.19707 1.140684827 0.421130542 -30.000842982741183 ../testing_datasets/H3_epi.csv NeighborSum 24
0.0 0.16108246308326987 0.85552 0.70700435 0.571915455 -22.330326678724326 ../testing_datasets/H3_epi.csv NeighborSum 24
0.0 0.1496991568739147 -1.46995 1.090830856 0.551696943 -25.84609918619349 ../testing_datasets/H3_epi.csv NeighborSum 24
0.0 0.1240459472090506 -4.86162 1.013050303 0.439234554 -31.401653358894144 ../testing_datasets/H3_epi.csv NeighborSum 24
0.0 0.13703431979420178 -4.15352 0.997334168 0.460810882 -24.572029170982855 ../testing_datasets/H3_epi.csv NeighborSum 24
0.0 0.14862905820768624 -1.95822 0.700903709 0.614625217 -23.191031534300652 ../testing_datasets/H3_epi.csv NeighborSum 24
0.0 0.13701394886448928 -0.48431 1.057297943 0.509948747 -36.943602036521995 ../testing_datasets/H3_epi.csv NeighborSum 24
0.0 0.1290550997339229 -0.54065 0.801095412 0.454936861 -39.674369276196636 ../testing_datasets/H3_epi.csv NeighborSum 24
0.0 0.1437993356192989 -2.17009 1.414119983 0.499189536 -29.485590465909162 ../testing_datasets/H3_epi.csv NeighborSum 24
0.0 0.14272560697817838 -0.71104 1.320760203 0.602191007 -35.563141304171765 ../testing_datasets/H3_epi.csv NeighborSum 24
0.0 0.11117556525303812 -3.95962 1.078336037 0.518546851 -44.950011354783356 ../testing_datasets/H3_epi.csv NeighborSum 24
0.0 0.1311877666478454 -1.45186 1.527139493 0.457961345 -40.80946736529651 ../testing_datasets/H3_epi.csv NeighborSum 24
0.0 0.13194905362529807 -2.32088 0.995512046 0.525460049 -34.72020459102577 ../testing_datasets/H3_epi.csv NeighborSum 24
0.0 0.10106634434102629 -7.53053 0.809259689 0.603318369 -40.54147601606599 ../testing_datasets/H3_epi.csv NeighborSum 24
0.0 0.10510124773721247 -2.73052 0.661070452 0.549756481 -50.37900461449371 ../testing_datasets/H3_epi.csv NeighborSum 24
0.0 0.11986617343423328 -4.30751 1.286137987 0.580807725 -40.22329785242949 ../testing_datasets/H3_epi.csv NeighborSum 24
0.0 0.12537645803537112 -1.72581 1.206935439 0.634181451 -44.40435204925643 ../testing_datasets/H3_epi.csv NeighborSum 24
0.0 0.10428366229502763 -1.18195 0.629992918 0.619746482 -56.50582850059293 ../testing_datasets/H3_epi.csv NeighborSum 24
0.0 0.10510971954097663 -2.64982 0.537023876 0.62398496 -50.83087466548782 ../testing_datasets/H3_epi.csv NeighborSum 24
0.0 0.12046368929739723 -3.12395 1.163806547 0.628880946 -43.22856608871744 ../testing_datasets/H3_epi.csv NeighborSum 24
0.0 0.11125180750990848 -3.51753 1.138946126 0.579603666 -47.61932138310692 ../testing_datasets/H3_epi.csv NeighborSum 24
0.0 0.09489974711674852 -3.43685 0.433889401 0.575833243 -54.16907093158237 ../testing_datasets/H3_epi.csv NeighborSum 24
0.0 0.11887771418648031 -1.85087 0.753158473 0.620360106 -45.05744199521221 ../testing_datasets/H3_epi.csv NeighborSum 24
0.0 0.12356963646865479 -3.30034 1.307695958 0.541796192 -40.23139142944672 ../testing_datasets/H3_epi.csv NeighborSum 24
0.0 0.11318321413161432 -1.83852 0.821615474 0.460142172 -47.194321155277436 ../testing_datasets/H3_epi.csv NeighborSum 24
0.0 0.11653472057346544 -2.82625 0.867244679 0.563614512 -43.728531087793726 ../testing_datasets/H3_epi.csv NeighborSum 24
0.0 0.13622280872330553 -0.99022 1.13120506 0.501806143 -36.387160357896086 ../testing_datasets/H3_epi.csv NeighborSum 24
0.0 0.12201624122340493 -6.09864 0.951889434 0.560343008 -30.46588668290821 ../testing_datasets/H3_epi.csv NeighborSum 24
0.0 0.15079798400740557 5.26967 0.825507389 0.413718163 -41.51288603039796 ../testing_datasets/H3_epi.csv NeighborSum 24
0.0 0.14947480710778496 3.39804 0.793110125 0.251239882 -34.04103838126796 ../testing_datasets/H3_epi.csv NeighborSum 24
0.0 0.14274024340444133 -3.83505 1.031493409 0.607399108 -23.98548160851144 ../testing_datasets/H3_epi.csv NeighborSum 24
0.0 0.13785628546805123 -2.42327 0.864759332 0.541983715 -29.510087628999944 ../testing_datasets/H3_epi.csv NeighborSum 24
0.0 0.12559940964071803 -4.71313 0.61270284 0.33415347 -26.191607135314854 ../testing_datasets/H3_epi.csv NeighborSum 24
0.0 0.11461648725093262 -4.36946 0.884873647 0.462233314 -38.97772225676155 ../testing_datasets/H3_epi.csv NeighborSum 24
0.0 0.1365108081717323 -0.29921 0.640065215 0.254434063 -30.88592594413417 ../testing_datasets/H3_epi.csv NeighborSum 24
0.0 0.11834278085006411 -1.95715 0.851685847 0.316120234 -41.209834069198116 ../testing_datasets/H3_epi.csv NeighborSum 24
0.0 0.13237035683956105 -2.09951 0.348089293 0.261316096 -26.283806386557007 ../testing_datasets/H3_epi.csv NeighborSum 24
0.0 0.12063564407442376 -2.13756 0.862810622 0.335489908 -39.414566055710495 ../testing_datasets/H3_epi.csv NeighborSum 24
0.0 0.14089285819026198 -0.64753 0.592361004 0.502324198 -30.1443189201083 ../testing_datasets/H3_epi.csv NeighborSum 24
0.0 0.12379608459589131 -5.0457 0.872087436 0.403206386 -29.426932036134662 ../testing_datasets/H3_epi.csv NeighborSum 24
0.0 0.14095747410859097 -2.30736 0.212941744 0.541336978 -22.834396052881687 ../testing_datasets/H3_epi.csv NeighborSum 24
0.0 0.1457357180626853 -3.20706 1.046359446 0.614300241 -23.990526790697118 ../testing_datasets/H3_epi.csv NeighborSum 24
0.0 0.14783900953189485 -4.24697 0.561512033 0.590431103 -15.386097389449734 ../testing_datasets/H3_epi.csv NeighborSum 24
0.0 0.15296491076628418 -4.26129 0.924414753 0.661403561 -15.47867329340566 ../testing_datasets/H3_epi.csv NeighborSum 24
0.0 0.16186092708179234 -1.33014 0.847142193 0.583158969 -16.336223466644118 ../testing_datasets/H3_epi.csv NeighborSum 24
0.0 0.16128601386404814 -0.00773 1.19843548 0.69259174 -25.0326390292544 ../testing_datasets/H3_epi.csv NeighborSum 24
0.0 0.14962090327520608 -4.68592 0.445627454 0.616167129 -12.32309069432891 ../testing_datasets/H3_epi.csv NeighborSum 24
0.0 0.15421512940784166 -2.16794 0.155453728 0.548487042 -13.55491371910716 ../testing_datasets/H3_epi.csv NeighborSum 24
0.0 0.16281992057631656 0.10503 0.29890498 0.508037714 -14.824364551172165 ../testing_datasets/H3_epi.csv NeighborSum 24
0.0 0.15225853147359186 -1.88707 0.885523229 0.50698248 -20.56479838233458 ../testing_datasets/H3_epi.csv NeighborSum 24
0.0 0.14563743207797283 -2.67076 0.693656821 0.591047054 -22.72844701648285 ../testing_datasets/H3_epi.csv NeighborSum 24
0.0 0.15485700995376714 -0.33149 0.530187444 0.53873164 -21.312812917131858 ../testing_datasets/H3_epi.csv NeighborSum 24
0.0 0.15085993206511503 -3.02644 0.883519866 0.452514967 -17.24392700083045 ../testing_datasets/H3_epi.csv NeighborSum 24
0.0 0.13436397505045217 -4.0757 1.387089416 0.295413638 -27.06523792323611 ../testing_datasets/H3_epi.csv NeighborSum 24
1.0 0.1470499072834041 -1.53205 0.778761919 0.681401239 -27.19870873233843 ../testing_datasets/H3_epi.csv NeighborSum 24
1.0 0.14124984270326796 -4.91755 0.859310583 0.702726693 -21.92411178919936 ../testing_datasets/H3_epi.csv NeighborSum 24
1.0 0.15117041728312516 -1.27514 0.297774008 0.643291799 -20.923927024780582 ../testing_datasets/H3_epi.csv NeighborSum 24
0.0 0.13525940831746702 -1.29311 0.63965973 0.479991183 -32.178602757400945 ../testing_datasets/H3_epi.csv NeighborSum 24
0.0 0.13343889149193425 -3.85198 1.182778761 0.425444972 -28.869048482319343 ../testing_datasets/H3_epi.csv NeighborSum 24
1.0 0.15144691870557667 -2.85527 0.804572899 0.583190318 -18.754544867462155 ../testing_datasets/H3_epi.csv NeighborSum 24
1.0 0.14544516517877717 -3.44489 0.209785592 0.591967233 -16.942814692651545 ../testing_datasets/H3_epi.csv NeighborSum 24
0.0 0.14021549359589078 -1.25972 0.710732654 0.48401853 -29.358166391493643 ../testing_datasets/H3_epi.csv NeighborSum 24
1.0 0.14617110208664427 -3.69254 1.229652285 0.474846113 -21.43795303432859 ../testing_datasets/H3_epi.csv NeighborSum 24
1.0 0.16294323584836484 -2.40279 0.546764592 0.681350678 -11.578295400612188 ../testing_datasets/H3_epi.csv NeighborSum 24
1.0 0.1705459999791606 0.43991 0.148827361 0.631045646 -11.135206209099588 ../testing_datasets/H3_epi.csv NeighborSum 24
0.0 0.15211348600753724 -1.08336 0.988284263 0.434100289 -22.763890721513338 ../testing_datasets/H3_epi.csv NeighborSum 24
1.0 0.16845302214151747 -1.6756 0.97372298 0.544192875 -10.960687319920103 ../testing_datasets/H3_epi.csv NeighborSum 24
1.0 0.1715078467711887 -1.69697 0.267811892 0.632829896 -4.859168390524922 ../testing_datasets/H3_epi.csv NeighborSum 24
0.0 0.16483761040554862 -0.40057 0.525778473 0.436773712 -12.45081640931713 ../testing_datasets/H3_epi.csv NeighborSum 24
0.0 0.16492028079405813 -1.98033 1.253416225 0.487119349 -13.735289083546458 ../testing_datasets/H3_epi.csv NeighborSum 24
1.0 0.19004824240869173 1.59349 0.812587298 0.627322263 -5.691133109988129 ../testing_datasets/H3_epi.csv NeighborSum 24
0.0 0.19111138241974407 -0.21564 0.750926705 0.78332428 -1.3520590005433952 ../testing_datasets/H3_epi.csv NeighborSum 24
1.0 0.1934144119452553 -0.03585 0.896655797 0.739252699 -0.6757266359938533 ../testing_datasets/H3_epi.csv NeighborSum 24
1.0 0.1875288304979108 0.38713 1.164038449 0.703406116 -7.562790240331815 ../testing_datasets/H3_epi.csv NeighborSum 24
1.0 0.17304341777417714 -0.38731 1.014292453 0.540255779 -11.870884455704006 ../testing_datasets/H3_epi.csv NeighborSum 24
0.0 0.1853809917718057 -1.57996 0.823902963 0.748905845 -1.2738515201235918 ../testing_datasets/H3_epi.csv NeighborSum 24
0.0 0.145723613724956 -4.22743 1.050005639 0.553238002 -19.991444215168677 ../testing_datasets/H3_epi.csv NeighborSum 24
0.0 0.19212164728688186 2.68302 1.118057678 0.644745921 -10.063873848436963 ../testing_datasets/H3_epi.csv NeighborSum 24
0.0 0.1646671499153966 2.00924 1.024392338 0.273106697 -21.10195179825971 ../testing_datasets/H3_epi.csv NeighborSum 24
0.0 0.14366053031638293 -0.82497 0.811640813 0.612915315 -30.950827639731976 ../testing_datasets/H3_epi.csv NeighborSum 24
0.0 0.12233133713851081 -2.29809 1.672334066 0.588790597 -47.571413581150054 ../testing_datasets/H3_epi.csv NeighborSum 24
0.0 0.1508782129370998 -0.11523 0.990691291 0.562892802 -28.56318788341689 ../testing_datasets/H3_epi.csv NeighborSum 24
0.0 0.1387073565286706 -1.85847 1.020979387 0.463587352 -30.588451843159543 ../testing_datasets/H3_epi.csv NeighborSum 24
0.0 0.16852447461568304 -0.5931 1.055795637 0.514859204 -14.364783023600555 ../testing_datasets/H3_epi.csv NeighborSum 24
0.0 0.16360326472676054 -1.40486 1.066198821 0.565636186 -16.22916335016163 ../testing_datasets/H3_epi.csv NeighborSum 24
0.0 0.183747724110791 -0.24762 0.778543834 0.571814993 -3.4528459941331886 ../testing_datasets/H3_epi.csv NeighborSum 24
0.0 0.17953382258618364 -1.41029 0.847986298 0.640120458 -4.452282291416302 ../testing_datasets/H3_epi.csv NeighborSum 24
0.0 0.18495349938886188 1.12562 1.275809547 0.640861635 -11.508265275562808 ../testing_datasets/H3_epi.csv NeighborSum 24
0.0 0.15416960922834239 -2.33122 0.741038623 0.619450974 -18.50336439748943 ../testing_datasets/H3_epi.csv NeighborSum 24
0.0 0.16044253245438522 -0.92338 0.764726784 0.591459914 -18.09489971672997 ../testing_datasets/H3_epi.csv NeighborSum 24
0.0 0.13538957899445722 -2.8022 0.943782976 0.528581312 -30.484228235669992 ../testing_datasets/H3_epi.csv NeighborSum 24
0.0 0.12480647461305149 -0.01974 0.714746749 0.328057281 -41.697199409765155 ../testing_datasets/H3_epi.csv NeighborSum 24
0.0 0.13616612418896062 -2.48348 0.930253372 0.484794605 -30.137505087206975 ../testing_datasets/H3_epi.csv NeighborSum 24
0.0 0.12988079086174908 -4.05156 1.256053567 0.603275949 -34.030658620186216 ../testing_datasets/H3_epi.csv NeighborSum 24
0.0 0.09030629246239169 -5.37611 0.835810015 0.420346607 -52.12690001244007 ../testing_datasets/H3_epi.csv NeighborSum 24
0.0 0.09889467338332886 -5.67761 1.083273344 0.3953137 -46.57816341921468 ../testing_datasets/H3_epi.csv NeighborSum 24
0.0 0.12146431637912875 -3.15799 0.886397964 0.554881606 -39.23734506568024 ../testing_datasets/H3_epi.csv NeighborSum 24
0.0 0.09429337391400748 -4.5826 1.218344686 0.424243444 -54.6081002444944 ../testing_datasets/H3_epi.csv NeighborSum 24
0.0 0.07093828832135135 -4.29972 0.617600794 0.398735687 -67.17257563856037 ../testing_datasets/H3_epi.csv NeighborSum 24
0.0 0.10162039646885837 -4.19526 1.0464075 0.569476161 -51.53776339918007 ../testing_datasets/H3_epi.csv NeighborSum 24
0.0 0.11835288829347565 -1.70948 1.026717248 0.53272905 -46.54917434158216 ../testing_datasets/H3_epi.csv NeighborSum 24
0.0 0.08116462906297243 -2.48409 0.518199171 0.40001798 -64.74069696311447 ../testing_datasets/H3_epi.csv NeighborSum 24
0.0 0.08275763234920358 -2.68823 0.539287956 0.483434805 -64.41758379595663 ../testing_datasets/H3_epi.csv NeighborSum 24
0.0 0.12442837503954497 -1.20313 1.023206693 0.632002374 -45.273601100950884 ../testing_datasets/H3_epi.csv NeighborSum 24
0.0 0.10699496578791068 -4.34651 0.728241107 0.476373758 -43.500448974113176 ../testing_datasets/H3_epi.csv NeighborSum 24
0.0 0.07600633597981137 -4.60651 0.328855717 0.396911669 -60.48636077688737 ../testing_datasets/H3_epi.csv NeighborSum 24
0.0 0.11582604541191964 -1.7083 0.974385705 0.554862987 -48.29171461568675 ../testing_datasets/H3_epi.csv NeighborSum 24
0.0 0.13533380355594765 -1.49109 0.843482432 0.611772961 -35.037872258346546 ../testing_datasets/H3_epi.csv NeighborSum 24
0.0 0.11454468982681304 -3.04207 0.746764275 0.493207108 -42.517506930938936 ../testing_datasets/H3_epi.csv NeighborSum 24
0.0 0.11253926445356022 -2.69687 0.741876229 0.45682828 -44.39789135766104 ../testing_datasets/H3_epi.csv NeighborSum 24
0.0 0.14470550110591907 -1.18715 0.873741936 0.593139238 -29.267206919742303 ../testing_datasets/H3_epi.csv NeighborSum 24
0.0 0.14515877588721332 -2.17792 0.715975754 0.61215617 -25.053588376096815 ../testing_datasets/H3_epi.csv NeighborSum 24
0.0 0.12201351365903018 -3.79772 0.676692141 0.449198465 -33.74120381939645 ../testing_datasets/H3_epi.csv NeighborSum 24
0.0 0.1398009115902288 -2.1581 1.149109632 0.476781449 -30.051272111606398 ../testing_datasets/H3_epi.csv NeighborSum 24
0.0 0.16059443274324953 0.9376 0.663963377 0.57104252 -22.593905955139544 ../testing_datasets/H3_epi.csv NeighborSum 24
0.0 0.14839311125665222 -1.41486 1.038341646 0.559444308 -26.668088907842243 ../testing_datasets/H3_epi.csv NeighborSum 24
0.0 0.12401435586466794 -4.72697 1.00931652 0.431092985 -31.68218212341231 ../testing_datasets/H3_epi.csv NeighborSum 24
0.0 0.14031499547820772 -3.45534 1.009611947 0.486794408 -24.86009511444011 ../testing_datasets/H3_epi.csv NeighborSum 24
0.0 0.14797996341978104 -2.04081 0.652709931 0.616720799 -23.074634795438246 ../testing_datasets/H3_epi.csv NeighborSum 24
0.0 0.13661083813676916 -0.57995 1.057207112 0.516754622 -37.04094313578476 ../testing_datasets/H3_epi.csv NeighborSum 24
0.0 0.12985576176746455 -0.60971 0.796349185 0.48347495 -39.296668402745134 ../testing_datasets/H3_epi.csv NeighborSum 24
0.0 0.14423549834583016 -2.21871 1.425720087 0.502018272 -29.157704277166975 ../testing_datasets/H3_epi.csv NeighborSum 24
0.0 0.14300681234582144 -0.68489 1.324051971 0.607116558 -35.542950001085636 ../testing_datasets/H3_epi.csv NeighborSum 24
0.0 0.10951289332911573 -4.02353 0.931263958 0.51091208 -44.72840270600404 ../testing_datasets/H3_epi.csv NeighborSum 24
0.0 0.1319476449536652 -1.38956 1.533873041 0.463566869 -40.59616763768136 ../testing_datasets/H3_epi.csv NeighborSum 24
0.0 0.13278184360018097 -2.19767 1.003082454 0.524189417 -34.54213196270129 ../testing_datasets/H3_epi.csv NeighborSum 24
0.0 0.09882264818872882 -8.06823 0.678620048 0.604079564 -39.53893746143043 ../testing_datasets/H3_epi.csv NeighborSum 24
0.0 0.10679739081124097 -2.65016 0.75855219 0.559590165 -50.2935353453285 ../testing_datasets/H3_epi.csv NeighborSum 24
0.0 0.12122535606790058 -4.22106 1.338682007 0.57830857 -39.874696740761124 ../testing_datasets/H3_epi.csv NeighborSum 24
0.0 0.12624597413963495 -1.61936 1.177513617 0.63108996 -43.847851218915366 ../testing_datasets/H3_epi.csv NeighborSum 24
0.0 0.10488487191595977 -1.26789 0.609733531 0.620732659 -55.683737271606454 ../testing_datasets/H3_epi.csv NeighborSum 24
0.0 0.10705504803583449 -2.69164 0.57155383 0.626154719 -49.6147199725335 ../testing_datasets/H3_epi.csv NeighborSum 24
0.0 0.12257978388489017 -3.23685 1.200862802 0.626778819 -41.628856186054804 ../testing_datasets/H3_epi.csv NeighborSum 24
0.0 0.11185212327305445 -3.79799 1.102180344 0.582491601 -46.11276509346424 ../testing_datasets/H3_epi.csv NeighborSum 24
0.0 0.09459101466189127 -3.58861 0.423707349 0.493538359 -52.59761844628857 ../testing_datasets/H3_epi.csv NeighborSum 24
0.0 0.1210887811827911 -1.78956 0.798066441 0.566932433 -43.19728367903057 ../testing_datasets/H3_epi.csv NeighborSum 24
0.0 0.12615260233447378 -3.24208 1.225768266 0.532304167 -37.8290885335831 ../testing_datasets/H3_epi.csv NeighborSum 24
0.0 0.11610571784571967 -1.48119 0.760830503 0.470574667 -45.921448986108885 ../testing_datasets/H3_epi.csv NeighborSum 24
0.0 0.1175210610694295 -2.15644 0.869511023 0.384658061 -42.3605786921127 ../testing_datasets/H3_epi.csv NeighborSum 24
0.0 0.14075050974168907 -1.13286 1.161003485 0.570106513 -34.0075405038363 ../testing_datasets/H3_epi.csv NeighborSum 24
0.0 0.12485615981573248 -6.61769 1.014349233 0.560870036 -27.345739199822663 ../testing_datasets/H3_epi.csv NeighborSum 24
0.0 0.15737237701900414 4.87358 0.973275298 0.555339863 -38.90197158865395 ../testing_datasets/H3_epi.csv NeighborSum 24
0.0 0.1575888992694061 3.60952 0.825378865 0.589182174 -34.32310636211329 ../testing_datasets/H3_epi.csv NeighborSum 24
0.0 0.14461565181423372 -4.30213 1.012759628 0.618099716 -21.260559366783735 ../testing_datasets/H3_epi.csv NeighborSum 24
0.0 0.14137878873917584 -2.13264 0.84322232 0.551274732 -27.882423319808648 ../testing_datasets/H3_epi.csv NeighborSum 24
0.0 0.13170012794198174 -3.69397 0.779412834 0.331578695 -26.167481475778 ../testing_datasets/H3_epi.csv NeighborSum 24
0.0 0.1167745582251666 -4.22694 0.930594875 0.446294999 -37.97899083583336 ../testing_datasets/H3_epi.csv NeighborSum 24
0.0 0.13892657785323625 0.17248 0.379967836 0.263618748 -28.82616244784859 ../testing_datasets/H3_epi.csv NeighborSum 24
0.0 0.1173675623776389 -2.5862 0.814016394 0.299687273 -39.45725700419782 ../testing_datasets/H3_epi.csv NeighborSum 24
0.0 0.1336886691006095 -2.25701 0.316414832 0.270686036 -24.77938667218349 ../testing_datasets/H3_epi.csv NeighborSum 24
0.0 0.12228736141325616 -2.00232 0.933438646 0.314576607 -38.860751502794976 ../testing_datasets/H3_epi.csv NeighborSum 24
0.0 0.1440731801051762 0.33482 0.309571582 0.494544545 -28.670966256158408 ../testing_datasets/H3_epi.csv NeighborSum 24
0.0 0.12834368963318424 -4.48065 0.879706311 0.39965766 -27.92872947209049 ../testing_datasets/H3_epi.csv NeighborSum 24
0.0 0.14659051414455257 -2.32292 0.53804943 0.542396994 -21.220076405256172 ../testing_datasets/H3_epi.csv NeighborSum 24
0.0 0.15052777012237964 -2.62324 1.011120086 0.613470917 -22.100656340831545 ../testing_datasets/H3_epi.csv NeighborSum 24
0.0 0.1498012639536532 -4.37888 0.543627628 0.59858662 -13.5871384602696 ../testing_datasets/H3_epi.csv NeighborSum 24
0.0 0.15498306926950034 -4.3021 0.923468502 0.665551103 -13.981650602335966 ../testing_datasets/H3_epi.csv NeighborSum 24
0.0 0.16093141982872142 -2.28167 0.882711911 0.588455546 -14.442689770218786 ../testing_datasets/H3_epi.csv NeighborSum 24
0.0 0.16377139087954584 -0.03752 1.186875898 0.692138169 -23.08975293525759 ../testing_datasets/H3_epi.csv NeighborSum 24
0.0 0.15440953265341206 -3.83055 0.442003714 0.627239158 -11.677082828162785 ../testing_datasets/H3_epi.csv NeighborSum 24
0.0 0.1559798859434425 -2.52594 0.120918225 0.543336694 -10.88202841173065 ../testing_datasets/H3_epi.csv NeighborSum 24
0.0 0.16435197749896086 0.16462 0.221265229 0.515838272 -13.46521807848483 ../testing_datasets/H3_epi.csv NeighborSum 24
0.0 0.15625001555823162 -1.59538 0.975002954 0.506680765 -19.283645705871777 ../testing_datasets/H3_epi.csv NeighborSum 24
0.0 0.15197531307966947 -1.68294 0.657951648 0.593593412 -21.021349114718415 ../testing_datasets/H3_epi.csv NeighborSum 24
0.0 0.154303859361165 -0.04791 0.203960544 0.520138328 -19.870616810095655 ../testing_datasets/H3_epi.csv NeighborSum 24
0.0 0.15033880368816743 -2.99001 0.731130699 0.414910062 -16.02374161201148 ../testing_datasets/H3_epi.csv NeighborSum 24
0.0 0.1358132476586268 -4.42836 1.374086679 0.265395858 -24.412704005867976 ../testing_datasets/H3_epi.csv NeighborSum 24
1.0 0.14769141527303692 -0.89739 0.575827981 0.638151516 -26.51579760883586 ../testing_datasets/H3_epi.csv NeighborSum 24
1.0 0.13907854809354323 -4.93666 0.784631442 0.697877378 -22.777000470781093 ../testing_datasets/H3_epi.csv NeighborSum 24
1.0 0.15160250722676052 -1.38569 0.404721355 0.645221375 -21.10224601793921 ../testing_datasets/H3_epi.csv NeighborSum 24
0.0 0.13455052235807843 -1.38569 0.605313959 0.485598256 -32.23006358376272 ../testing_datasets/H3_epi.csv NeighborSum 24
0.0 0.13228320554844675 -3.73593 1.121181829 0.426966452 -29.607900791343425 ../testing_datasets/H3_epi.csv NeighborSum 24
1.0 0.15137910867669752 -2.76414 0.866287947 0.580237371 -19.4915312675363 ../testing_datasets/H3_epi.csv NeighborSum 24
1.0 0.14465244156783233 -3.67811 0.225781842 0.596306874 -16.97885003861113 ../testing_datasets/H3_epi.csv NeighborSum 24
0.0 0.13892692906960574 -1.36736 0.65672676 0.491396892 -29.655752663732653 ../testing_datasets/H3_epi.csv NeighborSum 24
1.0 0.14504943490333344 -3.60129 1.183858458 0.473003104 -22.142953806458223 ../testing_datasets/H3_epi.csv NeighborSum 24
1.0 0.16252761296233115 -2.40704 0.617009927 0.678430232 -12.334923882039062 ../testing_datasets/H3_epi.csv NeighborSum 24
1.0 0.16976187853814842 0.27874 0.207435725 0.633521178 -11.671299881467213 ../testing_datasets/H3_epi.csv NeighborSum 24
0.0 0.1501135705829886 -1.11469 0.94038325 0.43818284 -23.79236007988358 ../testing_datasets/H3_epi.csv NeighborSum 24
1.0 0.1666941928652314 -1.75142 1.022230688 0.534843153 -12.19188482269581 ../testing_datasets/H3_epi.csv NeighborSum 24
1.0 0.17092336850558756 -1.72343 0.334850427 0.638213607 -5.770473633892276 ../testing_datasets/H3_epi.csv NeighborSum 24
0.0 0.1632470691446908 -0.40095 0.494418865 0.451082798 -13.561687704779825 ../testing_datasets/H3_epi.csv NeighborSum 24
0.0 0.16278768916227862 -1.84978 1.23377934 0.484519631 -15.457688509878944 ../testing_datasets/H3_epi.csv NeighborSum 24
1.0 0.18832326212139094 1.5278 0.862137593 0.622449217 -7.005058907568309 ../testing_datasets/H3_epi.csv NeighborSum 24
0.0 0.18970519622302578 -0.30784 0.770149767 0.779557952 -2.1520507248269123 ../testing_datasets/H3_epi.csv NeighborSum 24
1.0 0.1920655290872736 -0.06145 0.858298918 0.743506324 -1.3338811901277825 ../testing_datasets/H3_epi.csv NeighborSum 24
1.0 0.18423647868684706 0.37206 1.183739322 0.694384794 -9.856540368717974 ../testing_datasets/H3_epi.csv NeighborSum 24
1.0 0.1708990414552273 -0.35842 1.040113198 0.52869559 -13.492193042789944 ../testing_datasets/H3_epi.csv NeighborSum 24
0.0 0.1828742661701954 -1.58404 0.8189937 0.751478612 -3.039200628358686 ../testing_datasets/H3_epi.csv NeighborSum 24
0.0 0.14190680799241684 -4.24126 1.058076775 0.53634228 -22.454381341576124 ../testing_datasets/H3_epi.csv NeighborSum 24
0.0 0.1906365305916537 2.84913 1.126303504 0.630731965 -11.468552177312555 ../testing_datasets/H3_epi.csv NeighborSum 24
0.0 0.16436279978405444 2.11652 1.033761289 0.264601991 -21.583741085054356 ../testing_datasets/H3_epi.csv NeighborSum 24
0.0 0.13949488077387603 -1.02019 0.857445172 0.594190494 -33.360136006846886 ../testing_datasets/H3_epi.csv NeighborSum 24
0.0 0.12103886701829786 -2.07897 1.674021396 0.59198064 -49.21439509658779 ../testing_datasets/H3_epi.csv NeighborSum 24
0.0 0.14962210007383703 -0.12717 0.973501852 0.561222072 -29.26364175288812 ../testing_datasets/H3_epi.csv NeighborSum 24
0.0 0.13870679593376886 -1.49308 1.022611663 0.460188161 -31.661052868026378 ../testing_datasets/H3_epi.csv NeighborSum 24
0.0 0.16752298421172007 -0.6406 1.066444429 0.510856713 -14.94721107242475 ../testing_datasets/H3_epi.csv NeighborSum 24
0.0 0.1622541405790504 -1.38762 1.044997612 0.561971226 -17.02422534378361 ../testing_datasets/H3_epi.csv NeighborSum 24
0.0 0.18359437559998576 -0.21592 0.79112984 0.576103016 -3.8162953658422003 ../testing_datasets/H3_epi.csv NeighborSum 24
0.0 0.17898764684070645 -1.3971 0.860397633 0.640539814 -4.977360436443765 ../testing_datasets/H3_epi.csv NeighborSum 24
0.0 0.18418275521357827 1.17292 1.256955553 0.624487034 -11.809136949944707 ../testing_datasets/H3_epi.csv NeighborSum 24
0.0 0.15299278406520359 -2.37496 0.706950877 0.617758974 -18.925558038217936 ../testing_datasets/H3_epi.csv NeighborSum 24
0.0 0.15897703749115663 -0.94216 0.797042168 0.524278674 -18.29169841423709 ../testing_datasets/H3_epi.csv NeighborSum 24
0.0 0.1314138323667834 -2.83706 0.973929637 0.302477381 -29.97391551407711 ../testing_datasets/H3_epi.csv NeighborSum 24
0.0 0.12356258003029857 -0.05428 0.694254731 0.283913783 -41.649160247567565 ../testing_datasets/H3_epi.csv NeighborSum 24
0.0 0.13501799395094502 -2.36904 0.891798479 0.452496357 -30.522438691837372 ../testing_datasets/H3_epi.csv NeighborSum 24
0.0 0.12586973030044585 -4.07135 1.261879668 0.362642951 -33.190062681476 ../testing_datasets/H3_epi.csv NeighborSum 24
0.0 0.08918927322261375 -5.44984 0.820562394 0.350578888 -51.518452233862625 ../testing_datasets/H3_epi.csv NeighborSum 24
0.0 0.09772819293211424 -5.64414 1.040108166 0.366364989 -46.74584389430639 ../testing_datasets/H3_epi.csv NeighborSum 24
0.0 0.12014418405741364 -3.2017 0.869979244 0.496147205 -39.023378635796234 ../testing_datasets/H3_epi.csv NeighborSum 24
0.0 0.09690031218215424 -4.05429 1.179757521 0.453936809 -54.53643857225816 ../testing_datasets/H3_epi.csv NeighborSum 24
0.0 0.0710457057480162 -4.4285 0.601591722 0.417836871 -66.87700126268584 ../testing_datasets/H3_epi.csv NeighborSum 24
0.0 0.10098971814089483 -4.51222 1.083122381 0.572445626 -51.33667473329131 ../testing_datasets/H3_epi.csv NeighborSum 24
0.0 0.11913034363613662 -1.34928 1.006637211 0.520767008 -46.76408479149024 ../testing_datasets/H3_epi.csv NeighborSum 24
0.0 0.08258339925964474 -2.1003 0.432581259 0.457231163 -65.14156481411662 ../testing_datasets/H3_epi.csv NeighborSum 24
0.0 0.08297207875618766 -2.90681 0.611989681 0.514592768 -64.61288730143026 ../testing_datasets/H3_epi.csv NeighborSum 24
0.0 0.12379321601260537 -1.3563 1.058319156 0.623140719 -45.38211540271916 ../testing_datasets/H3_epi.csv NeighborSum 24
0.0 0.10732194908118445 -4.40102 0.667925035 0.502096509 -43.04840016037047 ../testing_datasets/H3_epi.csv NeighborSum 24
0.0 0.07651479706198797 -5.02552 0.345201153 0.445056462 -59.705222266693376 ../testing_datasets/H3_epi.csv NeighborSum 24
0.0 0.11396851220903814 -2.10897 1.059536526 0.565101178 -49.17362291836382 ../testing_datasets/H3_epi.csv NeighborSum 24
0.0 0.1351836317789315 -1.42312 0.794924622 0.627676276 -35.23388475503981 ../testing_datasets/H3_epi.csv NeighborSum 24
0.0 0.11638883225190232 -3.032 0.70427318 0.509212633 -41.1716744674603 ../testing_datasets/H3_epi.csv NeighborSum 24
0.0 0.11288150444588996 -2.54882 0.750990428 0.52069382 -45.64584695256421 ../testing_datasets/H3_epi.csv NeighborSum 24
0.0 0.14250641365591576 -1.28902 0.921750244 0.582708906 -30.71071777143831 ../testing_datasets/H3_epi.csv NeighborSum 24
0.0 0.14462293174127067 -2.18418 0.731156107 0.581706451 -25.062680475136496 ../testing_datasets/H3_epi.csv NeighborSum 24
0.0 0.12351801437154969 -3.592 0.687332561 0.483357597 -33.900717176902894 ../testing_datasets/H3_epi.csv NeighborSum 24
0.0 0.13782458396007752 -1.88471 1.128182407 0.478788404 -32.158275889884 ../testing_datasets/H3_epi.csv NeighborSum 24
0.0 0.1546764710953671 -0.42065 0.651141511 0.577203271 -22.649976448292655 ../testing_datasets/H3_epi.csv NeighborSum 24
0.0 0.14671533884652346 -1.87732 1.092719543 0.530808179 -26.41515412180794 ../testing_datasets/H3_epi.csv NeighborSum 24
0.0 0.12445890825347827 -4.76208 1.012464666 0.489247984 -32.169256468893295 ../testing_datasets/H3_epi.csv NeighborSum 24
0.0 0.13841996628790668 -3.63917 1.015872496 0.486675686 -25.687014361268478 ../testing_datasets/H3_epi.csv NeighborSum 24
0.0 0.14737026873573666 -2.12472 0.711453749 0.609238538 -23.571722878668886 ../testing_datasets/H3_epi.csv NeighborSum 24
0.0 0.13749154504085243 -0.5032 1.115958164 0.552529795 -37.630255538146166 ../testing_datasets/H3_epi.csv NeighborSum 24
0.0 0.12971716101239195 -0.50472 0.823143494 0.499347124 -40.15418700363186 ../testing_datasets/H3_epi.csv NeighborSum 24
0.0 0.14320662693791145 -2.29666 1.451526067 0.498846942 -29.791661151415067 ../testing_datasets/H3_epi.csv NeighborSum 24
0.0 0.14229465999678712 -0.70337 1.312299207 0.601511063 -35.81866450586972 ../testing_datasets/H3_epi.csv NeighborSum 24
0.0 0.1100813439440488 -3.93135 0.912711905 0.559678794 -45.211600775580585 ../testing_datasets/H3_epi.csv NeighborSum 24
0.0 0.13089976724262148 -1.36362 1.516847775 0.467353666 -41.34875041058196 ../testing_datasets/H3_epi.csv NeighborSum 24
0.0 0.13154688084527 -2.29501 0.97506998 0.523631199 -34.90459801299054 ../testing_datasets/H3_epi.csv NeighborSum 24
0.0 0.09946041527797533 -7.17301 0.620981734 0.596002585 -41.262076761769144 ../testing_datasets/H3_epi.csv NeighborSum 24
0.0 0.10477881252168127 -2.66975 0.657617848 0.561989307 -50.95292700778449 ../testing_datasets/H3_epi.csv NeighborSum 24
0.0 0.11946150787270383 -4.08281 1.255474233 0.578581371 -40.93281336509098 ../testing_datasets/H3_epi.csv NeighborSum 24
0.0 0.1238332434960033 -1.61904 1.196279444 0.633402618 -45.73124439229058 ../testing_datasets/H3_epi.csv NeighborSum 24
0.0 0.1024448012856366 -1.14928 0.607995014 0.62046461 -57.755444585100385 ../testing_datasets/H3_epi.csv NeighborSum 24
0.0 0.10354751207766576 -2.89421 0.550428197 0.62308481 -51.27881075918405 ../testing_datasets/H3_epi.csv NeighborSum 24
0.0 0.11865616820236952 -3.09011 1.184196075 0.628628715 -44.75839818574792 ../testing_datasets/H3_epi.csv NeighborSum 24
0.0 0.10722980725386581 -3.63086 1.096636703 0.579115295 -49.8018082219898 ../testing_datasets/H3_epi.csv NeighborSum 24
0.0 0.09189264836430378 -3.43745 0.408940997 0.490400951 -54.81118801648278 ../testing_datasets/H3_epi.csv NeighborSum 24
0.0 0.11658255787919136 -1.86597 0.729475299 0.561078177 -45.55882851950014 ../testing_datasets/H3_epi.csv NeighborSum 24
0.0 0.12068255225780193 -3.18398 1.268900122 0.547594981 -42.430948375622584 ../testing_datasets/H3_epi.csv NeighborSum 24
0.0 0.11173639346926156 -1.52937 0.702256702 0.475597705 -48.51168508524054 ../testing_datasets/H3_epi.csv NeighborSum 24
0.0 0.11491374374603133 -2.68237 0.87665334 0.389877302 -42.73862785489482 ../testing_datasets/H3_epi.csv NeighborSum 24
0.0 0.13782166656340067 -0.89837 1.150906151 0.576558036 -36.818408590419374 ../testing_datasets/H3_epi.csv NeighborSum 24
0.0 0.12060100444980094 -6.13207 0.975306772 0.573996533 -31.747368218647445 ../testing_datasets/H3_epi.csv NeighborSum 24
0.0 0.15472674894143257 4.6192 0.923744322 0.564587385 -39.77548166169444 ../testing_datasets/H3_epi.csv NeighborSum 24
0.0 0.1550100080039587 2.55398 0.83649241 0.578914009 -32.86302104018888 ../testing_datasets/H3_epi.csv NeighborSum 24
0.0 0.1417997622697522 -4.14995 1.09437991 0.616478169 -24.296678720622157 ../testing_datasets/H3_epi.csv NeighborSum 24
0.0 0.1339193585915328 -2.19097 0.708683209 0.542083741 -31.851297808859282 ../testing_datasets/H3_epi.csv NeighborSum 24
0.0 0.11901666892816827 -5.79459 0.593224647 0.405185866 -28.499053560768495 ../testing_datasets/H3_epi.csv NeighborSum 24
0.0 0.10905061996880536 -4.53995 0.857243788 0.386004991 -41.03492094173991 ../testing_datasets/H3_epi.csv NeighborSum 24
0.0 0.13473781441242488 0.16828 0.31878471 0.39402143 -33.31194100006665 ../testing_datasets/H3_epi.csv NeighborSum 24
0.0 0.11742007339776692 -2.32023 0.760981142 0.470283553 -42.43429409459783 ../testing_datasets/H3_epi.csv NeighborSum 24
0.0 0.13185295491117854 -2.2563 0.207246088 0.439548133 -27.844493327604937 ../testing_datasets/H3_epi.csv NeighborSum 24
0.0 0.11667106689208133 -2.23281 0.779605479 0.356394544 -41.63453022562553 ../testing_datasets/H3_epi.csv NeighborSum 24
0.0 0.13305266271249075 -0.75188 0.252588801 0.494922401 -32.75150437994984 ../testing_datasets/H3_epi.csv NeighborSum 24
0.0 0.11726056170322832 -5.11908 0.707217285 0.393116784 -32.457728609902276 ../testing_datasets/H3_epi.csv NeighborSum 24
0.0 0.13719337479316757 -2.29067 0.204689558 0.576523853 -26.025052848484865 ../testing_datasets/H3_epi.csv NeighborSum 24
0.0 0.14133217072109017 -3.45165 1.04134297 0.613146999 -26.30955345485665 ../testing_datasets/H3_epi.csv NeighborSum 24
0.0 0.1451201316718776 -4.38381 0.595059183 0.599408462 -17.27971846909937 ../testing_datasets/H3_epi.csv NeighborSum 24
0.0 0.1516254916428748 -4.15693 0.931770858 0.663809216 -16.835684467226415 ../testing_datasets/H3_epi.csv NeighborSum 24
0.0 0.16087464342354382 -1.35755 0.872256556 0.585972665 -17.179821322743383 ../testing_datasets/H3_epi.csv NeighborSum 24
0.0 0.15878752714470093 -0.06909 1.212739305 0.693745535 -26.738403960002742 ../testing_datasets/H3_epi.csv NeighborSum 24
0.0 0.14807053505755 -4.87832 0.426957457 0.612784647 -12.645742067347921 ../testing_datasets/H3_epi.csv NeighborSum 24
0.0 0.1532304937345415 -2.02118 0.092517369 0.545602612 -14.189113164973365 ../testing_datasets/H3_epi.csv NeighborSum 24
0.0 0.16256012580676354 0.2355 0.261605919 0.50286835 -15.050661125885894 ../testing_datasets/H3_epi.csv NeighborSum 24
0.0 0.15290774517609276 -1.61793 1.005179347 0.509836592 -21.852880202224334 ../testing_datasets/H3_epi.csv NeighborSum 24
0.0 0.14312311721624527 -2.75668 0.655162333 0.593028137 -23.99262993573614 ../testing_datasets/H3_epi.csv NeighborSum 24
0.0 0.1515332651869508 -0.30834 0.205533792 0.543879921 -21.412982588468218 ../testing_datasets/H3_epi.csv NeighborSum 24
0.0 0.1493591839629963 -2.83171 0.757078726 0.449719174 -17.921023420508 ../testing_datasets/H3_epi.csv NeighborSum 24
0.0 0.1323641196988991 -3.92471 1.355263093 0.301185355 -28.79311478461622 ../testing_datasets/H3_epi.csv NeighborSum 24
1.0 0.1447415353565266 -1.33679 0.484034328 0.693856464 -27.436325853987242 ../testing_datasets/H3_epi.csv NeighborSum 24
