A 30 3 1 3
A 31 3 1 3
A 32 3 3 3
A 33 3 3 3
A 34 3 3 3
A 35 3 3 3
A 36 3 3 3
A 37 3 3 3
A 38 3 3 3
A 39 3 3 3
A 40 3 3 3
A 41 3 3 3
A 42 3 3 3
A 43 3 3 3
A 44 3 3 3
A 45 3 3 3
A 46 3 3 3
A 47 3 3 3
A 48 3 3 3
A 49 3 3 3
A 50 3 3 3
A 51 3 3 3
A 52 3 3 3
A 53 3 3 3
A 54 3 3 3
A 55 3 3 3
A 56 3 3 3
A 57 3 3 3
A 58 3 3 3
A 59 3 3 3
A 60 3 3 3
A 61 3 3 3
A 62 3 3 3
A 63 3 3 3
A 64 3 3 3
A 65 3 3 3
A 66 3 3 3
A 67 3 3 3
A 68 3 3 3
A 69 3 3 3
A 70 3 3 3
A 71 3 3 3
A 72 1 1 3
A 73 1 1 1
A 74 1 1 1
A 75 3 1 3
A 76 3 1 3
A 77 3 1 3
A 78 3 3 3
A 79 3 3 3
A 80 3 3 3
A 81 3 3 3
A 82 3 3 3
A 83 3 3 3
A 84 3 3 3
A 85 3 3 3
A 86 3 3 3
A 87 3 3 3
A 88 3 3 3
A 89 3 3 3
A 90 3 3 3
A 91 3 3 3
A 92 3 3 3
A 93 3 3 3
A 94 3 1 3
A 95 3 1 3
A 96 3 3 3
A 97 3 3 3
A 98 3 3 3
A 99 3 3 3
A 100 3 3 3
A 101 3 3 3
A 102 3 3 3
A 103 3 3 3
A 104 3 3 3
A 105 3 3 3
A 106 3 3 3
A 107 3 3 3
A 108 3 1 3
A 109 3 1 3
A 110 3 3 3
A 111 3 3 3
A 112 3 3 3
A 113 3 3 3
A 114 3 3 3
A 115 3 3 3
A 116 3 3 3
A 117 3 3 3
A 118 3 3 3
A 119 3 3 3
A 120 3 1 3
A 121 3 1 3
A 122 3 3 3
A 123 3 3 3
A 124 3 3 3
A 125 3 3 3
A 126 3 3 3
A 127 3 3 3
A 128 3 3 3
A 129 3 3 3
A 130 3 3 3
A 131 3 1 3
A 132 3 3 3
A 133 3 3 3
A 134 3 3 3
A 135 3 1 3
A 136 3 3 3
A 137 3 3 3
A 149 1 1 3
A 150 3 3 3
A 151 3 3 3
A 152 3 3 3
A 153 3 3 3
A 154 3 1 3
A 155 3 1 3
A 156 3 3 3
A 157 3 1 3
A 158 3 3 3
A 159 3 3 3
A 160 3 3 3
A 161 3 3 3
A 162 3 3 3
A 163 3 3 3
A 164 3 3 3
A 165 3 3 3
A 166 3 3 3
A 167 3 1 3
A 179 3 1 3
A 180 3 3 3
A 181 3 3 3
A 182 3 3 3
A 183 3 3 3
A 184 3 3 3
A 185 3 3 3
A 186 3 3 3
A 187 3 3 3
A 188 3 3 3
A 189 3 3 3
A 190 3 3 3
A 191 3 3 3
A 192 3 3 3
A 193 3 3 3
A 194 3 3 3
A 195 3 3 3
A 196 3 3 3
A 197 3 3 3
A 198 3 3 3
A 199 3 3 3
A 200 3 3 3
A 201 3 3 3
A 202 3 3 3
A 203 3 3 3
A 204 3 1 3
A 205 3 1 3
A 206 1 1 1
A 207 3 1 3
A 208 3 3 3
A 209 3 3 3
A 210 3 3 3
A 211 3 3 3
A 212 3 3 3
A 213 3 3 3
A 214 3 3 3
A 215 3 3 3
A 216 3 3 3
A 217 3 3 3
A 218 3 3 3
A 219 3 3 3
A 220 3 3 3
A 221 3 3 3
A 222 3 3 3
A 223 3 3 3
A 224 3 3 3
A 225 3 3 3
A 226 3 3 3
A 227 3 3 3
A 228 3 3 3
A 229 3 3 3
A 230 3 3 3
A 231 3 3 3
A 232 3 3 3
A 233 3 3 3
A 234 3 3 3
A 235 3 3 3
A 236 3 3 3
A 250 3 1 3
A 251 3 3 3
A 252 3 3 3
A 253 3 3 3
A 254 3 3 3
A 255 3 3 3
A 256 3 3 3
A 257 3 3 3
A 258 3 3 3
A 259 3 3 3
A 260 3 3 3
A 261 3 3 3
A 262 3 3 3
A 263 3 3 3
A 264 3 3 3
A 265 3 3 3
A 266 3 3 3
A 267 3 3 3
A 268 3 3 3
A 269 3 3 3
A 270 3 3 3
A 271 3 3 3
A 272 3 3 3
A 273 3 3 3
A 274 3 3 3
A 275 3 3 3
A 276 3 3 3
A 277 3 3 3
A 278 3 3 3
A 279 3 3 3
A 280 3 3 3
A 281 3 3 3
A 282 3 3 3
A 283 3 3 3
A 284 3 3 3
A 285 3 3 3
A 286 3 3 3
A 287 3 3 3
A 288 3 3 3
A 289 3 3 3
A 290 3 3 3
A 291 3 3 3
A 292 3 3 3
A 293 3 3 3
A 294 3 3 3
A 295 3 3 3
A 296 3 3 3
A 297 3 3 3
A 298 3 3 3
A 299 3 3 3
A 300 3 3 3
A 301 3 3 3
A 302 3 3 3
A 303 3 3 3
A 304 3 3 3
A 305 3 3 3
A 306 3 3 3
A 307 3 3 3
A 308 3 3 3
A 309 3 3 3
A 310 3 3 3
A 311 3 3 3
A 312 3 3 3
A 313 3 3 3
A 314 3 3 3
A 315 3 3 3
A 316 3 3 3
A 317 3 3 3
A 318 3 3 3
A 319 3 3 3
A 320 3 3 3
A 321 3 3 3
A 322 3 3 3
A 323 3 3 3
A 324 3 3 3
A 325 3 3 3
A 326 3 3 3
A 327 3 3 3
A 328 3 3 3
A 329 3 3 3
A 330 3 3 3
A 331 3 3 3
A 332 3 3 1
A 333 3 3 1
A 334 3 3 3
A 335 3 3 3
A 336 3 3 3
A 337 3 3 3
A 338 3 3 3
A 339 3 3 3
A 340 3 3 3
A 341 3 3 3
A 342 3 3 3
A 343 3 3 3
A 344 2 2 3
A 345 3 3 3
A 346 3 3 3
A 347 3 3 3
A 348 3 3 3
A 349 3 3 3
A 350 3 3 3
A 351 3 3 3
A 352 3 3 3
A 353 3 3 3
A 354 3 3 3
A 355 3 3 3
A 356 3 3 3
A 357 3 3 3
A 358 3 3 1
A 359 2 2 1
A 360 2 2 1
A 361 3 3 3
A 362 3 3 1
A 363 2 2 3
A 364 3 3 3
A 365 2 2 3
A 366 3 3 3
A 367 3 3 3
A 368 3 3 3
A 369 3 3 3
A 370 3 3 3
A 371 3 3 3
A 372 3 3 3
A 373 3 3 3
A 374 3 3 3
A 375 3 3 3
A 376 3 3 3
A 377 3 3 3
A 378 3 3 3
A 379 3 3 3
A 380 3 3 3
A 381 3 3 3
A 382 3 3 3
A 383 3 3 3
A 384 3 3 3
A 385 3 3 3
A 386 3 3 3
A 387 3 3 3
A 388 3 3 3
A 389 3 3 3
A 390 2 2 3
A 391 2 2 3
A 392 2 2 3
A 393 3 3 3
A 394 3 3 3
A 395 2 2 3
A 396 3 3 3
A 397 3 3 3
A 398 3 3 3
A 399 3 3 3
A 400 3 3 3
A 401 3 3 3
A 402 3 3 3
A 403 3 3 3
A 404 3 3 3
A 405 3 3 3
A 406 3 3 3
A 407 3 3 3
A 408 3 3 3
A 409 3 3 3
A 410 3 3 3
A 411 3 3 3
A 412 3 3 3
A 413 3 3 3
A 414 3 3 3
A 415 3 3 3
A 416 3 3 3
A 417 3 3 3
A 418 3 3 3
A 419 3 3 3
A 420 3 3 3
A 421 3 3 3
A 422 3 3 3
A 423 3 3 3
A 424 3 3 1
A 425 3 3 3
A 426 2 2 1
A 427 3 3 1
A 428 3 3 1
A 429 3 3 3
A 430 3 3 1
A 431 1 3 1
A 432.0 2 1
A 433.0 2 1
A 434 1 3 1
A 435 3 3 1
A 436 2 2 1
A 437 2 2 3
A 438 3 3 3
A 439 2 2 3
A 440 2 2 3
A 441 3 3 3
A 442 2 2 1
A 443 3 3 1
A 444 3 3 3
A 445 3 3 1
A 446 2 2 3
A 447 3 3 3
A 448 3 3 3
A 449 3 3 3
A 450 3 3 3
A 451 3 3 3
A 452 3 3 3
A 453 3 3 3
A 454 3 3 3
A 455 3 3 3
A 456 3 3 1
A 457 3 3 1
A 458 3 3 1
A 459 3 3 1
A 460 3 3 1
A 461 2 2 1
A 462 2 2 1
A 463 2 2 1
A 464 3 3 1
A 465 1 3 1
A 466 3 3 1
A 467 1 3 1
A 468 1 3 1
A 469 2 2 1
A 470.0 2 1
A 471.0 2 1
A 472.0 2 1
A 473 2 2 1
A 474 2 2 1
A 475 2 2 1
A 476 2 2 1
A 477 3 3 3
A 478 2 2 3
A 479 2 2 1
A 480 2 2 3
A 481 2 2 3
A 482 2 2 1
A 491 3 3 1
A 492 2 2 3
A 493 3 3 3
A 494 3 3 3
A 495 3 3 3
A 496 3 3 3
A 497 3 3 3
A 498 3 3 3
A 499 3 3 3
A 500 3 3 3
A 501 3 3 3
A 502 3 3 3
A 509 3 3 3
A 510 3 3 3
A 511 3 3 3
A 512 3 3 3
A 513 3 3 3
A 514 3 3 3
A 515 3 3 3
A 516 3 3 3
A 517 3 3 3
A 518 3 3 3
A 519 3 3 3
A 520 3 3 3
A 521 3 3 3
A 522 3 3 3
A 523 3 3 3
A 524 3 3 3
A 525 3 3 3
A 526 3 3 3
A 527 3 3 3
A 528 3 3 3
A 529 3 3 3
A 530 3 3 3
A 531 3 3 3
A 532 3 3 3
A 533 3 3 3
A 534 3 3 3
A 535 3 3 3
A 536 3 3 3
A 537 3 3 3
A 538 3 3 3
A 539 3 3 3
A 540 3 3 3
A 541 3 3 3
A 542 3 3 3
A 543 3 3 3
A 544 3 3 3
A 545 3 3 3
A 546 3 3 3
A 547 3 3 3
A 548 3 3 3
A 549 3 3 3
A 550 3 3 3
A 551 3 3 3
A 552 3 3 3
A 553 3 3 3
A 554 3 3 3
A 555 3 3 3
A 556 3 3 3
A 557 3 3 3
A 558 3 3 3
A 559 3 3 3
A 560 3 3 3
A 561 3 3 3
A 562 3 3 3
A 563 3 3 3
A 564 3 3 3
A 565 3 3 3
A 566 3 3 3
A 567 1 3 3
A 568 3 3 3
A 569 3 3 3
A 570 3 3 3
A 571 3 3 3
A 572 3 3 3
A 573 3 3 3
A 574 3 3 3
A 575 3 3 3
A 576 3 3 3
A 577 3 3 3
A 578 3 3 3
A 579 3 3 3
A 580 3 3 3
A 581 3 3 3
A 582 3 3 3
A 583 3 3 3
A 584 3 3 3
A 585 3 3 3
A 586 3 3 3
A 587 3 3 3
A 588 3 3 3
A 589 3 3 3
A 590 3 3 3
A 591 3 3 3
A 592 3 3 3
A 593 3 3 3
A 594 3 3 3
A 595 3 3 3
A 596 3 3 3
A 597 3 3 3
A 598 3 3 3
A 599 3 3 3
A 600 3 3 3
A 601 3 3 3
A 602 3 3 3
A 603 3 3 3
A 604 3 3 3
A 605 3 3 3
A 606 3 3 3
A 607 3 3 3
A 608 3 3 3
A 609 3 3 3
A 610 3 3 3
A 611 3 3 3
A 612 3 3 3
A 613 3 3 3
A 614 3 3 3
A 615 3 3 3
A 616 3 3 3
A 617 3 3 3
A 618 3 3 3
A 619 3 3 3
A 620 3 3 3
A 621 3 3 3
A 622 3 3 3
A 623 3 3 3
A 624 3 3 3
A 625 3 3 3
A 626 3 3 3
A 627 3 3 3
A 628 3 3 3
A 629 3 3 3
A 630 3 3 3
A 631 3 3 3
A 632 3 3 3
A 633 3 3 3
A 634 3 3 3
A 635 3 3 3
A 636 3 3 3
A 637 3 3 3
A 638 3 3 3
A 639 3 3 3
A 640 3 3 3
A 641 3 3 3
A 642 3 3 3
A 643 1 3 3
A 644 1 3 3
A 645 3 3 3
A 646 3 3 3
A 647 3 3 3
A 648 3 3 3
A 649 3 3 3
A 650 3 3 3
A 651 3 3 3
A 652 3 3 3
A 653 3 3 3
A 654 3 3 3
A 655 3 3 3
A 656 3 3 3
A 657 3 3 3
A 658 3 3 3
A 659 3 3 3
A 660 3 3 3
A 661 3 3 3
A 662 1 3 3
A 673 3 3 3
A 674 3 3 3
A 675 3 3 3
A 676 3 3 3
A 677 3 3 3
A 678 3 3 3
A 679 3 3 3
A 680 3 3 3
A 681 3 3 3
A 682 3 3 3
A 683 3 3 3
A 684 3 3 3
A 685 3 3 3
A 686 3 3 3
A 687 3 3 3
A 688 3 3 3
A 689 3 3 3
A 690 3 3 3
A 691 3 3 3
A 692 1 1 3
A 693 3 3 3
A 694 3 3 3
A 695 3 3 3
A 696 3 3 3
A 697 3 3 3
A 698 3 3 3
A 699 3 3 3
A 700 3 3 3
A 701 3 3 3
A 702 3 3 3
A 703 3 3 3
A 704 3 3 3
A 705 3 3 3
A 706 3 3 3
A 707 3 3 3
A 708 3 3 3
A 709 3 3 3
A 710 3 3 3
A 711 3 3 3
A 712 3 3 3
A 713 3 3 3
A 714 3 3 3
A 715 3 3 3
A 716 3 3 3
A 717 3 3 3
A 718 3 3 3
A 719 3 3 3
A 720 3 3 3
A 721 3 3 3
A 722 3 3 3
A 723 3 3 3
A 724 3 3 3
A 725 3 3 3
A 726 3 3 3
A 727 3 3 3
A 728 3 3 3
A 729 3 3 3
A 730 3 3 3
A 731 3 3 3
A 732 3 3 3
A 733 3 3 3
A 734 3 3 3
A 735 3 3 3
A 736 3 3 3
A 737 3 3 3
A 738 3 3 3
A 739 3 3 3
A 740 3 3 3
A 741 3 3 3
A 742 3 3 3
A 743 3 3 3
A 744 3 3 3
A 745 3 3 3
A 746 3 3 3
A 747 3 3 3
A 748 3 3 3
A 749 3 3 3
A 750 3 3 3
A 751 3 3 3
A 752 3 3 3
A 753 3 3 3
A 754 3 3 3
A 755 3 3 3
A 756 3 3 3
A 757 3 3 3
A 758 3 3 3
A 759 3 3 3
A 760 3 3 3
A 761 3 3 3
A 762 3 3 3
A 763 3 3 3
A 764 3 3 3
A 765 3 3 3
A 766 3 3 3
A 767 3 3 3
A 768 3 3 3
A 769 3 3 3
A 770 3 3 3
A 771 3 3 3
A 772 3 3 3
A 773 3 3 3
A 774 3 3 3
A 775 3 3 3
A 776 3 3 3
A 777 3 3 3
A 778 3 3 3
A 779 3 3 3
A 780 3 3 3
A 781 3 3 3
A 782 3 3 3
A 783 3 3 3
A 784 3 3 3
A 785 3 3 3
A 786 3 3 3
A 787 3 3 3
A 788 3 3 3
A 789 3 3 3
A 790 3 3 3
A 791 1 3 3
A 792 3 3 3
A 793 3 3 3
A 794 3 3 3
A 795 3 3 3
A 796 3 3 3
A 797 3 3 3
A 798 3 3 3
A 799 3 3 3
A 800 3 3 3
A 801 3 3 3
A 802 3 3 3
A 803 3 3 3
A 804 3 3 3
A 805 3 3 3
A 806 3 3 3
A 807 3 3 3
A 808 3 3 3
A 835 3 3 3
A 836 3 3 3
A 837 3 3 3
A 838 3 3 3
A 839 3 3 3
A 840 3 3 3
A 841 3 3 3
A 842 3 3 3
A 843 3 3 3
A 844 3 3 3
A 845 3 3 3
A 846 3 3 3
A 847 3 3 3
A 848 3 3 3
A 849 3 3 3
A 850 3 3 3
A 851 3 3 3
A 852 3 3 3
A 853 3 3 3
A 854 3 3 3
A 855 3 3 3
A 856 3 3 3
A 857 3 3 3
A 858 3 3 3
A 859 3 3 3
A 860 3 3 3
A 861 3 3 3
A 862 3 3 3
A 863 3 3 3
A 864 3 3 3
A 865 3 3 3
A 866 3 3 3
A 867 3 3 3
A 868 3 3 3
A 869 3 3 3
A 870 3 3 3
A 871 3 3 3
A 872 3 3 3
A 873 3 3 3
A 874 3 3 3
A 875 3 3 3
A 876 3 3 3
A 877 3 3 3
A 878 3 3 3
A 879 3 3 3
A 880 3 3 3
A 881 3 3 3
A 882 3 3 3
A 883 3 3 3
A 884 3 3 3
A 885 3 3 3
A 886 3 3 3
A 887 3 3 3
A 888 3 3 3
A 889 3 3 3
A 890 3 3 3
A 891 3 3 3
A 892 3 3 3
A 893 3 3 3
A 894 3 3 3
A 895 3 3 3
A 896 3 3 3
A 897 3 3 3
A 898 3 3 3
A 899 3 3 3
A 900 3 3 3
A 901 3 3 3
A 902 3 3 3
A 903 3 1 3
A 904 3 3 3
A 905 3 3 3
A 906 3 3 3
A 907 3 3 3
A 908 3 3 3
A 909 3 3 3
A 910 3 3 3
A 911 3 3 3
A 912 3 3 3
A 913 3 3 3
A 914 3 3 3
A 915 3 3 3
A 916 3 3 3
A 917 3 3 3
A 918 3 3 3
A 919 3 3 3
A 920 3 3 3
A 921 3 3 3
A 922 3 3 3
A 923 3 3 3
A 924 3 3 3
A 925 3 3 3
A 926 3 3 3
A 927 3 3 3
A 928 3 3 3
A 929 3 3 3
A 930 3 3 3
A 931 3 3 3
A 932 3 3 3
A 933 3 3 3
A 934 3 3 3
A 935 3 3 3
A 936 3 3 3
A 937 3 3 3
A 938 3 3 3
A 939 3 3 3
A 940 3 3 3
A 941 3 3 3
A 942 3 3 3
A 943 3 3 3
A 944 3 3 3
A 945 3 3 3
A 946 3 3 3
A 947 3 3 3
A 948 3 3 3
A 949 3 3 3
A 950 3 3 3
A 951 3 3 3
A 952 3 3 3
A 953 3 3 3
A 954 3 3 3
A 955 3 3 3
A 956 3 3 3
A 957 3 3 3
A 958 3 3 3
A 959 3 3 3
A 960 3 3 3
A 961 3 3 3
A 962 3 3 3
A 963 3 3 3
A 964 3 3 3
A 965 3 3 3
A 966 3 3 3
A 967 3 3 3
A 968 3 3 3
A 969 3 3 3
A 970 3 3 3
A 971 3 3 3
A 972 3 3 3
A 973 3 3 3
A 974 3 3 3
A 975 3 3 3
A 976 3 3 3
A 977 3 3 3
A 978 3 3 3
A 979 3 3 3
A 980 3 3 3
A 981 3 3 3
A 982 3 3 3
A 983 3 3 3
A 984 3 3 3
A 985 3 3 3
A 986 3 3 3
A 987 3 3 3
A 988 3 3 3
A 989 3 3 3
A 990 3 3 3
A 991 3 3 3
A 992 3 3 3
A 993 3 3 3
A 994 3 3 3
A 995 3 3 3
A 996 3 3 3
A 997 3 3 3
A 998 3 3 3
A 999 3 3 3
A 1000 3 3 3
A 1001 3 3 3
A 1002 3 3 3
A 1003 3 3 3
A 1004 3 3 3
A 1005 3 3 3
A 1006 3 3 3
A 1007 3 3 3
A 1008 3 3 3
A 1009 3 3 3
A 1010 3 3 3
A 1011 3 3 3
A 1012 3 3 3
A 1013 3 3 3
A 1014 3 3 3
A 1015 3 3 3
A 1016 3 3 3
A 1017 3 3 3
A 1018 3 3 3
A 1019 3 3 3
A 1020 3 3 3
A 1021 3 3 3
A 1022 3 3 3
A 1023 3 3 3
A 1024 3 3 3
A 1025 3 3 3
A 1026 3 3 3
A 1027 3 3 3
A 1028 3 3 3
A 1029 3 3 3
A 1030 3 3 3
A 1031 3 3 3
A 1032 3 3 3
A 1033 3 3 3
A 1034 3 3 3
A 1035 3 3 3
A 1036 3 3 3
A 1037 3 3 3
A 1038 3 3 3
A 1039 3 3 3
A 1040 3 3 3
A 1041 3 3 3
A 1042 3 3 3
A 1043 3 3 3
A 1044 3 3 3
A 1045 3 3 3
A 1046 3 3 3
A 1047 3 3 3
A 1048 3 3 3
A 1049 3 3 3
A 1050 3 3 3
A 1051 3 3 3
A 1052 3 3 3
A 1053 3 3 3
A 1054 3 3 3
A 1055 3 3 3
A 1056 3 3 3
A 1057 3 3 3
A 1058 1 3 3
A 1059 3 3 3
A 1060 1 3 3
A 1061 3 3 3
A 1062 3 3 3
A 1063 3 3 3
A 1064 1 1 3
A 1065 1 1 3
A 1066 1 1 3
A 1067 1 1 3
A 1068 1 1 3
A 1069 1 3 3
A 1070 1 3 3
A 1071 3 3 3
A 1072 3 3 3
A 1073 3 3 3
A 1074 3 3 3
A 1075 3 3 3
A 1076 3 3 3
A 1077 3 3 3
A 1078 3 3 3
A 1079 1 1 3
A 1080 1 1 3
A 1081 1 1 1
A 1082 1 1 1
A 1083 1 1 3
A 1084 3 3 3
A 1085 3 3 3
A 1086 3 3 3
A 1087 3 3 3
A 1088 3 3 3
A 1089 3 3 3
A 1090 3 3 3
A 1091 3 3 3
A 1092 3 3 3
A 1093 3 3 3
A 1094 3 3 3
A 1095 3 3 3
A 1096 1 1 3
A 1097 1 3 3
A 1098 1 1 3
A 1099 1 1 3
A 1110 3 3 3
A 1111 3 3 3
A 1112 3 3 3
A 1113 3 3 3
A 1114 1 3 3
A 1285 3 1 3
A 1286 3 3 3
A 1287 3 3 3
NaN NaN NaN NaN NaN
NaN NaN NaN NaN NaN
NaN NaN NaN NaN NaN
NaN NaN NaN NaN NaN
NaN NaN NaN NaN NaN
NaN NaN NaN NaN NaN
NaN NaN NaN NaN NaN
NaN NaN NaN NaN NaN
NaN NaN NaN NaN NaN
NaN NaN NaN NaN NaN
NaN NaN NaN NaN NaN
NaN NaN NaN NaN NaN
NaN NaN NaN NaN NaN
NaN NaN NaN NaN NaN
NaN NaN NaN NaN NaN
NaN NaN NaN NaN NaN
NaN NaN NaN NaN NaN
NaN NaN NaN NaN NaN
NaN NaN NaN NaN NaN
NaN NaN NaN NaN NaN
NaN NaN NaN NaN NaN
NaN NaN NaN NaN NaN
NaN NaN NaN NaN NaN
A 1288 3 3 3
A 1289 3 3 3
A 1290 3 3 3
A 1291 3 3 3
A 1292 3 3 3
A 1293 3 3 3
A 1294 3 3 3
A 1295 3 3 3
A 1296 3 3 3
A 1297 3 3 3
A 1298 3 3 3
A 1299 3 3 3
A 1300 3 3 3
A 1301 3 3 3
A 1302 3 3 3
A 1303 3 3 3
A 1304 3 3 3
A 1305 3 3 3
A 1306 3 3 3
A 1307 3 3 3
A 1308 3 3 3
A 1309 3 3 3
A 1310 3 3 3
A 1311 3 3 3
A 1312 3 3 3
A 1313 3 3 3
A 1314 3 3 3
A 1315 3 3 3
A 1316 3 3 3
A 1317 3 3 3
A 1318 3 3 3
A 1319 3 3 3
A 1320 3 3 3
A 1321 3 3 3
A 1322 3 3 3
A 1323 3 3 3
A 1324 3 3 3
A 1325 3 3 3
A 1326 3 3 3
A 1327 1 1 3
A 1328 1 1 1
A 1329 1 1 1
A 1320 3 1 1
A 1331 3 1 3
A 1332 3 1 3
A 1333 3 1 3
A 1334 3 3 3
A 1335 3 3 3
A 1336 3 3 3
A 1337 3 3 3
A 1338 3 3 3
A 1339 3 3 3
A 1340 3 3 3
A 1341 3 3 3
A 1342 3 3 3
A 1343 3 3 3
A 1344 3 3 3
A 1345 3 3 3
A 1346 3 3 3
A 1347 3 3 3
A 1348 3 3 3
A 1349 3 1 3
A 1350 3 1 3
A 1351 3 3 3
A 1352 3 3 3
A 1353 3 3 3
A 1354 3 3 3
A 1355 3 3 3
A 1356 3 3 3
A 1357 3 3 3
A 1358 3 3 3
A 1359 3 3 3
A 1360 3 3 3
A 1361 3 3 3
A 1362 3 3 3
A 1363 3 3 3
A 1364 3 3 3
A 1365 3 3 3
A 1366 3 3 3
A 1367 3 3 3
A 1368 3 3 3
A 1369 3 3 3
A 1370 3 3 3
A 1371 3 3 3
A 1372 3 3 3
A 1373 3 3 3
A 1374 3 3 3
A 1375 3 1 3
A 1376 3 1 3
A 1377 3 3 3
A 1378 3 3 3
A 1379 3 3 3
A 1380 3 3 3
A 1381 3 3 3
A 1382 3 3 3
A 1383 3 3 3
A 1384 3 3 3
A 1385 3 3 3
A 1386 3 3 3
A 1387 3 3 3
A 1388 3 1 3
A 1389 3 1 3
A 1390 3 1 3
A 1391 3 3 3
A 1392 3 1 3
A 1404 1 1 1
A 1405 3 1 3
A 1406 3 3 3
A 1407 3 3 3
A 1408 3 3 3
A 1409 3 1 3
A 1410 3 1 3
A 1411 3 3 3
A 1412 3 1 3
A 1413 3 3 3
A 1414 3 3 3
A 1415 3 3 3
A 1416 3 3 3
A 1417 3 3 3
A 1418 3 3 3
A 1419 3 3 3
A 1420 3 3 3
A 1421 3 1 3
A 1422 3 1 3
A 1434 3 1 3
A 1435 3 1 3
A 1436 3 3 3
A 1437 3 3 3
A 1438 3 3 3
A 1439 3 3 3
A 1440 3 3 3
A 1441 3 3 3
A 1442 3 3 3
A 1443 3 3 3
A 1444 3 3 3
A 1445 3 3 3
A 1446 3 3 3
A 1447 3 3 3
A 1448 3 3 3
A 1449 3 3 3
A 1450 3 3 3
A 1451 3 3 3
A 1452 3 3 3
A 1453 3 3 3
A 1454 3 3 3
A 1455 3 3 3
A 1456 3 3 3
A 1457 3 3 3
A 1458 3 3 3
A 1459 1 1 3
A 1460 3 1 3
A 1461 1 1 1
A 1462 3 3 3
A 1463 3 3 3
A 1464 3 3 3
A 1465 3 3 3
A 1466 3 3 3
A 1467 3 3 3
A 1468 3 3 3
A 1469 3 3 3
A 1470 3 3 3
A 1471 3 3 3
A 1472 3 3 3
A 1473 3 3 3
A 1474 3 3 3
A 1475 3 3 3
A 1476 3 3 3
A 1477 3 3 3
A 1478 3 3 3
A 1479 3 3 3
A 1480 3 3 3
A 1481 3 3 3
A 1482 3 3 3
A 1483 3 3 3
A 1484 3 3 3
A 1485 3 3 3
A 1486 3 3 3
A 1487 3 3 3
A 1488 3 3 3
A 1489 3 3 3
A 1490 3 3 3
A 1491 3 1 3
A 1505 3 3 3
A 1506 3 3 3
A 1507 3 3 3
A 1508 3 3 3
A 1509 3 3 3
A 1510 3 3 3
A 1511 3 3 3
A 1512 3 3 3
A 1513 3 3 3
A 1514 3 3 3
A 1515 3 3 3
A 1516 3 3 3
A 1517 3 3 3
A 1518 3 3 3
A 1519 3 3 3
A 1520 3 3 3
A 1521 3 3 3
A 1522 3 3 3
A 1523 3 3 3
A 1524 3 3 3
A 1525 3 3 3
A 1526 3 3 3
A 1527 3 3 3
A 1528 3 3 3
A 1529 3 3 3
A 1530 3 3 3
A 1531 3 3 3
A 1532 3 3 3
A 1533 3 3 3
A 1534 3 3 3
A 1535 3 3 3
A 1536 3 3 3
A 1537 3 3 3
A 1538 3 3 3
A 1539 3 3 3
A 1540 3 3 3
A 1541 3 3 3
A 1542 3 3 3
A 1543 3 3 3
A 1544 3 3 3
A 1545 3 3 3
A 1546 3 3 3
A 1547 3 3 3
A 1548 3 3 3
A 1549 3 3 3
A 1550 3 3 3
A 1551 3 3 3
A 1552 3 3 3
A 1553 3 3 3
A 1554 3 3 3
A 1555 3 3 3
A 1556 3 3 3
A 1557 3 3 3
A 1558 3 3 3
A 1559 3 3 3
A 1560 3 3 3
A 1561 3 3 3
A 1562 3 3 3
A 1563 3 3 3
A 1564 3 3 3
A 1565 3 3 3
A 1566 3 3 3
A 1567 3 3 3
A 1568 3 3 3
A 1569 3 3 3
A 1570 3 3 3
A 1571 3 3 3
A 1572 3 3 3
A 1573 3 3 3
A 1574 3 3 3
A 1575 3 3 3
A 1576 3 3 3
A 1577 3 3 3
A 1578 3 3 3
A 1579 3 3 3
A 1580 3 3 3
A 1581 3 1 3
A 1582 3 1 3
A 1583 3 1 3
A 1584 3 1 3
A 1585 3 1 3
A 1586 3 1 3
A 1587 1 1 3
A 1588 3 1 3
A 1589 3 1 3
A 1590 3 1 3
A 1591 3 1 3
A 1592 3 1 3
A 1593 3 1 3
A 1594 3 1 3
A 1595 3 1 3
A 1596 3 1 3
A 1597 3 1 3
A 1598 3 3 3
A 1599 2 3 3
A 1600 3 3 3
A 1601 3 3 3
A 1602 3 3 3
A 1603 3 3 3
A 1604 3 3 3
A 1605 3 3 3
A 1606 3 3 3
A 1607 3 3 3
A 1608 3 1 3
A 1609 3 1 3
A 1610 3 1 3
A 1611 3 1 3
A 1612 3 1 3
A 1613 3 1 3
A 1614 2 1 1
A 1615 2 1 3
A 1616 3 1 3
A 1617 3 1 1
A 1618 2 1 3
A 1619 3 1 3
A 1620 2 1 3
A 1621 3 1 3
A 1622 3 1 3
A 1623 3 1 3
A 1624 3 1 3
A 1625 3 1 3
A 1626 3 1 3
A 1627 3 1 3
A 1628 3 1 3
A 1629 3 1 3
A 1630 3 3 3
A 1631 3 3 3
A 1632 3 3 3
A 1633 3 3 3
A 1634 3 3 3
A 1635 3 3 3
A 1636 3 3 3
A 1637 3 3 3
A 1638 3 1 3
A 1639 3 1 3
A 1640 3 3 3
A 1641 3 1 3
A 1642 3 1 3
A 1643 3 1 3
A 1644 3 1 3
A 1645 2 1 3
A 1646 2 1 3
A 1647 2 1 3
A 1648 3 1 3
A 1649 3 1 3
A 1650 2 1 1
A 1651 3 1 3
A 1652 3 1 3
A 1653 3 1 3
A 1654 3 1 3
A 1655 3 1 3
A 1656 3 1 3
A 1657 3 1 3
A 1658 3 1 3
A 1659 3 1 3
A 1660 3 1 3
A 1661 3 1 3
A 1662 3 1 3
A 1663 3 1 3
A 1664 3 1 3
A 1665 3 1 3
A 1666 3 1 3
A 1667 3 1 3
A 1668 3 1 3
A 1669 3 1 3
A 1670 3 1 3
A 1671 3 1 3
A 1672 3 1 3
A 1673 3 1 3
A 1674 3 1 3
A 1675 3 3 3
A 1676 3 3 3
A 1677 3 3 3
A 1678 3 1 3
A 1679 3 1 1
A 1680 3 1 3
A 1681 2 1 1
A 1682 3 1 1
A 1683 3 1 1
A 1684 3 1 3
A 1685 3 1 1
A 1686 1 1 1
A 1687 0 1 1
A 1688 0 1 1
A 1689 1 1 1
A 1690 1 1 1
A 1691.0 1 1
A 1692 2 1 3
A 1693 3 1 3
A 1694 2 1 3
A 1695 2 1 3
A 1696 3 1 3
A 1697 2 1 1
A 1698 3 1 3
A 1699 3 1 3
A 1700 3 1 3
A 1701 2 1 3
A 1702 3 1 3
A 1703 3 1 3
A 1704 3 1 3
A 1705 3 1 3
A 1706 3 1 3
A 1707 3 1 3
A 1708 3 1 3
A 1709 3 1 3
A 1710 3 1 3
A 1711 3 1 3
A 1712 3 1 3
A 1713 3 1 3
A 1714 3 1 3
A 1715 3 1 3
A 1716 2 1 1
A 1717 2 1 3
A 1718 2 1 1
A 1719 3 1 3
A 1720 1 1 1
A 1721 3 1 1
A 1722 1 1 1
A 1723 1 1 1
A 1724 2 1 1
A 1725 0 1 1
A 1726 0 1 1
A 1727 0 1 1
A 1728 2 1 1
A 1729 2 1 1
A 1730 2 1 1
A 1731 2 1 1
A 1732 3 3 3
A 1733 2 1 3
A 1734 2 1 1
A 1735 2 1 3
A 1736 2 1 3
A 1737 2 1 1
A 1746 3 1 1
A 1747 2 1 1
A 1748 3 3 3
A 1749 3 3 3
A 1750 3 3 3
A 1751 3 3 3
A 1752 3 3 3
A 1753 3 3 3
A 1754 3 3 3
A 1755 3 3 3
A 1756 3 3 3
A 1757 3 1 3
A 1764 3 3 3
A 1765 3 3 3
A 1766 3 3 3
A 1767 3 3 3
A 1768 3 3 3
A 1769 3 3 3
A 1770 3 3 3
A 1771 3 3 3
A 1772 3 3 3
A 1773 1 3 3
A 1774 3 3 3
A 1775 3 3 3
A 1776 3 3 3
A 1777 3 3 3
A 1778 3 3 3
A 1779 3 3 3
A 1780 3 3 3
A 1781 3 3 3
A 1782 3 3 3
A 1783 3 3 3
A 1784 3 3 3
A 1785 3 3 3
A 1786 3 3 3
A 1787 3 3 3
A 1788 3 3 3
A 1789 3 3 3
A 1790 3 3 3
A 1791 3 3 3
A 1792 3 3 3
A 1793 3 3 3
A 1794 3 3 3
A 1795 3 3 3
A 1796 3 3 3
A 1797 3 3 3
A 1798 3 3 3
A 1799 3 3 3
A 1800 3 3 3
A 1801 3 3 3
A 1802 3 3 3
A 1803 3 3 3
A 1804 3 3 3
A 1805 3 3 3
A 1806 3 3 3
A 1807 3 3 3
A 1808 3 3 3
A 1809 3 3 3
A 1810 3 3 3
A 1811 3 3 3
A 1812 3 3 3
A 1813 3 3 3
A 1814 3 3 3
A 1815 3 3 3
A 1816 3 3 3
A 1817 3 3 3
A 1818 3 3 3
A 1819 3 3 3
A 1820 3 3 3
A 1821 3 3 3
A 1822 1 3 3
A 1823 3 3 3
A 1824 3 3 3
A 1825 3 3 3
A 1826 3 3 3
A 1827 3 3 3
A 1828 3 3 3
A 1829 3 3 3
A 1830 3 3 3
A 1831 3 3 3
A 1832 3 3 3
A 1833 3 3 3
A 1834 3 3 3
A 1835 3 3 3
A 1836 3 3 3
A 1837 3 3 3
A 1838 3 3 3
A 1839 3 3 3
A 1840 3 3 3
A 1841 3 3 3
A 1842 3 3 3
A 1843 3 3 3
A 1844 3 3 3
A 1845 3 3 3
A 1846 3 3 3
A 1847 3 3 3
A 1848 3 3 3
A 1849 3 3 3
A 1850 3 3 3
A 1851 3 3 3
A 1852 3 3 3
A 1853 3 3 3
A 1854 3 3 3
A 1855 3 3 3
A 1856 3 3 3
A 1857 3 3 3
A 1858 3 3 3
A 1859 3 3 3
A 1860 3 3 3
A 1861 3 3 3
A 1862 3 3 3
A 1863 3 3 3
A 1864 3 3 3
A 1865 3 3 3
A 1866 3 3 3
A 1867 3 3 3
A 1868 3 3 3
A 1869 3 3 3
A 1870 3 3 3
A 1871 3 3 3
A 1872 3 3 3
A 1873 3 3 3
A 1874 3 3 3
A 1875 3 3 3
A 1876 3 3 3
A 1877 3 3 3
A 1878 3 3 3
A 1879 3 3 3
A 1880 3 3 3
A 1881 1 3 3
A 1882 3 3 3
A 1883 3 3 3
A 1884 3 3 3
A 1885 3 3 3
A 1886 3 3 3
A 1887 3 3 3
A 1888 3 3 3
A 1889 3 3 3
A 1890 3 3 3
A 1891 3 3 3
A 1892 3 3 3
A 1893 3 3 3
A 1894 3 3 3
A 1895 3 3 3
A 1896 3 3 3
A 1897 3 3 3
A 1898 1 3 3
A 1899 1 3 3
A 1900 3 3 3
A 1901 3 3 3
A 1902 3 3 3
A 1903 3 3 3
A 1904 3 3 3
A 1905 3 3 3
A 1906 3 3 3
A 1907 3 3 3
A 1908 3 3 3
A 1909 3 3 3
A 1910 3 3 3
A 1911 3 3 3
A 1912 3 3 3
A 1913 3 3 3
A 1914 3 3 3
A 1915 3 3 3
A 1916 3 3 3
A 1917 1 3 3
A 1928 3 3 3
A 1929 3 3 3
A 1930 3 3 3
A 1931 3 3 3
A 1932 3 3 3
A 1933 3 3 3
A 1934 3 3 3
A 1935 3 3 3
A 1936 3 3 3
A 1937 3 3 3
A 1938 3 3 3
A 1939 3 3 3
A 1940 3 3 3
A 1941 3 3 3
A 1942 3 3 3
A 1943 3 3 3
A 1944 3 3 3
A 1945 3 3 3
A 1946 3 3 3
A 1947 1 1 3
A 1948 3 3 3
A 1949 3 3 3
A 1950 3 3 3
A 1951 3 3 3
A 1952 3 3 3
A 1953 3 3 3
A 1954 3 3 3
A 1955 3 3 3
A 1956 3 3 3
A 1957 3 3 3
A 1958 3 3 3
A 1959 3 3 3
A 1960 3 3 3
A 1961 3 3 3
A 1962 3 3 3
A 1963 3 3 3
A 1964 3 3 3
A 1965 3 3 3
A 1966 3 3 3
A 1967 3 3 3
A 1968 3 3 3
A 1969 3 3 3
A 1970 3 3 3
A 1971 3 3 3
A 1972 3 3 3
A 1973 3 3 3
A 1974 3 3 3
A 1975 3 3 3
A 1976 3 3 3
A 1977 3 3 3
A 1978 3 3 3
A 1979 3 3 3
A 1980 3 3 3
A 1981 3 3 3
A 1982 3 3 3
A 1983 3 3 3
A 1984 3 3 3
A 1985 3 3 3
A 1986 3 3 3
A 1987 3 3 3
A 1988 3 3 3
A 1989 3 3 3
A 1990 3 3 3
A 1991 3 3 3
A 1992 3 3 3
A 1993 3 3 3
A 1994 3 3 3
A 1995 3 3 3
A 1996 3 3 3
A 1997 3 3 3
A 1998 3 3 3
A 1999 3 3 3
A 2000 3 3 3
A 2001 3 3 3
A 2002 3 3 3
A 2003 3 3 3
A 2004 3 3 3
A 2005 3 3 3
A 2006 3 3 3
A 2007 3 3 3
A 2008 3 3 3
A 2009 3 3 3
A 2010 3 3 3
A 2011 3 3 3
A 2012 3 3 3
A 2013 3 3 3
A 2014 3 3 3
A 2015 3 3 3
A 2016 3 3 3
A 2017 3 3 3
A 2018 3 3 3
A 2019 3 3 3
A 2020 3 3 3
A 2021 3 3 3
A 2022 3 3 3
A 2023 3 3 3
A 2024 3 3 3
A 2025 3 3 3
A 2026 3 3 3
A 2027 3 3 3
A 2028 3 3 3
A 2029 3 3 3
A 2030 1 3 3
A 2031 3 3 3
A 2032 3 3 3
A 2033 3 3 3
A 2034 3 3 3
A 2035 3 3 3
A 2036 3 3 3
A 2037 3 3 3
A 2038 3 3 3
A 2039 3 3 3
A 2040 3 3 3
A 2041 3 3 3
A 2042 3 3 3
A 2043 3 3 3
A 2044 3 3 3
A 2045 3 3 3
A 2046 1 3 3
A 2047 3 1 3
A 2048 3 3 3
A 2049 3 3 3
A 2050 3 3 3
A 2051 3 3 3
A 2052 3 3 3
A 2053 3 3 3
A 2054 3 3 3
A 2055 3 3 3
A 2056 3 3 3
A 2057 3 3 3
A 2058 3 3 3
A 2059 3 3 3
A 2060 3 3 3
A 2061 3 3 3
A 2062 3 3 3
A 2063 3 3 3
A 2070 3 3 3
A 2091 3 3 3
A 2092 3 3 3
A 2093 3 3 3
A 2094 3 3 3
A 2095 3 3 3
A 2096 3 3 3
A 2097 3 3 3
A 2098 3 3 3
A 2099 3 3 3
A 2100 3 3 3
A 2101 3 3 3
A 2102 3 3 3
A 2103 3 3 3
A 2104 3 3 3
A 2105 3 3 3
A 2106 3 3 3
A 2107 3 3 3
A 2108 3 3 3
A 2109 3 3 3
A 2110 3 3 3
A 2111 3 3 3
A 2112 3 3 3
A 2113 3 3 3
A 2114 3 3 3
A 2115 3 3 3
A 2116 3 3 3
A 2117 3 3 3
A 2118 3 3 3
A 2119 3 3 3
A 2120 3 3 3
A 2121 3 3 3
A 2122 3 3 3
A 2123 3 3 3
A 2124 3 3 3
A 2125 3 3 3
A 2126 3 3 3
A 2127 3 3 3
A 2128 3 3 3
A 2129 3 3 3
A 2130 3 3 3
A 2131 3 3 3
A 2132 3 3 3
A 2133 3 3 3
A 2134 3 3 3
A 2135 3 3 3
A 2136 3 3 3
A 2137 3 3 3
A 2138 3 3 3
A 2139 3 3 3
A 2140 3 3 3
A 2141 3 3 3
A 2142 3 3 3
A 2143 3 3 3
A 2144 3 3 3
A 2145 3 3 3
A 2146 3 3 3
A 2147 3 3 3
A 2148 3 3 3
A 2149 3 3 3
A 2150 3 3 3
A 2151 3 3 3
A 2152 3 3 3
A 2153 3 3 3
A 2154 3 3 3
A 2155 3 3 3
A 2156 3 3 3
A 2157 3 3 3
A 2158 3 3 3
A 2159 3 3 3
A 2160 3 3 3
A 2161 3 3 3
A 2162 3 3 3
A 2163 3 3 3
A 2164 3 3 3
A 2165 3 3 3
A 2166 3 3 3
A 2167 3 3 3
A 2168 3 3 3
A 2169 3 3 3
A 2170 3 3 3
A 2171 3 3 3
A 2172 3 3 3
A 2173 3 3 3
A 2174 3 3 3
A 2175 3 3 3
A 2176 3 3 3
A 2177 3 3 3
A 2178 3 3 3
A 2179 3 3 3
A 2180 3 3 3
A 2181 3 3 3
A 2182 3 3 3
A 2183 3 3 3
A 2184 3 3 3
A 2185 3 3 3
A 2186 3 3 3
A 2187 3 3 3
A 2188 3 3 3
A 2189 3 3 3
A 2190 3 3 3
A 2191 3 3 3
A 2192 3 3 3
A 2193 3 3 3
A 2194 3 3 3
A 2195 3 3 3
A 2196 3 3 3
A 2197 3 3 3
A 2198 3 3 3
A 2199 3 3 3
A 2200 3 3 3
A 2201 3 3 3
A 2202 3 3 3
A 2203 3 3 3
A 2204 3 3 3
A 2205 3 3 3
A 2206 3 3 3
A 2207 3 3 3
A 2208 3 3 3
A 2209 3 3 3
A 2220 3 3 3
A 2211 3 3 3
A 2212 3 3 3
A 2213 3 3 3
A 2214 3 3 3
A 2215 3 3 3
A 2216 3 3 3
A 2217 3 3 3
A 2218 3 3 3
A 2219 3 3 3
A 2220 3 3 3
A 2221 3 3 3
A 2222 3 3 3
A 2223 3 3 3
A 2224 3 3 3
A 2225 3 3 3
A 2226 3 3 3
A 2227 3 3 3
A 2228 3 3 3
A 2229 3 3 3
A 2230 3 3 3
A 2231 3 3 3
A 2232 3 3 3
A 2233 3 3 3
A 2234 3 3 3
A 2235 3 3 3
A 2236 3 3 3
A 2237 3 3 3
A 2238 3 3 3
A 2239 3 3 3
A 2240 3 3 3
A 2241 3 3 3
A 2242 3 3 3
A 2243 3 3 3
A 2244 3 3 3
A 2245 3 3 3
A 2246 3 3 3
A 2247 3 3 3
A 2248 3 3 3
A 2249 3 3 3
A 2250 3 3 3
A 2251 3 3 3
A 2252 3 3 3
A 2253 3 3 3
A 2254 3 3 3
A 2255 3 3 3
A 2256 3 3 3
A 2257 3 3 3
A 2258 3 3 3
A 2259 3 3 3
A 2260 3 3 3
A 2261 3 3 3
A 2262 3 3 3
A 2263 3 3 3
A 2264 3 3 3
A 2265 3 3 3
A 2266 3 3 3
A 2267 3 3 3
A 2268 3 3 3
A 2269 3 3 3
A 2270 3 3 3
A 2271 3 3 3
A 2272 3 3 3
A 2273 3 3 3
A 2274 3 3 3
A 2275 3 3 3
A 2276 3 3 3
A 2277 3 3 3
A 2278 3 3 3
A 2279 3 3 3
A 2280 3 3 3
A 2281 3 3 3
A 2282 3 3 3
A 2283 3 3 3
A 2284 3 3 3
A 2285 3 3 3
A 2286 3 3 3
A 2287 3 3 3
A 2288 3 3 3
A 2289 3 3 3
A 2290 3 3 3
A 2291 3 3 3
A 2292 3 3 3
A 2293 3 3 3
A 2294 3 3 3
A 2295 3 3 3
A 2296 3 3 3
A 2297 3 3 3
A 2298 3 3 3
A 2299 3 3 3
A 2300 3 3 3
A 2301 3 3 3
A 2302 3 3 3
A 2303 3 3 3
A 2304 3 3 3
A 2305 3 3 3
A 2306 3 3 3
A 2307 3 3 3
A 2308 3 3 3
A 2309 3 3 3
A 2310 3 3 3
A 2311 3 3 3
A 2312 3 3 3
A 2313 1 1 3
A 2314 3 3 3
A 2315 1 3 3
A 2316 3 3 3
A 2317 3 3 3
A 2318 3 3 3
A 2319 1 1 3
A 2320 1 1 3
A 2321 1 1 3
A 2322 1 1 3
A 2323 1 1 3
A 2324 1 3 3
A 2325 1 3 3
A 2326 3 3 3
A 2327 3 3 3
A 2328 3 3 3
A 2329 3 3 3
A 2330 3 3 3
A 2331 3 3 3
A 2332 3 3 3
A 2333 3 3 3
A 2334 1 1 3
A 2335 1 1 3
A 2336 1 1 1
A 2337 1 1 1
A 2338 1 1 3
A 2339 3 3 3
A 2340 1 1 3
A 2341 3 3 3
A 2342 3 3 3
A 2343 3 3 3
A 2344 3 3 3
A 2345 3 3 3
A 2346 3 3 3
A 2347 3 3 3
A 2348 3 3 3
A 2349 3 3 3
A 2350 3 3 3
A 2351 1 1 3
A 2352 3 3 3
A 2353 1 1 3
A 2354 1 1 3
A 2355 3 3 3
A 2356 3 3 3
A 2357 3 3 3
A 2358 3 3 3
A 2359 3 1 3
A 2540 3 3 3
A 2541 3 3 3
A 2542 3 3 3
NaN NaN NaN NaN NaN
NaN NaN NaN NaN NaN
NaN NaN NaN NaN NaN
NaN NaN NaN NaN NaN
NaN NaN NaN NaN NaN
NaN NaN NaN NaN NaN
NaN NaN NaN NaN NaN
NaN NaN NaN NaN NaN
NaN NaN NaN NaN NaN
NaN NaN NaN NaN NaN
NaN NaN NaN NaN NaN
NaN NaN NaN NaN NaN
NaN NaN NaN NaN NaN
NaN NaN NaN NaN NaN
NaN NaN NaN NaN NaN
NaN NaN NaN NaN NaN
NaN NaN NaN NaN NaN
NaN NaN NaN NaN NaN
NaN NaN NaN NaN NaN
NaN NaN NaN NaN NaN
NaN NaN NaN NaN NaN
NaN NaN NaN NaN NaN
NaN NaN NaN NaN NaN
A 2543 3 3 3
A 2544 3 3 3
A 2545 3 3 3
A 2546 3 3 3
A 2547 3 3 3
A 2548 3 3 3
A 2549 3 3 3
A 2550 3 3 3
A 2551 3 3 3
A 2552 3 3 3
A 2553 3 3 3
A 2554 3 3 3
A 2555 3 3 3
A 2556 3 3 3
A 2557 3 3 3
A 2558 3 3 3
A 2559 3 3 3
A 2560 3 3 3
A 2561 3 3 3
A 2562 3 3 3
A 2563 3 3 3
A 2564 3 3 3
A 2565 3 3 3
A 2566 3 3 3
A 2567 3 3 3
A 2568 3 3 3
A 2569 3 3 3
A 2570 3 3 3
A 2571 3 3 3
A 2572 3 3 3
A 2573 3 3 3
A 2574 3 3 3
A 2575 3 3 3
A 2576 3 3 3
A 2577 3 3 3
A 2578 3 3 3
A 2579 3 3 3
A 2580 3 3 3
A 2581 3 3 3
A 2582 1 3 3
A 2583 1 1 1
A 2584 1 1 1
A 2585 3 1 3
A 2586 3 3 3
A 2587 3 3 3
A 2588 3 3 3
A 2589 3 3 3
A 2590 3 3 3
A 2591 3 3 3
A 2592 3 3 3
A 2593 3 3 3
A 2594 3 3 3
A 2595 3 3 3
A 2596 3 3 3
A 2597 3 3 3
A 2598 3 3 3
A 2599 3 3 3
A 2600 3 3 3
A 2601 3 3 3
A 2602 3 3 3
A 2603 3 3 3
A 2604 3 3 3
A 2605 3 1 3
A 2606 3 3 3
A 2607 3 3 3
A 2608 3 3 3
A 2609 3 3 3
A 2610 3 3 3
A 2611 3 3 3
A 2612 3 3 3
A 2613 3 3 3
A 2614 3 3 3
A 2615 3 3 3
A 2616 3 3 3
A 2617 3 3 3
A 2618 3 3 3
A 2619 3 3 3
A 2620 3 3 3
A 2621 3 3 3
A 2622 3 3 3
A 2623 3 3 3
A 2624 3 3 3
A 2625 3 3 3
A 2626 3 3 3
A 2627 3 3 3
A 2628 3 3 3
A 2629 3 3 3
A 2630 3 3 3
A 2631 3 3 3
A 2632 3 3 3
A 2633 3 3 3
A 2634 3 3 3
A 2635 3 3 3
A 2636 3 3 3
A 2637 3 3 3
A 2638 3 3 3
A 2639 3 3 3
A 2640 3 3 3
A 2641 3 3 3
A 2642 3 3 3
A 2643 3 3 3
A 2644 3 3 3
A 2645 3 3 3
A 2646 3 3 3
A 2647 3 3 3
A 2659 1 1 1
A 2660 3 3 3
A 2661 3 3 3
A 2662 3 3 3
A 2663 3 3 3
A 2664 3 3 1
A 2665 3 3 3
A 2666 3 3 3
A 2667 3 3 3
A 2668 3 3 3
A 2669 3 3 3
A 2670 3 3 3
A 2671 3 3 3
A 2672 3 3 3
A 2673 3 3 3
A 2674 3 3 3
A 2675 3 3 3
A 2676 3 3 3
A 2677 3 3 3
A 2689 1 3 3
A 2690 3 1 3
A 2691 3 3 3
A 2692 3 3 3
A 2693 3 3 3
A 2694 3 3 3
A 2695 3 3 3
A 2696 3 3 3
A 2697 3 3 3
A 2698 3 3 3
A 2699 3 3 3
A 2700 3 3 3
A 2701 3 3 3
A 2702 3 3 3
A 2703 3 3 3
A 2704 3 3 3
A 2705 3 3 3
A 2706 3 3 3
A 2707 3 3 3
A 2708 3 3 3
A 2709 3 3 3
A 2710 3 3 3
A 2711 3 3 3
A 2712 3 3 3
A 2713 3 3 3
A 2714 1 1 3
A 2715 3 3 3
A 2716 1 1 3
A 2717 3 3 3
A 2718 3 3 3
A 2719 3 3 3
A 2720 3 3 3
A 2721 3 3 3
A 2722 3 3 3
A 2723 3 3 3
A 2724 3 3 3
A 2725 3 3 3
A 2726 3 3 3
A 2727 3 3 3
A 2728 3 3 3
A 2729 3 3 3
A 2730 3 3 3
A 2731 3 3 3
A 2732 3 3 3
A 2733 3 3 3
A 2734 3 3 3
A 2735 3 3 3
A 2736 3 3 3
A 2737 3 3 3
A 2738 3 3 3
A 2739 3 3 3
A 2740 3 3 3
A 2741 3 3 3
A 2742 3 3 3
A 2743 3 3 3
A 2744 3 3 3
A 2745 3 3 3
A 2746 3 3 3
A 2760 3 3 3
A 2761 3 3 3
A 2762 3 3 3
A 2763 3 3 3
A 2764 3 3 3
A 2765 3 3 3
A 2766 3 3 3
A 2767 3 3 3
A 2768 3 3 3
A 2769 3 3 3
A 2770 3 3 3
A 2771 3 3 3
A 2772 3 3 3
A 2773 3 3 3
A 2774 3 3 3
A 2775 3 3 3
A 2776 3 3 3
A 2777 3 3 3
A 2778 3 3 3
A 2779 3 3 3
A 2780 3 3 3
A 2781 3 3 3
A 2782 3 3 3
A 2783 3 3 3
A 2784 3 3 3
A 2785 3 3 3
A 2786 3 3 3
A 2787 3 3 3
A 2788 3 3 3
A 2789 3 3 3
A 2790 3 3 3
A 2791 3 3 3
A 2792 3 3 3
A 2793 3 3 3
A 2794 3 3 3
A 2795 3 3 3
A 2796 3 3 3
A 2797 3 3 3
A 2798 3 3 3
A 2799 3 3 3
A 2800 3 3 3
A 2801 3 3 3
A 2802 3 3 3
A 2803 3 3 3
A 2804 3 3 3
A 2805 3 3 3
A 2806 3 3 3
A 2807 3 3 3
A 2808 3 3 3
A 2809 3 3 3
A 2810 3 3 3
A 2811 3 3 3
A 2812 3 3 3
A 2813 3 3 3
A 2814 3 3 3
A 2815 3 3 3
A 2816 3 3 3
A 2817 3 3 3
A 2818 3 3 3
A 2819 3 3 3
A 2820 3 3 3
A 2821 3 3 3
A 2822 3 3 3
A 2823 3 3 3
A 2824 3 3 3
A 2825 3 3 3
A 2826 3 3 3
A 2827 3 3 3
A 2828 3 3 3
A 2829 3 3 3
A 2830 3 3 3
A 2831 3 3 3
A 2832 3 3 3
A 2833 3 3 3
A 2834 3 3 3
A 2835 3 3 3
A 2836 3 3 3
A 2837 3 3 3
A 2838 3 3 3
A 2839 3 3 3
A 2840 3 3 3
A 2841 3 1 3
A 2842 3 1 3
A 2843 3 1 3
A 2844 3 3 3
A 2845 3 3 3
A 2846 3 3 3
A 2847 3 3 3
A 2848 3 3 3
A 2849 3 3 3
A 2850 3 3 3
A 2851 3 3 3
A 2852 3 3 3
A 2853 3 3 3
A 2854 2 3 3
A 2855 3 3 3
A 2856 3 3 3
A 2857 3 3 3
A 2858 3 3 3
A 2859 3 3 3
A 2860 3 3 3
A 2861 3 3 3
A 2862 3 3 3
A 2863 3 3 3
A 2864 3 3 3
A 2865 3 3 3
A 2866 3 3 3
A 2867 3 3 3
A 2868 3 3 3
A 2869 2 3 1
A 2870 2 3 3
A 2871 3 3 3
A 2872 3 3 1
A 2873 2 3 3
A 2874 3 3 3
A 2875 2 3 3
A 2876 3 3 3
A 2877 3 3 3
A 2878 3 3 3
A 2879 3 3 3
A 2880 3 3 3
A 2881 3 3 3
A 2882 3 3 3
A 2883 3 3 3
A 2884 3 3 3
A 2885 3 3 3
A 2886 3 3 3
A 2887 3 3 3
A 2888 3 3 3
A 2889 3 3 3
A 2890 3 3 3
A 2891 3 3 3
A 2892 3 3 3
A 2893 3 3 3
A 2894 3 3 3
A 2895 3 3 3
A 2896 3 3 3
A 2897 3 3 3
A 2898 3 3 3
A 2899 3 3 3
A 2900 2 3 3
A 2901 2 3 3
A 2902 2 3 3
A 2903 3 3 3
A 2904 3 3 3
A 2905 2 3 1
A 2906 3 3 3
A 2907 3 3 3
A 2908 3 3 3
A 2909 3 3 3
A 2910 3 3 3
A 2911 3 3 3
A 2912 3 3 1
A 2913 3 3 1
A 2914 3 1 1
A 2915 3 3 3
A 2916 3 3 3
A 2917 3 3 1
A 2918 3 3 3
A 2919 3 3 3
A 2920 3 3 3
A 2921 3 3 3
A 2922 3 3 3
A 2923 3 3 3
A 2924 3 3 3
A 2925 3 3 3
A 2926 3 3 3
A 2927 3 3 3
A 2928 3 3 3
A 2929 3 3 3
A 2930 3 3 3
A 2931 3 3 3
A 2932 3 3 3
A 2933 3 3 3
A 2934 3 1 1
A 2935 3 3 3
A 2936 2 1 1
A 2937 3 1 1
A 2938 3 1 3
A 2939 3 3 3
A 2940 3 1 1
A 2941 1 1 1
A 2942.0 1 1
A 2943.0 1 1
A 2944 1 1 1
A 2945 3 1 1
A 2946 2 1 1
A 2947 2 1 3
A 2948 3 3 3
A 2949 2 3 3
A 2950 2 3 3
A 2951 3 3 3
A 2952 2 1 1
A 2953 3 1 1
A 2954 3 3 3
A 2955 3 1 1
A 2956 2 1 1
A 2957 3 3 3
A 2958 3 3 3
A 2959 3 3 3
A 2960 3 3 3
A 2961 3 3 3
A 2962 3 3 3
A 2963 3 3 3
A 2964 3 1 3
A 2965 3 1 3
A 2966 3 1 1
A 2967 3 1 1
A 2968 3 1 1
A 2969 3 1 1
A 2970 3 1 1
A 2971 2 1 1
A 2972 2 1 1
A 2973 2 1 1
A 2974 3 1 1
A 2975 3 1 1
A 2976 3 1 1
A 2977 1 1 1
A 2978 1 1 1
A 2979 2 1 3
A 2980.0 1 1
A 2981.0 1 1
A 2982.0 1 1
A 2983 2 1 1
A 2984 2 1 1
A 2985 2 1 1
A 2986 2 1 1
A 2987 3 3 3
A 2988 2 3 3
A 2989 2 1 1
A 2990 2 1 3
A 2991 2 3 3
A 2992 2 1 1
A 3001 3 1 1
A 3002 2 3 3
A 3003 3 3 3
A 3004 3 3 3
A 3005 3 3 3
A 3006 3 3 3
A 3007 3 3 3
A 3008 3 3 3
A 3009 3 3 3
A 3010 3 3 3
A 3011 3 3 3
A 3012 3 3 3
A 3019 3 3 3
A 3020 3 3 3
A 3021 3 3 3
A 3022 3 3 3
A 3023 3 3 3
A 3024 3 3 3
A 3025 3 3 3
A 3026 3 3 3
A 3027 3 3 3
A 3028 1 3 3
A 3029 3 3 3
A 3030 3 3 3
A 3031 1 3 3
A 3032 3 3 3
A 3033 3 3 3
A 3034 3 3 3
A 3035 3 3 3
A 3036 3 3 3
A 3037 3 3 3
A 3038 3 3 3
A 3039 3 3 3
A 3040 3 3 3
A 3041 3 3 3
A 3042 3 3 3
A 3043 3 3 3
A 3044 3 3 3
A 3045 3 3 3
A 3046 3 3 3
A 3047 3 3 3
A 3048 3 3 3
A 3049 3 3 3
A 3050 3 3 3
A 3051 3 3 3
A 3052 3 3 3
A 3053 3 3 3
A 3054 3 3 3
A 3055 3 3 3
A 3056 3 3 3
A 3057 3 3 3
A 3058 3 3 3
A 3059 3 3 3
A 3060 3 3 3
A 3061 3 3 3
A 3062 3 3 3
A 3063 3 3 3
A 3064 3 3 3
A 3065 3 3 3
A 3066 3 3 3
A 3067 3 3 3
A 3068 3 3 3
A 3069 3 3 3
A 3070 3 3 3
A 3071 3 3 3
A 3072 3 3 3
A 3073 3 3 3
A 3074 3 3 3
A 3075 3 3 3
A 3076 3 3 3
A 3077 1 3 3
A 3078 3 3 3
A 3079 3 3 3
A 3080 3 3 3
A 3081 3 3 3
A 3082 3 3 3
A 3083 3 3 3
A 3084 3 3 3
A 3085 3 3 3
A 3086 3 3 3
A 3087 3 3 3
A 3088 3 3 3
A 3089 3 3 3
A 3090 3 3 3
A 3091 3 3 3
A 3092 3 3 3
A 3093 3 3 3
A 3094 3 3 3
A 3095 3 3 3
A 3096 3 3 3
A 3097 3 3 3
A 3098 3 3 3
A 3099 3 3 3
A 3100 3 3 3
A 3101 3 3 3
A 3102 3 3 3
A 3103 3 3 3
A 3104 3 3 3
A 3105 3 3 3
A 3106 3 3 3
A 3107 3 3 3
A 3108 3 3 3
A 3109 3 3 3
A 3110 3 3 3
A 3111 3 3 3
A 3112 3 3 3
A 3113 3 3 3
A 3114 3 3 3
A 3115 3 3 3
A 3116 3 3 3
A 3117 3 3 3
A 3118 3 3 3
A 3119 3 3 3
A 3120 3 3 3
A 3121 3 3 3
A 3122 3 3 3
A 3123 3 3 3
A 3124 3 3 3
A 3125 3 3 3
A 3126 3 3 3
A 3127 3 3 3
A 3128 3 3 3
A 3129 3 3 3
A 3130 3 3 3
A 3131 3 3 3
A 3132 3 3 3
A 3133 3 3 3
A 3134 3 3 3
A 3135 3 3 3
A 3136 3 3 3
A 3137 3 3 3
A 3138 3 3 3
A 3139 3 3 3
A 3140 3 3 3
A 3141 3 3 3
A 3142 3 3 3
A 3143 3 3 3
A 3144 3 3 3
A 3145 3 3 3
A 3146 3 3 3
A 3147 3 3 3
A 3148 3 3 3
A 3149 3 3 3
A 3150 3 3 3
A 3151 3 3 3
A 3152 3 3 3
A 3153 1 3 3
A 3154 1 3 3
A 3155 3 3 3
A 3156 3 3 3
A 3157 3 3 3
A 3158 3 3 3
A 3159 3 3 3
A 3160 3 3 3
A 3161 3 3 3
A 3162 3 3 3
A 3163 3 3 3
A 3164 3 3 3
A 3165 3 3 3
A 3166 3 3 3
A 3167 3 3 3
A 3168 3 3 3
A 3169 3 3 3
A 3170 3 3 3
A 3171 3 3 3
A 3172 1 3 3
A 3183 3 3 3
A 3184 3 3 3
A 3185 3 3 3
A 3186 3 3 3
A 3187 3 3 3
A 3188 3 3 3
A 3189 3 3 3
A 3190 3 3 3
A 3191 3 3 3
A 3192 3 3 3
A 3193 3 3 3
A 3194 3 3 3
A 3195 3 3 3
A 3196 3 3 3
A 3197 3 3 3
A 3198 3 3 3
A 3199 3 3 3
A 3200 3 3 3
A 3201 3 3 3
A 3202 3 3 3
A 3203 3 3 3
A 3204 3 3 3
A 3205 3 3 3
A 3206 3 3 3
A 3207 3 3 3
A 3208 3 3 3
A 3209 3 3 3
A 3210 3 3 3
A 3211 3 3 3
A 3212 3 3 3
A 3213 3 3 3
A 3214 3 3 3
A 3215 3 3 3
A 3216 3 3 3
A 3217 3 3 3
A 3218 3 3 3
A 3219 3 3 3
A 3220 3 3 3
A 3221 3 3 3
A 3222 3 3 3
A 3223 3 3 3
A 3224 3 3 3
A 3225 3 3 3
A 3226 3 3 3
A 3227 3 3 3
A 3228 3 3 3
A 3229 3 3 3
A 3230 3 3 3
A 3231 3 3 3
A 3232 3 3 3
A 3233 3 3 3
A 3234 3 3 3
A 3235 3 3 3
A 3236 3 3 3
A 3237 3 3 3
A 3238 3 3 3
A 3239 3 3 3
A 3240 3 3 3
A 3241 3 3 3
A 3242 3 3 3
A 3243 3 3 3
A 3244 3 3 3
A 3245 3 3 3
A 3246 3 3 3
A 3247 3 3 3
A 3248 3 3 3
A 3249 3 3 3
A 3250 3 3 3
A 3251 3 3 3
A 3252 3 3 3
A 3253 3 3 3
A 3254 3 3 3
A 3255 3 3 3
A 3256 3 3 3
A 3257 3 3 3
A 3258 3 3 3
A 3259 3 3 3
A 3260 3 3 3
A 3261 3 3 3
A 3262 3 3 3
A 3263 3 3 3
A 3264 3 3 3
A 3265 3 3 3
A 3266 3 3 3
A 3267 3 3 3
A 3268 3 3 3
A 3269 3 3 3
A 3270 3 3 3
A 3271 3 3 3
A 3272 3 3 3
A 3273 3 3 3
A 3274 3 3 3
A 3275 3 3 3
A 3276 3 3 3
A 3277 3 3 3
A 3278 3 3 3
A 3279 3 3 3
A 3280 3 3 3
A 3281 3 3 3
A 3282 3 3 3
A 3283 3 3 3
A 3284 3 3 3
A 3285 3 3 3
A 3286 3 3 3
A 3287 3 3 3
A 3288 3 3 3
A 3289 3 3 3
A 3290 3 3 3
A 3291 3 3 3
A 3292 3 3 3
A 3293 3 3 3
A 3294 3 3 3
A 3295 3 3 3
A 3296 3 3 3
A 3297 3 3 3
A 3298 3 3 3
A 3299 3 3 3
A 3300 3 3 3
A 3301 1 3 3
A 3302 3 1 3
A 3303 3 3 3
A 3304 3 3 3
A 3305 3 3 3
A 3306 3 3 3
A 3307 3 3 3
A 3308 3 3 3
A 3309 3 3 3
A 3310 3 3 3
A 3311 3 3 3
A 3312 3 3 3
A 3313 3 3 3
A 3314 3 3 3
A 3315 3 3 3
A 3316 3 3 3
A 3317 3 3 3
A 3318 3 3 3
A 3345 3 3 3
A 3346 3 3 3
A 3347 3 3 3
A 3348 3 3 3
A 3349 3 3 3
A 3350 3 3 3
A 3351 3 3 3
A 3352 3 3 3
A 3353 3 3 3
A 3354 3 3 3
A 3355 3 3 3
A 3356 3 3 3
A 3357 3 3 3
A 3358 3 3 3
A 3359 3 3 3
A 3360 3 3 3
A 3361 3 3 3
A 3362 3 3 3
A 3363 3 3 3
A 3364 3 3 3
A 3365 3 3 3
A 3366 3 3 3
A 3367 3 3 3
A 3368 3 3 3
A 3369 3 3 3
A 3370 3 3 3
A 3371 3 3 3
A 3372 3 3 3
A 3373 3 3 3
A 3374 3 3 3
A 3375 3 3 3
A 3376 3 3 3
A 3377 3 3 3
A 3378 3 3 3
A 3379 3 3 3
A 3380 3 3 3
A 3381 3 3 3
A 3382 3 3 3
A 3383 3 3 3
A 3384 3 3 3
A 3385 3 3 3
A 3386 3 3 3
A 3387 3 3 3
A 3388 3 3 3
A 3389 3 3 3
A 3390 3 3 3
A 3391 3 3 3
A 3392 3 3 3
A 3393 3 3 3
A 3394 3 3 3
A 3395 3 3 3
A 3396 3 3 3
A 3397 3 3 3
A 3398 3 3 3
A 3399 3 3 3
A 3400 3 3 3
A 3401 3 3 3
A 3402 3 3 3
A 3403 3 3 3
A 3404 3 3 3
A 3405 3 3 3
A 3406 3 3 3
A 3407 3 3 3
A 3408 3 3 3
A 3409 3 3 3
A 3410 3 3 3
A 3411 3 3 3
A 3412 3 3 3
A 3413 3 3 3
A 3414 3 3 3
A 3415 3 3 3
A 3416 3 3 3
A 3417 3 3 3
A 3418 3 3 3
A 3419 3 3 3
A 3420 3 3 3
A 3421 3 3 3
A 3422 3 3 3
A 3423 3 3 3
A 3424 3 3 3
A 3425 3 3 3
A 3426 3 3 3
A 3427 3 3 3
A 3428 3 3 3
A 3429 3 3 3
A 3430 3 3 3
A 3431 3 3 3
A 3432 3 3 3
A 3433 3 3 3
A 3434 3 3 3
A 3435 3 3 3
A 3436 3 3 3
A 3437 3 3 3
A 3438 3 3 3
A 3439 3 3 3
A 3440 3 3 3
A 3441 3 3 3
A 3442 3 3 3
A 3443 3 3 3
A 3444 3 3 3
A 3445 3 3 3
A 3446 3 3 3
A 3447 3 3 3
A 3448 3 3 3
A 3449 3 3 3
A 3450 3 3 3
A 3451 3 3 3
A 3452 3 3 3
A 3453 3 3 3
A 3454 3 3 3
A 3455 3 3 3
A 3456 3 3 3
A 3457 3 3 3
A 3458 3 3 3
A 3459 3 3 3
A 3460 3 3 3
A 3461 3 3 3
A 3462 3 3 3
A 3463 3 3 3
A 3464 3 3 3
A 3465 3 3 3
A 3466 3 3 3
A 3467 3 3 3
A 3468 3 3 3
A 3469 3 3 3
A 3470 3 3 3
A 3471 3 3 3
A 3472 3 3 3
A 3473 3 3 3
A 3474 3 3 3
A 3475 3 3 3
A 3476 3 3 3
A 3477 3 3 3
A 3478 3 3 3
A 3479 3 3 3
A 3480 3 3 3
A 3481 3 3 3
A 3482 3 3 3
A 3483 3 3 3
A 3484 3 3 3
A 3485 3 3 3
A 3486 3 3 3
A 3487 3 3 3
A 3488 3 3 3
A 3489 3 3 3
A 3490 3 3 3
A 3491 3 3 3
A 3492 3 3 3
A 3493 3 3 3
A 3494 3 3 3
A 3495 3 3 3
A 3496 3 3 3
A 3497 3 3 3
A 3498 3 3 3
A 3499 3 3 3
A 3500 3 3 3
A 3501 3 3 3
A 3502 3 3 3
A 3503 3 3 3
A 3504 3 3 3
A 3505 3 3 3
A 3506 3 3 3
A 3507 3 3 3
A 3508 3 3 3
A 3509 3 3 3
A 3510 3 3 3
A 3511 3 3 3
A 3512 3 3 3
A 3513 3 3 3
A 3514 3 3 3
A 3515 3 3 3
A 3516 3 3 3
A 3517 3 3 3
A 3518 3 3 3
A 3519 3 3 3
A 3520 3 3 3
A 3521 3 3 3
A 3522 3 3 3
A 3523 3 3 3
A 3524 3 3 3
A 3525 3 3 3
A 3526 3 3 3
A 3527 3 3 3
A 3528 3 3 3
A 3529 3 3 3
A 3530 3 3 3
A 3531 3 3 3
A 3532 3 3 3
A 3533 3 3 3
A 3534 3 3 3
A 3535 3 3 3
A 3536 3 3 3
A 3537 3 3 3
A 3538 3 3 3
A 3539 3 3 3
A 3540 3 3 3
A 3541 3 3 3
A 3542 3 3 3
A 3543 3 3 3
A 3544 3 3 3
A 3545 3 3 3
A 3546 3 3 3
A 3547 3 3 3
A 3548 3 3 3
A 3549 3 3 3
A 3550 3 3 3
A 3551 3 3 3
A 3552 3 3 3
A 3553 3 3 3
A 3554 3 3 3
A 3555 3 3 3
A 3556 3 3 3
A 3557 3 3 3
A 3558 3 3 3
A 3559 3 3 3
A 3560 3 3 3
A 3561 3 3 3
A 3562 3 3 3
A 3563 3 3 3
A 3564 3 3 3
A 3565 3 3 3
A 3566 3 3 3
A 3567 3 3 3
A 3568 1 1 3
A 3569 3 3 3
A 3570 1 3 3
A 3571 3 3 3
A 3572 3 3 3
A 3573 3 3 3
A 3574 1 1 3
A 3575 1 1 3
A 3576 1 1 3
A 3577 1 1 3
A 3578 1 1 3
A 3579 3 3 3
A 3580 1 3 3
A 3581 3 3 3
A 3582 3 3 3
A 3583 3 3 3
A 3584 3 3 3
A 3585 3 3 3
A 3586 3 3 3
A 3587 3 3 3
A 3588 3 3 3
A 3589 1 1 3
A 3590 1 1 3
A 3591 1 1 1
A 3592 1 1 1
A 3593 1 1 3
A 3594 3 3 3
A 3595 3 3 3
A 3596 3 3 3
A 3597 3 3 3
A 3598 3 3 3
A 3599 3 3 3
A 3600 3 3 3
A 3601 3 3 3
A 3602 3 3 3
A 3603 3 3 3
A 3604 3 3 3
A 3605 3 3 3
A 3606 1 1 3
A 3607 3 3 3
A 3608 3 1 3
A 3609 1 1 3
A 3610 3 3 3
A 3611 3 3 3
A 3612 3 3 3
A 3613 3 3 3
A 3614 3 3 3
NaN NaN NaN NaN NaN
NaN NaN NaN NaN NaN
NaN NaN NaN NaN NaN
NaN NaN NaN NaN NaN
NaN NaN NaN NaN NaN
NaN NaN NaN NaN NaN
NaN NaN NaN NaN NaN
NaN NaN NaN NaN NaN
NaN NaN NaN NaN NaN
NaN NaN NaN NaN NaN
NaN NaN NaN NaN NaN
NaN NaN NaN NaN NaN
NaN NaN NaN NaN NaN
NaN NaN NaN NaN NaN
NaN NaN NaN NaN NaN
NaN NaN NaN NaN NaN
NaN NaN NaN NaN NaN
NaN NaN NaN NaN NaN
NaN NaN NaN NaN NaN
NaN NaN NaN NaN NaN
NaN NaN NaN NaN NaN
NaN NaN NaN NaN NaN
NaN NaN NaN NaN NaN
NaN NaN NaN NaN NaN
