G 34 1.0 1.0 1.0 1.0 1.0 1.0
G 35 1.0 1.0 1.0 1.0 1.0 1.0
G 36 3.0 3.0 1.0 1.0 3.0 3.0
G 37 3.0 1.0 3.0 1.0 1.0 1.0
G 38 3.0 3.0 3.0 3.0 3.0 3.0
G 39 3.0 1.0 1.0 3.0 3.0 3.0
G 40 3.0 1.0 3.0 3.0 1.0 3.0
G 41 3.0 1.0 3.0 1.0 1.0 1.0
G 42 3.0 1.0 1.0 3.0 3.0 3.0
G 43 3.0 3.0 3.0 3.0 3.0 3.0
G 44 3.0 3.0 3.0 3.0 3.0 3.0
G 45 3.0 3.0 3.0 3.0 3.0 3.0
G 46 3.0 3.0 3.0 3.0 3.0 3.0
G 47 3.0 1.0 3.0 3.0 3.0 3.0
G 48 1.0 1.0 1.0 1.0 1.0 1.0
G 49 1.0 1.0 1.0 1.0 1.0 1.0
G 50 3.0 3.0 1.0 1.0 1.0 1.0
G 51 1.0 1.0 1.0 1.0 1.0 1.0
G 52 3.0 3.0 1.0 3.0 3.0 1.0
G 53 1.0 1.0 1.0 1.0 1.0 1.0
G 54 1.0 1.0 1.0 1.0 1.0 1.0
G 55 1.0 1.0 1.0 1.0 3.0 1.0
G 56 1.0 1.0 1.0 1.0 1.0 1.0
G 57 1.0 1.0 1.0 1.0 1.0 1.0
G 68 3.0 3.0 3.0 1.0 1.0 1.0
G 69 1.0 3.0 3.0 1.0 1.0 1.0
G 70 1.0 1.0 3.0 1.0 1.0 1.0
G 71 1.0 1.0 1.0 1.0 1.0 1.0
G 72 1.0 1.0 1.0 1.0 1.0 1.0
G 73 1.0 1.0 1.0 1.0 1.0 1.0
G 74 1.0 1.0 1.0 1.0 1.0 1.0
G 75 1.0 1.0 1.0 1.0 1.0 1.0
G 76 1.0 1.0 1.0 3.0 3.0 3.0
G 77 1.0 1.0 1.0 1.0 1.0 1.0
G 78 1.0 1.0 1.0 1.0 1.0 1.0
G 82 2.0 0.0 0.0 0.0 0.0 0.0
G 83 1.0 1.0 1.0 1.0 1.0 3.0
G 84 1.0 1.0 1.0 3.0 1.0 3.0
G 85 1.0 1.0 1.0 1.0 1.0 1.0
G 86 3.0 3.0 3.0 3.0 3.0 3.0
G 87 1.0 1.0 1.0 1.0 1.0 1.0
G 88 1.0 1.0 1.0 0.0 0.0 0.0
G 89 3.0 1.0 1.0 1.0 1.0 1.0
G 90 1.0 1.0 1.0 1.0 1.0 1.0
G 91 3.0 3.0 3.0 3.0 3.0 1.0
G 92 1.0 1.0 1.0 1.0 1.0 1.0
G 93 3.0 3.0 3.0 3.0 3.0 3.0
G 94 3.0 1.0 3.0 1.0 1.0 1.0
G 95 3.0 3.0 3.0 3.0 3.0 3.0
G 96 3.0 1.0 3.0 3.0 1.0 3.0
G 97 1.0 1.0 1.0 1.0 1.0 1.0
G 98 3.0 1.0 3.0 1.0 1.0 1.0
G 99 1.0 3.0 1.0 1.0 1.0 1.0
G 100 3.0 3.0 3.0 3.0 3.0 3.0
G 101 3.0 3.0 3.0 3.0 3.0 3.0
G 102 1.0 1.0 1.0 1.0 1.0 1.0
G 103 1.0 1.0 1.0 1.0 1.0 1.0
G 104 3.0 3.0 1.0 1.0 1.0 1.0
G 105 1.0 1.0 1.0 1.0 1.0 1.0
G 106 1.0 1.0 1.0 1.0 1.0 1.0
G 107 1.0 1.0 1.0 1.0 1.0 1.0
G 108 3.0 1.0 3.0 3.0 1.0 1.0
G 109 0.0 0.0 0.0 0.0 0.0 0.0
G 110 1.0 1.0 1.0 1.0 1.0 1.0
G 111 1.0 1.0 1.0 1.0 1.0 1.0
G 112 0.0 0.0 0.0 0.0 0.0 0.0
G 113 1.0 1.0 1.0 1.0 1.0 1.0
G 114 1.0 1.0 1.0 1.0 1.0 1.0
G 115 1.0 1.0 1.0 1.0 1.0 1.0
G 116 1.0 1.0 1.0 1.0 1.0 1.0
G 117 1.0 3.0 3.0 1.0 1.0 1.0
G 118 1.0 1.0 1.0 1.0 1.0 1.0
G 119 0.0 0.0 0.0 0.0 0.0 0.0
G 120 2.0 2.0 2.0 1.0 1.0 1.0
G 121 1.0 1.0 1.0 1.0 1.0 1.0
G 122 0.0 0.0 0.0 0.0 0.0 0.0
G 123 2.0 2.0 2.0 0.0 0.0 0.0
G 124 2.0 2.0 2.0 0.0 0.0 0.0
G 125 1.0 1.0 1.0 1.0 1.0 1.0
G 126 1.0 1.0 1.0 1.0 1.0 1.0
G 127 0.0 0.0 0.0 0.0 0.0 0.0
G 192 1.0 1.0 1.0 1.0 1.0 1.0
G 193 1.0 1.0 1.0 1.0 1.0 1.0
G 194 1.0 1.0 1.0 3.0 1.0 3.0
G 195 1.0 1.0 1.0 1.0 1.0 1.0
G 196 1.0 1.0 1.0 0.0 0.0 0.0
G 197 0.0 0.0 0.0 0.0 0.0 0.0
G 198 0.0 0.0 0.0 0.0 0.0 0.0
G 199 0.0 0.0 0.0 0.0 0.0 0.0
G 200 0.0 0.0 2.0 0.0 0.0 0.0
G 201 0.0 0.0 0.0 0.0 0.0 0.0
G 202 0.0 0.0 2.0 0.0 0.0 0.0
G 203 1.0 1.0 1.0 1.0 1.0 1.0
G 204 1.0 1.0 1.0 1.0 1.0 1.0
G 205 1.0 1.0 1.0 1.0 1.0 1.0
G 206 1.0 1.0 1.0 1.0 1.0 1.0
G 207 1.0 1.0 1.0 1.0 1.0 1.0
G 208 1.0 1.0 1.0 1.0 1.0 1.0
G 209 1.0 1.0 1.0 1.0 1.0 1.0
G 210 1.0 1.0 1.0 1.0 1.0 1.0
G 211 1.0 1.0 1.0 0.0 0.0 0.0
G 212 3.0 1.0 1.0 3.0 3.0 1.0
G 213 1.0 1.0 1.0 1.0 1.0 1.0
G 214 3.0 3.0 3.0 3.0 3.0 3.0
G 215 3.0 1.0 1.0 3.0 3.0 1.0
G 216 1.0 1.0 1.0 1.0 1.0 1.0
G 217 3.0 3.0 3.0 3.0 3.0 3.0
G 218 1.0 1.0 1.0 1.0 1.0 1.0
G 219 3.0 3.0 1.0 1.0 1.0 1.0
G 220 3.0 3.0 3.0 3.0 3.0 3.0
G 221 3.0 1.0 1.0 1.0 1.0 1.0
G 222 3.0 3.0 1.0 3.0 3.0 3.0
G 223 3.0 3.0 3.0 3.0 3.0 3.0
G 224 3.0 3.0 1.0 3.0 3.0 3.0
G 225 3.0 3.0 3.0 3.0 3.0 3.0
G 226 3.0 3.0 3.0 3.0 3.0 3.0
G 227 3.0 3.0 3.0 3.0 3.0 3.0
G 228 3.0 1.0 1.0 3.0 3.0 1.0
G 229 1.0 1.0 1.0 1.0 1.0 1.0
G 230 3.0 1.0 1.0 3.0 3.0 1.0
G 231 1.0 1.0 1.0 1.0 1.0 1.0
G 232 1.0 1.0 1.0 3.0 3.0 1.0
G 233 3.0 3.0 1.0 3.0 3.0 3.0
G 234 1.0 1.0 1.0 1.0 1.0 1.0
G 235 3.0 1.0 3.0 3.0 3.0 3.0
G 236 1.0 1.0 1.0 1.0 1.0 1.0
G 237 1.0 1.0 1.0 1.0 1.0 1.0
G 238 3.0 3.0 3.0 1.0 3.0 1.0
G 239 1.0 3.0 1.0 1.0 1.0 1.0
G 240 1.0 1.0 1.0 1.0 1.0 1.0
G 241 1.0 1.0 1.0 1.0 1.0 1.0
G 242 3.0 3.0 3.0 3.0 3.0 3.0
G 243 3.0 3.0 3.0 3.0 3.0 3.0
G 244 3.0 3.0 3.0 3.0 3.0 3.0
G 245 3.0 3.0 1.0 3.0 3.0 3.0
G 246 3.0 1.0 1.0 1.0 1.0 1.0
G 247 1.0 1.0 1.0 1.0 1.0 1.0
G 248 3.0 3.0 3.0 3.0 3.0 3.0
G 249 3.0 1.0 1.0 3.0 1.0 1.0
G 250 1.0 1.0 1.0 1.0 1.0 1.0
G 251 3.0 3.0 3.0 3.0 3.0 3.0
G 252 1.0 1.0 1.0 3.0 1.0 1.0
G 253 3.0 1.0 3.0 3.0 3.0 3.0
G 254 3.0 1.0 1.0 3.0 3.0 1.0
G 255 1.0 1.0 1.0 3.0 1.0 1.0
G 256 3.0 3.0 3.0 3.0 3.0 3.0
G 257 3.0 1.0 3.0 3.0 3.0 3.0
G 258 3.0 1.0 3.0 3.0 3.0 3.0
G 259 3.0 3.0 3.0 3.0 3.0 3.0
G 260 3.0 3.0 3.0 3.0 3.0 3.0
G 261 3.0 1.0 3.0 3.0 3.0 3.0
G 262 3.0 1.0 3.0 3.0 3.0 3.0
G 263 3.0 1.0 3.0 3.0 3.0 3.0
G 264 3.0 3.0 3.0 3.0 3.0 3.0
G 265 3.0 1.0 3.0 3.0 3.0 3.0
G 266 3.0 1.0 3.0 1.0 3.0 1.0
G 267 1.0 1.0 1.0 1.0 1.0 1.0
G 268 1.0 1.0 1.0 0.0 0.0 0.0
G 269 1.0 1.0 1.0 1.0 1.0 1.0
G 270 3.0 3.0 3.0 1.0 3.0 1.0
G 271 3.0 3.0 3.0 1.0 3.0 1.0
G 272 3.0 3.0 3.0 3.0 1.0 3.0
G 273 3.0 3.0 3.0 3.0 3.0 1.0
G 274 3.0 1.0 3.0 1.0 1.0 1.0
G 275 3.0 1.0 1.0 1.0 1.0 1.0
G 276 1.0 1.0 1.0 0.0 0.0 0.0
G 277 1.0 1.0 1.0 0.0 0.0 0.0
G 278 1.0 1.0 1.0 0.0 0.0 0.0
G 279 0.0 0.0 0.0 0.0 0.0 0.0
G 280 0.0 0.0 0.0 0.0 0.0 0.0
G 281 1.0 1.0 1.0 0.0 0.0 0.0
G 282 1.0 1.0 1.0 0.0 0.0 0.0
G 283 3.0 1.0 1.0 3.0 1.0 3.0
G 284 3.0 3.0 3.0 3.0 3.0 3.0
G 285 3.0 3.0 3.0 3.0 3.0 3.0
G 286 3.0 3.0 3.0 3.0 3.0 3.0
G 287 3.0 3.0 3.0 3.0 3.0 3.0
G 288 3.0 3.0 3.0 3.0 3.0 3.0
G 289 1.0 1.0 1.0 0.0 2.0 0.0
G 290 1.0 1.0 1.0 1.0 1.0 1.0
G 291 3.0 1.0 3.0 3.0 3.0 3.0
G 292 3.0 3.0 3.0 3.0 3.0 3.0
G 293 3.0 3.0 3.0 3.0 1.0 1.0
G 294 3.0 3.0 3.0 3.0 3.0 3.0
G 295 3.0 1.0 3.0 3.0 3.0 1.0
G 296 1.0 1.0 1.0 1.0 1.0 1.0
G 297 1.0 1.0 1.0 1.0 1.0 1.0
G 298 0.0 0.0 0.0 0.0 0.0 0.0
G 299 1.0 1.0 1.0 1.0 3.0 1.0
G 300 0.0 2.0 2.0 0.0 0.0 0.0
G 325 0.0 0.0 0.0 0.0 0.0 0.0
G 326 2.0 0.0 0.0 0.0 0.0 0.0
G 327 0.0 0.0 0.0 0.0 0.0 0.0
G 328 0.0 0.0 0.0 0.0 0.0 0.0
G 329 0.0 0.0 0.0 0.0 0.0 0.0
G 330 0.0 0.0 0.0 0.0 0.0 0.0
G 331 3.0 1.0 3.0 1.0 1.0 1.0
G 332 1.0 1.0 1.0 0.0 0.0 0.0
G 333 3.0 3.0 3.0 3.0 1.0 3.0
G 334 1.0 1.0 1.0 1.0 1.0 1.0
G 335 1.0 1.0 1.0 0.0 0.0 0.0
G 336 1.0 1.0 1.0 0.0 0.0 0.0
G 337 3.0 3.0 1.0 0.0 0.0 0.0
G 338 3.0 3.0 3.0 2.0 2.0 2.0
G 339 0.0 0.0 0.0 0.0 0.0 0.0
G 340 1.0 1.0 1.0 0.0 0.0 0.0
G 341 3.0 1.0 3.0 3.0 3.0 1.0
G 342 3.0 3.0 3.0 3.0 1.0 3.0
G 343 1.0 1.0 1.0 1.0 1.0 1.0
G 344 1.0 1.0 1.0 0.0 0.0 0.0
G 345 3.0 3.0 3.0 3.0 3.0 3.0
G 346 1.0 1.0 1.0 0.0 0.0 0.0
G 347 1.0 1.0 1.0 1.0 1.0 1.0
G 348 1.0 1.0 1.0 1.0 1.0 1.0
G 349 3.0 3.0 3.0 1.0 1.0 3.0
G 350 1.0 1.0 1.0 1.0 1.0 1.0
G 351 1.0 1.0 1.0 1.0 1.0 1.0
G 352 1.0 1.0 1.0 0.0 0.0 0.0
G 353 0.0 0.0 0.0 2.0 0.0 0.0
G 356 0.0 0.0 0.0 0.0 0.0 0.0
G 357 0.0 0.0 0.0 0.0 0.0 0.0
G 358 1.0 1.0 1.0 1.0 1.0 1.0
G 359 1.0 1.0 1.0 1.0 1.0 1.0
G 360 3.0 1.0 1.0 1.0 3.0 1.0
G 361 3.0 1.0 3.0 3.0 3.0 3.0
G 362 1.0 1.0 1.0 0.0 0.0 0.0
G 363 1.0 1.0 1.0 1.0 1.0 1.0
G 364 1.0 1.0 1.0 1.0 1.0 1.0
G 365 0.0 0.0 0.0 0.0 0.0 0.0
G 366 0.0 0.0 0.0 0.0 0.0 0.0
G 367 0.0 0.0 0.0 0.0 0.0 0.0
G 368 0.0 0.0 0.0 0.0 0.0 0.0
G 369 1.0 1.0 1.0 0.0 0.0 0.0
G 370 3.0 3.0 1.0 2.0 2.0 0.0
G 371 1.0 1.0 1.0 0.0 0.0 0.0
G 372 1.0 1.0 1.0 0.0 0.0 0.0
G 373 1.0 1.0 1.0 0.0 0.0 0.0
G 374 3.0 1.0 3.0 3.0 1.0 1.0
G 375 3.0 1.0 1.0 3.0 1.0 1.0
G 376 3.0 3.0 3.0 3.0 3.0 3.0
G 377 1.0 1.0 1.0 1.0 1.0 1.0
G 378 1.0 1.0 1.0 1.0 1.0 1.0
G 379 1.0 1.0 1.0 1.0 1.0 1.0
G 380 1.0 1.0 1.0 1.0 1.0 1.0
G 381 1.0 1.0 1.0 3.0 3.0 3.0
G 382 1.0 1.0 1.0 0.0 0.0 0.0
G 383 3.0 3.0 3.0 3.0 3.0 3.0
G 384 3.0 3.0 3.0 2.0 2.0 2.0
G 385 3.0 1.0 1.0 1.0 1.0 1.0
G 386 3.0 1.0 3.0 1.0 3.0 3.0
G 387 3.0 1.0 3.0 3.0 3.0 3.0
G 388 1.0 1.0 1.0 1.0 1.0 1.0
G 389 1.0 1.0 1.0 0.0 0.0 0.0
G 390 3.0 1.0 3.0 3.0 3.0 3.0
G 391 3.0 1.0 3.0 3.0 3.0 1.0
G 392 0.0 0.0 0.0 0.0 0.0 0.0
G 393 1.0 1.0 1.0 1.0 1.0 1.0
G 394 0.0 0.0 0.0 0.0 0.0 0.0
G 412 1.0 1.0 1.0 1.0 1.0 1.0
G 413 0.0 0.0 0.0 0.0 0.0 0.0
G 414 3.0 3.0 3.0 3.0 3.0 3.0
G 415 1.0 1.0 1.0 0.0 0.0 0.0
G 416 3.0 1.0 3.0 2.0 2.0 2.0
G 417 3.0 3.0 3.0 2.0 0.0 2.0
G 418 1.0 1.0 1.0 0.0 0.0 0.0
G 419 0.0 0.0 0.0 0.0 0.0 0.0
G 420 0.0 0.0 0.0 0.0 0.0 0.0
G 421 0.0 0.0 0.0 0.0 0.0 0.0
G 422 1.0 1.0 1.0 1.0 1.0 1.0
G 423 0.0 0.0 0.0 0.0 0.0 0.0
G 424 0.0 0.0 0.0 0.0 0.0 0.0
G 425 0.0 0.0 0.0 0.0 0.0 0.0
G 426 0.0 0.0 0.0 0.0 0.0 0.0
G 427 0.0 0.0 0.0 0.0 0.0 0.0
G 428 0.0 0.0 0.0 0.0 0.0 0.0
G 429 1.0 1.0 1.0 1.0 1.0 1.0
G 430 0.0 0.0 0.0 0.0 0.0 0.0
G 431 1.0 1.0 1.0 1.0 1.0 1.0
G 432 0.0 0.0 2.0 0.0 0.0 0.0
G 433 1.0 1.0 1.0 1.0 1.0 1.0
G 434 0.0 0.0 0.0 0.0 0.0 0.0
G 435 1.0 1.0 1.0 1.0 1.0 1.0
G 436 0.0 0.0 0.0 0.0 0.0 0.0
G 437 0.0 0.0 0.0 0.0 0.0 0.0
G 438 0.0 0.0 0.0 2.0 0.0 2.0
G 439 1.0 1.0 1.0 1.0 1.0 1.0
G 440 0.0 0.0 0.0 0.0 0.0 0.0
G 441 1.0 1.0 1.0 1.0 1.0 1.0
G 442 0.0 0.0 0.0 0.0 0.0 0.0
G 443 1.0 1.0 1.0 1.0 1.0 1.0
G 444 0.0 0.0 0.0 0.0 0.0 0.0
G 445 1.0 1.0 1.0 1.0 1.0 1.0
G 446 1.0 1.0 1.0 0.0 0.0 0.0
G 447 3.0 1.0 3.0 3.0 3.0 3.0
G 448 3.0 1.0 3.0 3.0 3.0 1.0
G 449 3.0 3.0 3.0 3.0 3.0 3.0
G 450 3.0 3.0 3.0 3.0 3.0 3.0
G 451 3.0 3.0 3.0 3.0 3.0 3.0
G 452 3.0 3.0 3.0 3.0 3.0 3.0
G 453 3.0 3.0 3.0 3.0 3.0 3.0
G 454 3.0 3.0 3.0 3.0 3.0 3.0
G 455 1.0 1.0 1.0 1.0 1.0 1.0
G 456 1.0 1.0 1.0 0.0 0.0 0.0
G 457 1.0 1.0 1.0 0.0 0.0 0.0
G 464 0.0 2.0 0.0 2.0 2.0 2.0
G 465 0.0 0.0 0.0 0.0 0.0 0.0
G 466 1.0 1.0 1.0 1.0 1.0 1.0
G 467 1.0 1.0 3.0 3.0 3.0 1.0
G 468 3.0 3.0 3.0 3.0 3.0 3.0
G 469 3.0 3.0 1.0 3.0 3.0 3.0
G 470 3.0 3.0 3.0 3.0 3.0 3.0
G 471 3.0 1.0 3.0 1.0 1.0 1.0
G 472 3.0 1.0 1.0 0.0 0.0 0.0
G 473 1.0 1.0 1.0 0.0 0.0 0.0
G 474 3.0 1.0 3.0 3.0 3.0 3.0
G 475 3.0 1.0 1.0 3.0 3.0 1.0
G 476 3.0 1.0 3.0 3.0 3.0 3.0
G 477 3.0 3.0 3.0 3.0 3.0 3.0
G 478 3.0 3.0 3.0 3.0 3.0 3.0
G 479 3.0 3.0 1.0 3.0 3.0 3.0
G 480 3.0 3.0 3.0 3.0 3.0 3.0
G 481 3.0 3.0 3.0 3.0 3.0 3.0
G 482 3.0 3.0 3.0 3.0 3.0 3.0
G 483 3.0 3.0 3.0 3.0 3.0 3.0
G 484 3.0 3.0 3.0 3.0 3.0 3.0
G 485 3.0 3.0 3.0 3.0 3.0 3.0
G 486 3.0 3.0 3.0 3.0 3.0 3.0
G 487 3.0 3.0 3.0 3.0 3.0 3.0
G 488 3.0 3.0 3.0 3.0 3.0 3.0
G 489 3.0 3.0 3.0 3.0 3.0 3.0
G 490 3.0 3.0 1.0 3.0 3.0 3.0
G 491 3.0 3.0 1.0 3.0 3.0 3.0
G 492 3.0 1.0 1.0 1.0 1.0 1.0
G 493 3.0 3.0 1.0 3.0 3.0 3.0
G 494 3.0 3.0 1.0 1.0 1.0 1.0
G 495 1.0 1.0 1.0 1.0 1.0 1.0
G 496 3.0 3.0 3.0 3.0 3.0 3.0
G 497 3.0 1.0 1.0 1.0 3.0 1.0
G 498 3.0 3.0 3.0 3.0 3.0 3.0
G 499 3.0 1.0 1.0 1.0 1.0 1.0
G 500 1.0 1.0 1.0 1.0 1.0 1.0
G 501 1.0 1.0 1.0 1.0 1.0 1.0
J 35 1.0 1.0 1.0 1.0 1.0 1.0
J 36 3.0 3.0 3.0 3.0 3.0 3.0
J 37 3.0 1.0 3.0 3.0 3.0 3.0
J 38 3.0 3.0 3.0 3.0 3.0 3.0
J 39 3.0 3.0 3.0 3.0 3.0 3.0
J 40 3.0 1.0 1.0 3.0 1.0 3.0
J 41 3.0 1.0 1.0 1.0 3.0 1.0
J 42 3.0 1.0 1.0 1.0 1.0 1.0
J 43 3.0 3.0 3.0 3.0 3.0 3.0
J 44 3.0 3.0 3.0 1.0 1.0 3.0
J 45 3.0 3.0 3.0 3.0 1.0 3.0
J 46 3.0 3.0 3.0 1.0 3.0 3.0
J 47 3.0 3.0 3.0 1.0 1.0 3.0
J 48 1.0 1.0 1.0 1.0 1.0 1.0
J 49 1.0 1.0 1.0 1.0 1.0 1.0
J 50 3.0 3.0 1.0 1.0 1.0 1.0
J 51 1.0 1.0 1.0 1.0 1.0 1.0
J 52 3.0 3.0 3.0 3.0 3.0 3.0
J 53 1.0 1.0 1.0 1.0 1.0 1.0
J 54 1.0 1.0 1.0 1.0 1.0 1.0
J 55 3.0 1.0 1.0 1.0 1.0 1.0
J 56 1.0 1.0 1.0 1.0 1.0 1.0
J 57 1.0 1.0 1.0 1.0 1.0 1.0
J 68 3.0 3.0 3.0 1.0 1.0 1.0
J 69 3.0 3.0 3.0 1.0 1.0 1.0
J 70 1.0 1.0 1.0 3.0 1.0 1.0
J 71 1.0 1.0 1.0 1.0 1.0 1.0
J 72 1.0 1.0 1.0 1.0 1.0 1.0
J 73 1.0 1.0 1.0 1.0 1.0 1.0
J 74 1.0 1.0 1.0 1.0 1.0 1.0
J 75 1.0 1.0 1.0 1.0 1.0 1.0
J 76 1.0 1.0 1.0 3.0 3.0 3.0
J 77 1.0 1.0 1.0 1.0 1.0 1.0
J 78 1.0 1.0 1.0 1.0 1.0 1.0
J 82 2.0 0.0 0.0 0.0 0.0 0.0
J 83 1.0 1.0 1.0 1.0 1.0 3.0
J 84 1.0 1.0 1.0 1.0 1.0 1.0
J 85 1.0 1.0 1.0 1.0 1.0 1.0
J 86 3.0 3.0 3.0 1.0 1.0 3.0
J 87 1.0 1.0 1.0 0.0 0.0 0.0
J 88 1.0 1.0 1.0 1.0 1.0 1.0
J 89 3.0 1.0 1.0 1.0 1.0 1.0
J 90 1.0 1.0 1.0 1.0 1.0 1.0
J 91 3.0 3.0 3.0 1.0 3.0 3.0
J 92 3.0 1.0 1.0 1.0 1.0 1.0
J 93 3.0 3.0 3.0 3.0 3.0 3.0
J 94 3.0 1.0 3.0 1.0 1.0 3.0
J 95 3.0 3.0 3.0 3.0 1.0 3.0
J 96 3.0 1.0 3.0 3.0 1.0 3.0
J 97 1.0 1.0 1.0 1.0 1.0 1.0
J 98 3.0 1.0 3.0 1.0 1.0 1.0
J 99 1.0 3.0 1.0 1.0 1.0 1.0
J 100 3.0 3.0 3.0 3.0 3.0 3.0
J 101 3.0 3.0 3.0 3.0 3.0 3.0
J 102 1.0 1.0 1.0 1.0 1.0 1.0
J 103 1.0 1.0 1.0 1.0 1.0 3.0
J 104 3.0 3.0 1.0 1.0 1.0 1.0
J 105 1.0 1.0 1.0 1.0 1.0 1.0
J 106 1.0 1.0 1.0 1.0 1.0 1.0
J 107 3.0 1.0 3.0 1.0 1.0 1.0
J 108 1.0 1.0 3.0 1.0 1.0 1.0
J 109 0.0 0.0 0.0 0.0 0.0 0.0
J 110 1.0 1.0 1.0 1.0 1.0 1.0
J 111 1.0 1.0 1.0 1.0 1.0 1.0
J 112 0.0 0.0 0.0 0.0 0.0 0.0
J 113 1.0 1.0 1.0 1.0 1.0 1.0
J 114 1.0 1.0 1.0 1.0 1.0 1.0
J 115 1.0 1.0 1.0 1.0 1.0 1.0
J 116 1.0 1.0 1.0 1.0 1.0 1.0
J 117 1.0 3.0 3.0 1.0 1.0 1.0
J 118 3.0 1.0 3.0 1.0 1.0 1.0
J 119 0.0 0.0 0.0 0.0 2.0 0.0
J 120 0.0 0.0 0.0 0.0 0.0 0.0
J 121 1.0 1.0 1.0 1.0 1.0 1.0
J 122 0.0 0.0 0.0 0.0 0.0 0.0
J 123 2.0 2.0 2.0 0.0 0.0 0.0
J 124 0.0 2.0 0.0 0.0 0.0 0.0
J 125 1.0 1.0 1.0 1.0 1.0 1.0
J 126 1.0 1.0 1.0 1.0 1.0 1.0
J 127 1.0 1.0 1.0 1.0 1.0 1.0
J 194 1.0 1.0 1.0 1.0 3.0 1.0
J 195 1.0 1.0 1.0 1.0 1.0 1.0
J 196 0.0 0.0 2.0 0.0 0.0 0.0
J 197 0.0 0.0 0.0 0.0 0.0 0.0
J 198 0.0 0.0 0.0 0.0 0.0 0.0
J 199 0.0 0.0 0.0 0.0 0.0 0.0
J 200 0.0 2.0 2.0 0.0 0.0 0.0
J 201 0.0 0.0 0.0 0.0 0.0 0.0
J 202 0.0 0.0 0.0 0.0 0.0 0.0
J 203 1.0 1.0 1.0 1.0 1.0 1.0
J 204 1.0 1.0 1.0 1.0 1.0 1.0
J 205 1.0 1.0 1.0 1.0 1.0 1.0
J 206 1.0 1.0 1.0 1.0 1.0 1.0
J 207 1.0 1.0 1.0 1.0 1.0 1.0
J 208 1.0 1.0 1.0 1.0 1.0 1.0
J 209 1.0 1.0 1.0 1.0 1.0 1.0
J 210 1.0 1.0 1.0 1.0 1.0 1.0
J 211 1.0 1.0 1.0 0.0 0.0 0.0
J 212 3.0 3.0 3.0 3.0 3.0 3.0
J 213 1.0 1.0 1.0 1.0 1.0 1.0
J 214 3.0 3.0 3.0 3.0 3.0 3.0
J 215 1.0 1.0 1.0 1.0 3.0 1.0
J 216 1.0 1.0 1.0 1.0 1.0 1.0
J 217 3.0 3.0 3.0 3.0 3.0 3.0
J 218 1.0 1.0 1.0 1.0 1.0 1.0
J 219 3.0 3.0 1.0 1.0 1.0 1.0
J 220 3.0 3.0 3.0 1.0 1.0 1.0
J 221 3.0 3.0 1.0 1.0 1.0 1.0
J 222 3.0 3.0 1.0 1.0 1.0 3.0
J 223 3.0 3.0 3.0 3.0 1.0 3.0
J 224 3.0 3.0 3.0 3.0 1.0 3.0
J 225 3.0 3.0 3.0 3.0 3.0 3.0
J 226 3.0 3.0 3.0 3.0 3.0 3.0
J 227 3.0 3.0 3.0 3.0 3.0 3.0
J 228 3.0 1.0 3.0 1.0 1.0 1.0
J 229 1.0 1.0 1.0 1.0 1.0 1.0
J 230 3.0 3.0 1.0 1.0 1.0 3.0
J 231 1.0 1.0 1.0 1.0 1.0 1.0
J 232 3.0 1.0 1.0 1.0 1.0 1.0
J 233 3.0 3.0 3.0 3.0 1.0 3.0
J 234 1.0 1.0 1.0 1.0 1.0 1.0
J 235 3.0 1.0 3.0 3.0 3.0 1.0
J 236 1.0 1.0 1.0 1.0 1.0 1.0
J 237 1.0 1.0 1.0 1.0 1.0 1.0
J 238 3.0 3.0 3.0 1.0 1.0 3.0
J 239 1.0 1.0 1.0 1.0 1.0 1.0
J 240 1.0 1.0 1.0 3.0 1.0 1.0
J 241 3.0 1.0 3.0 1.0 1.0 1.0
J 242 3.0 3.0 3.0 3.0 3.0 3.0
J 243 3.0 3.0 3.0 3.0 1.0 3.0
J 244 3.0 3.0 3.0 3.0 1.0 3.0
J 245 3.0 1.0 1.0 1.0 1.0 3.0
J 246 3.0 1.0 1.0 1.0 1.0 1.0
J 247 1.0 1.0 1.0 1.0 1.0 1.0
J 248 3.0 3.0 3.0 3.0 3.0 3.0
J 249 3.0 1.0 1.0 1.0 3.0 3.0
J 250 1.0 1.0 1.0 1.0 1.0 1.0
J 251 3.0 1.0 3.0 1.0 3.0 3.0
J 252 1.0 1.0 1.0 1.0 3.0 1.0
J 253 3.0 3.0 3.0 3.0 3.0 3.0
J 254 3.0 1.0 1.0 1.0 3.0 1.0
J 255 1.0 1.0 1.0 1.0 3.0 1.0
J 256 3.0 3.0 3.0 3.0 3.0 3.0
J 257 3.0 1.0 3.0 3.0 3.0 3.0
J 258 3.0 1.0 3.0 3.0 3.0 3.0
J 259 3.0 3.0 3.0 3.0 3.0 3.0
J 260 3.0 3.0 3.0 3.0 3.0 3.0
J 261 3.0 1.0 3.0 3.0 3.0 3.0
J 262 3.0 1.0 3.0 3.0 3.0 3.0
J 263 3.0 1.0 3.0 3.0 3.0 3.0
J 264 3.0 3.0 3.0 3.0 3.0 3.0
J 265 3.0 1.0 3.0 3.0 3.0 3.0
J 266 3.0 1.0 3.0 1.0 1.0 3.0
J 267 1.0 1.0 1.0 1.0 1.0 1.0
J 268 1.0 1.0 1.0 0.0 0.0 0.0
J 269 1.0 1.0 1.0 1.0 1.0 1.0
J 270 3.0 3.0 3.0 2.0 2.0 2.0
J 271 3.0 3.0 1.0 1.0 1.0 1.0
J 272 3.0 3.0 3.0 3.0 3.0 3.0
J 273 3.0 3.0 3.0 3.0 1.0 1.0
J 274 3.0 1.0 3.0 1.0 1.0 1.0
J 275 3.0 1.0 1.0 1.0 1.0 1.0
J 276 1.0 1.0 1.0 0.0 0.0 0.0
J 277 1.0 1.0 1.0 0.0 0.0 0.0
J 278 1.0 1.0 1.0 0.0 0.0 0.0
J 279 0.0 0.0 0.0 0.0 0.0 0.0
J 280 0.0 0.0 0.0 0.0 0.0 0.0
J 281 1.0 1.0 1.0 0.0 0.0 0.0
J 282 1.0 1.0 1.0 0.0 0.0 0.0
J 283 3.0 1.0 1.0 1.0 1.0 3.0
J 284 3.0 3.0 3.0 3.0 3.0 3.0
J 285 3.0 3.0 3.0 3.0 3.0 3.0
J 286 3.0 3.0 3.0 3.0 3.0 3.0
J 287 3.0 3.0 3.0 3.0 3.0 3.0
J 288 3.0 3.0 3.0 3.0 3.0 3.0
J 289 1.0 1.0 1.0 1.0 1.0 1.0
J 290 1.0 1.0 1.0 1.0 1.0 1.0
J 291 3.0 1.0 3.0 1.0 1.0 3.0
J 292 3.0 3.0 3.0 3.0 3.0 3.0
J 293 3.0 1.0 3.0 3.0 1.0 1.0
J 294 3.0 3.0 3.0 3.0 3.0 3.0
J 295 3.0 1.0 3.0 2.0 0.0 0.0
J 296 1.0 1.0 1.0 1.0 1.0 1.0
J 297 1.0 1.0 1.0 1.0 1.0 1.0
J 298 0.0 0.0 0.0 0.0 0.0 0.0
J 299 1.0 1.0 1.0 1.0 3.0 1.0
J 300 0.0 2.0 2.0 0.0 0.0 0.0
J 325 0.0 0.0 0.0 0.0 0.0 0.0
J 326 2.0 0.0 0.0 0.0 0.0 0.0
J 327 0.0 0.0 0.0 0.0 0.0 0.0
J 328 0.0 0.0 0.0 0.0 0.0 0.0
J 329 0.0 0.0 0.0 0.0 0.0 0.0
J 330 0.0 0.0 0.0 0.0 0.0 0.0
J 331 3.0 1.0 3.0 3.0 3.0 1.0
J 332 1.0 1.0 1.0 0.0 0.0 0.0
J 333 3.0 3.0 3.0 3.0 3.0 3.0
J 334 1.0 1.0 1.0 1.0 1.0 1.0
J 335 3.0 1.0 3.0 0.0 0.0 0.0
J 336 1.0 1.0 1.0 0.0 0.0 0.0
J 337 3.0 1.0 1.0 0.0 0.0 0.0
J 338 3.0 3.0 3.0 2.0 2.0 2.0
J 339 1.0 1.0 1.0 0.0 0.0 0.0
J 340 1.0 1.0 1.0 0.0 0.0 0.0
J 341 3.0 3.0 3.0 3.0 3.0 1.0
J 342 3.0 1.0 3.0 3.0 3.0 3.0
J 343 1.0 1.0 1.0 1.0 1.0 1.0
J 344 3.0 1.0 1.0 0.0 0.0 0.0
J 345 3.0 3.0 3.0 3.0 3.0 3.0
J 346 1.0 1.0 1.0 0.0 0.0 0.0
J 347 1.0 1.0 1.0 1.0 1.0 1.0
J 348 3.0 1.0 1.0 1.0 1.0 1.0
J 349 3.0 3.0 3.0 3.0 3.0 3.0
J 350 1.0 1.0 1.0 1.0 1.0 1.0
J 351 1.0 1.0 1.0 1.0 1.0 1.0
J 352 1.0 1.0 1.0 0.0 0.0 0.0
J 353 1.0 1.0 1.0 0.0 0.0 0.0
J 356 0.0 0.0 0.0 0.0 0.0 0.0
J 357 0.0 0.0 0.0 0.0 0.0 0.0
J 358 1.0 1.0 1.0 1.0 1.0 1.0
J 359 1.0 1.0 1.0 1.0 1.0 1.0
J 360 1.0 3.0 1.0 1.0 1.0 1.0
J 361 3.0 1.0 3.0 3.0 3.0 3.0
J 362 1.0 1.0 1.0 0.0 0.0 0.0
J 363 1.0 1.0 1.0 1.0 1.0 1.0
J 364 1.0 1.0 1.0 1.0 1.0 1.0
J 365 1.0 1.0 1.0 0.0 0.0 0.0
J 366 0.0 0.0 0.0 0.0 0.0 0.0
J 367 0.0 0.0 0.0 0.0 0.0 0.0
J 368 0.0 0.0 0.0 0.0 0.0 0.0
J 369 1.0 1.0 1.0 0.0 0.0 0.0
J 370 1.0 1.0 1.0 2.0 0.0 2.0
J 371 1.0 1.0 1.0 0.0 0.0 0.0
J 372 1.0 1.0 1.0 0.0 0.0 0.0
J 373 1.0 1.0 1.0 0.0 0.0 0.0
J 374 3.0 1.0 3.0 3.0 3.0 3.0
J 375 3.0 1.0 1.0 1.0 1.0 3.0
J 376 3.0 3.0 3.0 3.0 3.0 3.0
J 377 1.0 1.0 1.0 1.0 1.0 1.0
J 378 1.0 1.0 1.0 1.0 1.0 1.0
J 379 1.0 1.0 1.0 1.0 1.0 1.0
J 380 1.0 1.0 1.0 1.0 1.0 1.0
J 381 1.0 3.0 1.0 3.0 1.0 3.0
J 382 1.0 1.0 1.0 0.0 0.0 0.0
J 383 3.0 3.0 3.0 3.0 3.0 3.0
J 384 3.0 3.0 3.0 2.0 2.0 2.0
J 385 3.0 1.0 3.0 3.0 1.0 3.0
J 386 3.0 1.0 3.0 1.0 3.0 3.0
J 387 3.0 1.0 3.0 1.0 3.0 3.0
J 388 1.0 1.0 1.0 1.0 1.0 1.0
J 389 1.0 1.0 1.0 0.0 0.0 0.0
J 390 3.0 3.0 3.0 3.0 3.0 3.0
J 391 3.0 1.0 3.0 3.0 3.0 3.0
J 392 1.0 1.0 1.0 0.0 0.0 0.0
J 393 1.0 1.0 1.0 1.0 1.0 1.0
J 394 0.0 0.0 0.0 0.0 0.0 0.0
J 412 0.0 0.0 0.0 0.0 0.0 0.0
J 413 1.0 1.0 1.0 1.0 1.0 1.0
J 414 3.0 1.0 3.0 3.0 3.0 3.0
J 415 1.0 1.0 1.0 0.0 0.0 0.0
J 416 3.0 3.0 3.0 2.0 2.0 2.0
J 417 3.0 3.0 3.0 2.0 2.0 2.0
J 418 1.0 1.0 1.0 0.0 0.0 0.0
J 419 0.0 0.0 0.0 0.0 0.0 0.0
J 420 0.0 0.0 0.0 0.0 0.0 0.0
J 421 0.0 0.0 0.0 0.0 0.0 0.0
J 422 1.0 1.0 1.0 1.0 1.0 1.0
J 423 0.0 0.0 0.0 0.0 0.0 0.0
J 424 0.0 0.0 0.0 0.0 0.0 0.0
J 425 0.0 0.0 0.0 0.0 0.0 0.0
J 426 0.0 0.0 0.0 0.0 0.0 0.0
J 427 0.0 0.0 0.0 0.0 0.0 0.0
J 428 0.0 0.0 0.0 0.0 0.0 0.0
J 429 1.0 1.0 1.0 1.0 1.0 1.0
J 430 0.0 0.0 0.0 0.0 0.0 0.0
J 431 1.0 1.0 1.0 1.0 1.0 1.0
J 432 3.0 3.0 3.0 0.0 0.0 0.0
J 433 1.0 1.0 1.0 1.0 1.0 1.0
J 434 0.0 0.0 0.0 0.0 0.0 0.0
J 435 1.0 1.0 1.0 1.0 1.0 1.0
J 436 0.0 0.0 0.0 0.0 0.0 0.0
J 437 0.0 0.0 0.0 0.0 0.0 0.0
J 438 0.0 0.0 0.0 0.0 0.0 2.0
J 439 1.0 1.0 1.0 1.0 1.0 1.0
J 440 0.0 0.0 0.0 0.0 0.0 0.0
J 441 1.0 1.0 1.0 1.0 1.0 1.0
J 442 0.0 0.0 0.0 0.0 0.0 0.0
J 443 1.0 1.0 1.0 1.0 3.0 1.0
J 444 0.0 0.0 0.0 0.0 0.0 0.0
J 445 1.0 1.0 1.0 1.0 1.0 1.0
J 446 1.0 1.0 1.0 0.0 0.0 0.0
J 447 3.0 3.0 3.0 3.0 3.0 3.0
J 448 3.0 1.0 3.0 3.0 3.0 3.0
J 449 3.0 3.0 3.0 3.0 3.0 3.0
J 450 3.0 1.0 3.0 3.0 3.0 3.0
J 451 3.0 3.0 3.0 3.0 3.0 3.0
J 452 3.0 3.0 3.0 3.0 3.0 3.0
J 453 3.0 3.0 3.0 3.0 3.0 3.0
J 454 3.0 3.0 3.0 3.0 3.0 3.0
J 455 3.0 1.0 1.0 0.0 0.0 0.0
J 456 1.0 1.0 1.0 0.0 0.0 0.0
J 457 1.0 1.0 1.0 0.0 0.0 0.0
J 464 0.0 2.0 0.0 0.0 0.0 2.0
J 465 0.0 2.0 0.0 0.0 0.0 0.0
J 466 1.0 1.0 1.0 1.0 1.0 1.0
J 467 1.0 1.0 3.0 1.0 3.0 1.0
J 468 3.0 3.0 3.0 3.0 3.0 3.0
J 469 3.0 1.0 3.0 3.0 3.0 3.0
J 470 3.0 3.0 3.0 3.0 3.0 3.0
J 471 3.0 1.0 1.0 1.0 1.0 1.0
J 472 1.0 1.0 1.0 0.0 0.0 0.0
J 473 0.0 0.0 0.0 0.0 0.0 0.0
J 474 3.0 1.0 3.0 3.0 3.0 3.0
J 475 3.0 1.0 1.0 1.0 1.0 1.0
J 476 3.0 1.0 3.0 3.0 3.0 3.0
J 477 3.0 3.0 3.0 3.0 3.0 3.0
J 478 3.0 3.0 3.0 3.0 3.0 3.0
J 479 3.0 3.0 3.0 3.0 3.0 3.0
J 480 3.0 3.0 3.0 3.0 1.0 3.0
J 481 3.0 3.0 3.0 3.0 3.0 3.0
J 482 3.0 3.0 3.0 3.0 3.0 3.0
J 483 3.0 3.0 3.0 3.0 3.0 3.0
J 484 3.0 3.0 3.0 3.0 3.0 3.0
J 485 3.0 3.0 3.0 3.0 3.0 3.0
J 486 3.0 3.0 3.0 3.0 3.0 3.0
J 487 3.0 3.0 3.0 3.0 3.0 3.0
J 488 3.0 3.0 3.0 1.0 3.0 3.0
J 489 3.0 3.0 3.0 3.0 3.0 3.0
J 490 3.0 3.0 3.0 3.0 1.0 3.0
J 491 3.0 3.0 3.0 1.0 1.0 3.0
J 492 3.0 1.0 1.0 1.0 1.0 1.0
J 493 3.0 3.0 1.0 1.0 1.0 3.0
J 494 3.0 3.0 1.0 1.0 1.0 1.0
J 495 1.0 1.0 1.0 1.0 1.0 1.0
J 496 3.0 3.0 3.0 3.0 3.0 3.0
J 497 3.0 1.0 1.0 3.0 1.0 1.0
J 498 3.0 3.0 3.0 3.0 3.0 3.0
J 499 1.0 1.0 1.0 1.0 1.0 1.0
J 500 1.0 1.0 1.0 1.0 1.0 1.0
J 501 1.0 1.0 1.0 1.0 1.0 1.0
P 35 1.0 1.0 1.0 1.0 1.0 1.0
P 36 3.0 3.0 3.0 3.0 3.0 3.0
P 37 3.0 3.0 3.0 3.0 3.0 3.0
P 38 3.0 3.0 3.0 3.0 3.0 3.0
P 39 3.0 3.0 3.0 3.0 3.0 3.0
P 40 3.0 1.0 1.0 1.0 1.0 3.0
P 41 3.0 1.0 1.0 1.0 1.0 3.0
P 42 3.0 1.0 3.0 1.0 3.0 3.0
P 43 3.0 3.0 3.0 3.0 3.0 3.0
P 44 3.0 3.0 1.0 3.0 3.0 3.0
P 45 3.0 3.0 3.0 1.0 3.0 3.0
P 46 3.0 1.0 3.0 1.0 1.0 1.0
P 47 3.0 1.0 3.0 1.0 1.0 1.0
P 48 1.0 1.0 1.0 1.0 1.0 1.0
P 49 1.0 1.0 1.0 1.0 1.0 1.0
P 50 3.0 1.0 1.0 1.0 1.0 1.0
P 51 1.0 1.0 1.0 1.0 1.0 1.0
P 52 3.0 3.0 3.0 1.0 3.0 3.0
P 53 1.0 1.0 1.0 1.0 1.0 1.0
P 54 1.0 1.0 1.0 1.0 1.0 1.0
P 55 1.0 1.0 1.0 1.0 3.0 1.0
P 56 1.0 1.0 1.0 1.0 1.0 1.0
P 57 1.0 1.0 1.0 1.0 1.0 1.0
P 68 3.0 3.0 3.0 1.0 1.0 1.0
P 69 3.0 3.0 3.0 1.0 1.0 1.0
P 70 1.0 1.0 1.0 1.0 1.0 1.0
P 71 1.0 1.0 1.0 1.0 1.0 1.0
P 72 1.0 1.0 1.0 1.0 1.0 1.0
P 73 1.0 1.0 1.0 1.0 1.0 1.0
P 74 1.0 1.0 1.0 1.0 1.0 1.0
P 75 1.0 1.0 1.0 1.0 1.0 1.0
P 76 1.0 1.0 1.0 1.0 1.0 1.0
P 77 1.0 1.0 1.0 1.0 1.0 1.0
P 78 1.0 1.0 1.0 1.0 1.0 1.0
P 82 0.0 0.0 0.0 0.0 0.0 0.0
P 83 1.0 1.0 1.0 1.0 1.0 1.0
P 84 1.0 1.0 1.0 1.0 1.0 1.0
P 85 1.0 1.0 1.0 1.0 1.0 1.0
P 86 3.0 3.0 3.0 1.0 3.0 3.0
P 87 1.0 1.0 1.0 0.0 0.0 0.0
P 88 1.0 1.0 1.0 1.0 1.0 1.0
P 89 3.0 1.0 1.0 1.0 1.0 1.0
P 90 1.0 1.0 1.0 1.0 1.0 1.0
P 91 3.0 1.0 3.0 3.0 3.0 1.0
P 92 1.0 1.0 1.0 1.0 1.0 1.0
P 93 3.0 1.0 3.0 3.0 3.0 3.0
P 94 3.0 1.0 1.0 1.0 1.0 1.0
P 95 3.0 1.0 1.0 1.0 3.0 3.0
P 96 3.0 1.0 1.0 1.0 3.0 3.0
P 97 1.0 1.0 1.0 1.0 1.0 1.0
P 98 3.0 1.0 1.0 1.0 1.0 1.0
P 99 1.0 3.0 1.0 1.0 1.0 1.0
P 100 3.0 3.0 3.0 3.0 3.0 3.0
P 101 3.0 1.0 3.0 3.0 3.0 3.0
P 102 3.0 1.0 1.0 1.0 1.0 1.0
P 103 3.0 3.0 1.0 1.0 1.0 1.0
P 104 3.0 1.0 1.0 1.0 1.0 1.0
P 105 1.0 1.0 1.0 1.0 1.0 1.0
P 106 1.0 1.0 1.0 1.0 1.0 1.0
P 107 1.0 1.0 3.0 1.0 1.0 1.0
P 108 3.0 1.0 3.0 1.0 1.0 1.0
P 109 0.0 0.0 0.0 0.0 0.0 0.0
P 110 1.0 1.0 1.0 1.0 1.0 1.0
P 111 1.0 1.0 1.0 1.0 1.0 1.0
P 112 0.0 0.0 0.0 0.0 0.0 0.0
P 113 1.0 1.0 1.0 1.0 1.0 1.0
P 114 1.0 1.0 1.0 1.0 1.0 1.0
P 115 1.0 1.0 1.0 1.0 1.0 1.0
P 116 1.0 1.0 1.0 1.0 1.0 1.0
P 117 3.0 3.0 1.0 1.0 1.0 1.0
P 118 1.0 1.0 3.0 1.0 1.0 1.0
P 119 0.0 0.0 0.0 2.0 0.0 0.0
P 120 0.0 0.0 0.0 0.0 0.0 0.0
P 121 1.0 1.0 1.0 1.0 1.0 1.0
P 122 0.0 0.0 0.0 0.0 0.0 0.0
P 123 2.0 2.0 2.0 0.0 0.0 0.0
P 124 0.0 0.0 0.0 0.0 0.0 0.0
P 125 1.0 1.0 1.0 1.0 3.0 1.0
P 126 1.0 1.0 1.0 1.0 3.0 3.0
P 194 1.0 1.0 1.0 1.0 1.0 3.0
P 195 1.0 1.0 1.0 1.0 1.0 3.0
P 196 0.0 0.0 0.0 0.0 0.0 0.0
P 197 0.0 0.0 0.0 0.0 0.0 0.0
P 198 0.0 0.0 0.0 0.0 0.0 0.0
P 199 0.0 0.0 0.0 0.0 0.0 0.0
P 200 0.0 0.0 2.0 0.0 0.0 0.0
P 201 0.0 0.0 0.0 0.0 0.0 0.0
P 202 0.0 0.0 0.0 0.0 0.0 0.0
P 203 1.0 1.0 1.0 1.0 1.0 1.0
P 204 1.0 1.0 1.0 1.0 1.0 1.0
P 205 1.0 1.0 1.0 1.0 1.0 1.0
P 206 1.0 1.0 1.0 1.0 1.0 1.0
P 207 1.0 1.0 1.0 1.0 1.0 1.0
P 208 1.0 1.0 1.0 1.0 1.0 1.0
P 209 1.0 1.0 1.0 1.0 1.0 1.0
P 210 1.0 1.0 1.0 1.0 1.0 1.0
P 211 1.0 1.0 1.0 0.0 0.0 0.0
P 212 3.0 1.0 3.0 3.0 3.0 3.0
P 213 1.0 1.0 1.0 1.0 1.0 1.0
P 214 3.0 3.0 3.0 3.0 3.0 3.0
P 215 1.0 3.0 1.0 3.0 1.0 3.0
P 216 1.0 1.0 1.0 1.0 1.0 1.0
P 217 3.0 3.0 3.0 3.0 3.0 3.0
P 218 1.0 1.0 1.0 1.0 1.0 1.0
P 219 3.0 1.0 1.0 1.0 1.0 1.0
P 220 3.0 3.0 1.0 1.0 1.0 1.0
P 221 3.0 1.0 1.0 1.0 1.0 1.0
P 222 3.0 3.0 1.0 1.0 1.0 3.0
P 223 3.0 3.0 3.0 1.0 3.0 3.0
P 224 3.0 3.0 1.0 1.0 1.0 3.0
P 225 3.0 3.0 3.0 3.0 3.0 3.0
P 226 3.0 3.0 3.0 3.0 3.0 3.0
P 227 3.0 3.0 3.0 3.0 3.0 3.0
P 228 3.0 1.0 3.0 1.0 1.0 1.0
P 229 1.0 1.0 1.0 1.0 1.0 1.0
P 230 3.0 1.0 1.0 1.0 1.0 3.0
P 231 1.0 1.0 1.0 1.0 1.0 1.0
P 232 1.0 1.0 1.0 1.0 1.0 1.0
P 233 3.0 1.0 1.0 1.0 3.0 1.0
P 234 1.0 1.0 1.0 1.0 1.0 1.0
P 235 3.0 1.0 3.0 3.0 3.0 1.0
P 236 1.0 1.0 1.0 1.0 1.0 1.0
P 237 1.0 1.0 1.0 1.0 1.0 1.0
P 238 3.0 3.0 3.0 3.0 1.0 1.0
P 239 1.0 1.0 1.0 1.0 1.0 1.0
P 240 1.0 1.0 1.0 1.0 3.0 1.0
P 241 1.0 1.0 1.0 1.0 1.0 1.0
P 242 3.0 3.0 3.0 3.0 3.0 3.0
P 243 3.0 3.0 3.0 3.0 1.0 3.0
P 244 3.0 1.0 3.0 1.0 1.0 1.0
P 245 3.0 1.0 1.0 1.0 1.0 3.0
P 246 3.0 3.0 1.0 1.0 1.0 1.0
P 247 1.0 1.0 1.0 1.0 1.0 1.0
P 248 3.0 3.0 3.0 3.0 3.0 3.0
P 249 3.0 1.0 1.0 1.0 1.0 1.0
P 250 1.0 1.0 1.0 1.0 1.0 1.0
P 251 3.0 3.0 3.0 3.0 3.0 3.0
P 252 1.0 1.0 1.0 1.0 1.0 1.0
P 253 3.0 3.0 3.0 3.0 3.0 3.0
P 254 3.0 1.0 1.0 1.0 1.0 3.0
P 255 1.0 1.0 1.0 1.0 1.0 1.0
P 256 3.0 3.0 3.0 3.0 3.0 3.0
P 257 3.0 1.0 3.0 1.0 3.0 3.0
P 258 3.0 1.0 3.0 1.0 1.0 3.0
P 259 3.0 3.0 3.0 3.0 3.0 3.0
P 260 3.0 3.0 3.0 3.0 3.0 3.0
P 261 3.0 1.0 3.0 3.0 3.0 3.0
P 262 3.0 3.0 3.0 3.0 3.0 3.0
P 263 3.0 1.0 3.0 1.0 3.0 3.0
P 264 3.0 1.0 3.0 1.0 1.0 3.0
P 265 3.0 1.0 3.0 1.0 1.0 1.0
P 266 3.0 1.0 1.0 1.0 1.0 1.0
P 267 1.0 1.0 1.0 1.0 1.0 1.0
P 268 1.0 1.0 1.0 0.0 0.0 0.0
P 269 1.0 1.0 1.0 1.0 1.0 1.0
P 270 3.0 1.0 3.0 1.0 3.0 3.0
P 271 3.0 1.0 1.0 1.0 1.0 1.0
P 272 3.0 3.0 3.0 3.0 3.0 3.0
P 273 3.0 1.0 1.0 3.0 3.0 1.0
P 274 3.0 1.0 1.0 1.0 1.0 1.0
P 275 1.0 1.0 1.0 1.0 1.0 1.0
P 276 1.0 1.0 1.0 0.0 0.0 0.0
P 277 1.0 1.0 1.0 0.0 0.0 0.0
P 278 1.0 1.0 1.0 0.0 0.0 0.0
P 279 1.0 1.0 1.0 0.0 0.0 0.0
P 280 1.0 1.0 1.0 0.0 0.0 0.0
P 281 1.0 1.0 1.0 0.0 0.0 0.0
P 282 1.0 1.0 1.0 0.0 0.0 0.0
P 283 3.0 1.0 1.0 1.0 1.0 1.0
P 284 3.0 3.0 3.0 1.0 3.0 3.0
P 285 3.0 3.0 3.0 3.0 3.0 3.0
P 286 3.0 3.0 3.0 3.0 3.0 3.0
P 287 3.0 3.0 3.0 3.0 3.0 3.0
P 288 3.0 3.0 3.0 3.0 3.0 3.0
P 289 3.0 1.0 1.0 1.0 1.0 1.0
P 290 1.0 1.0 1.0 1.0 1.0 1.0
P 291 3.0 1.0 3.0 3.0 1.0 3.0
P 292 3.0 1.0 3.0 3.0 3.0 3.0
P 293 3.0 3.0 3.0 3.0 3.0 1.0
P 294 3.0 3.0 3.0 3.0 3.0 3.0
P 295 3.0 1.0 3.0 2.0 2.0 0.0
P 296 1.0 1.0 1.0 1.0 1.0 1.0
P 297 1.0 1.0 1.0 1.0 1.0 1.0
P 298 0.0 0.0 0.0 0.0 0.0 0.0
P 299 1.0 1.0 1.0 1.0 1.0 1.0
P 300 0.0 2.0 2.0 0.0 0.0 0.0
P 325 0.0 0.0 0.0 0.0 0.0 0.0
P 326 2.0 0.0 0.0 0.0 0.0 0.0
P 327 0.0 0.0 0.0 0.0 0.0 0.0
P 328 0.0 0.0 0.0 0.0 0.0 0.0
P 329 0.0 2.0 0.0 0.0 0.0 0.0
P 330 0.0 0.0 0.0 0.0 0.0 0.0
P 331 3.0 1.0 3.0 1.0 1.0 1.0
P 332 1.0 1.0 1.0 1.0 1.0 1.0
P 333 3.0 3.0 3.0 1.0 3.0 3.0
P 334 3.0 1.0 1.0 1.0 1.0 3.0
P 335 1.0 1.0 1.0 1.0 1.0 1.0
P 336 1.0 1.0 1.0 1.0 1.0 1.0
P 337 3.0 3.0 3.0 3.0 1.0 1.0
P 338 3.0 3.0 3.0 3.0 3.0 3.0
P 339 1.0 1.0 1.0 1.0 1.0 1.0
P 340 1.0 1.0 1.0 1.0 1.0 1.0
P 341 3.0 3.0 3.0 3.0 3.0 1.0
P 342 3.0 3.0 3.0 1.0 1.0 3.0
P 343 1.0 1.0 1.0 1.0 1.0 1.0
P 344 1.0 1.0 1.0 1.0 1.0 1.0
P 345 3.0 3.0 3.0 3.0 3.0 3.0
P 346 1.0 1.0 1.0 1.0 1.0 1.0
P 347 1.0 1.0 1.0 1.0 1.0 1.0
P 348 1.0 1.0 1.0 1.0 1.0 1.0
P 349 3.0 3.0 3.0 3.0 3.0 3.0
P 350 1.0 1.0 1.0 1.0 1.0 1.0
P 351 1.0 1.0 1.0 1.0 1.0 1.0
P 352 1.0 1.0 1.0 0.0 0.0 0.0
P 353 1.0 1.0 1.0 0.0 0.0 0.0
P 356 0.0 0.0 0.0 0.0 0.0 2.0
P 357 0.0 0.0 0.0 0.0 0.0 0.0
P 358 1.0 1.0 1.0 1.0 1.0 1.0
P 359 1.0 1.0 1.0 1.0 1.0 1.0
P 360 3.0 3.0 1.0 1.0 1.0 1.0
P 361 3.0 1.0 3.0 3.0 3.0 1.0
P 362 1.0 1.0 1.0 0.0 0.0 0.0
P 363 1.0 1.0 1.0 1.0 1.0 1.0
P 364 1.0 1.0 1.0 1.0 1.0 1.0
P 365 1.0 1.0 1.0 0.0 0.0 0.0
P 366 0.0 0.0 0.0 0.0 0.0 0.0
P 367 0.0 0.0 0.0 0.0 0.0 0.0
P 368 0.0 0.0 0.0 0.0 0.0 0.0
P 369 1.0 1.0 1.0 0.0 0.0 0.0
P 370 1.0 1.0 1.0 2.0 2.0 2.0
P 371 1.0 1.0 1.0 0.0 0.0 0.0
P 372 1.0 1.0 1.0 0.0 0.0 0.0
P 373 1.0 1.0 1.0 0.0 0.0 0.0
P 374 3.0 3.0 3.0 3.0 3.0 3.0
P 375 3.0 1.0 1.0 1.0 1.0 1.0
P 376 3.0 3.0 3.0 3.0 3.0 3.0
P 377 1.0 1.0 1.0 1.0 1.0 1.0
P 378 1.0 1.0 1.0 1.0 1.0 1.0
P 379 1.0 1.0 1.0 1.0 1.0 1.0
P 380 1.0 1.0 1.0 1.0 1.0 1.0
P 381 1.0 1.0 1.0 1.0 1.0 1.0
P 382 1.0 1.0 1.0 0.0 0.0 0.0
P 383 3.0 3.0 3.0 3.0 3.0 3.0
P 384 2.0 0.0 2.0 2.0 2.0 2.0
P 385 1.0 1.0 1.0 1.0 1.0 3.0
P 386 3.0 1.0 3.0 3.0 1.0 3.0
P 387 3.0 1.0 3.0 3.0 3.0 3.0
P 388 1.0 1.0 1.0 1.0 1.0 1.0
P 389 1.0 1.0 1.0 0.0 0.0 0.0
P 390 3.0 1.0 3.0 1.0 3.0 3.0
P 391 3.0 1.0 3.0 1.0 3.0 3.0
P 392 1.0 1.0 1.0 0.0 0.0 0.0
P 393 1.0 1.0 1.0 1.0 1.0 1.0
P 394 1.0 1.0 1.0 0.0 0.0 0.0
P 412 0.0 0.0 0.0 0.0 0.0 0.0
P 413 1.0 1.0 1.0 1.0 1.0 1.0
P 414 3.0 1.0 3.0 1.0 3.0 1.0
P 415 1.0 1.0 1.0 0.0 0.0 0.0
P 416 3.0 3.0 3.0 2.0 2.0 2.0
P 417 3.0 3.0 3.0 2.0 2.0 2.0
P 418 1.0 1.0 1.0 0.0 0.0 0.0
P 419 0.0 0.0 0.0 0.0 0.0 0.0
P 420 0.0 0.0 0.0 0.0 0.0 0.0
P 421 0.0 0.0 0.0 0.0 0.0 0.0
P 422 1.0 1.0 1.0 1.0 1.0 1.0
P 423 0.0 0.0 0.0 0.0 0.0 0.0
P 424 0.0 0.0 0.0 0.0 0.0 0.0
P 425 0.0 0.0 0.0 0.0 0.0 0.0
P 426 0.0 0.0 0.0 0.0 0.0 0.0
P 427 0.0 0.0 0.0 0.0 0.0 0.0
P 428 0.0 0.0 0.0 0.0 0.0 0.0
P 429 1.0 1.0 1.0 1.0 1.0 1.0
P 430 2.0 2.0 0.0 0.0 0.0 0.0
P 431 3.0 1.0 1.0 1.0 1.0 1.0
P 432 0.0 0.0 2.0 0.0 0.0 0.0
P 433 1.0 1.0 1.0 1.0 1.0 1.0
P 434 0.0 0.0 0.0 0.0 0.0 0.0
P 435 1.0 1.0 1.0 1.0 1.0 1.0
P 436 0.0 0.0 0.0 0.0 0.0 0.0
P 437 0.0 0.0 0.0 0.0 0.0 0.0
P 438 0.0 0.0 0.0 0.0 0.0 2.0
P 439 1.0 1.0 1.0 1.0 1.0 1.0
P 440 0.0 0.0 0.0 0.0 0.0 0.0
P 441 1.0 1.0 1.0 1.0 1.0 1.0
P 442 0.0 0.0 0.0 0.0 0.0 0.0
P 443 1.0 1.0 1.0 3.0 1.0 1.0
P 444 0.0 0.0 0.0 0.0 0.0 0.0
P 445 1.0 1.0 1.0 1.0 1.0 1.0
P 446 1.0 1.0 1.0 0.0 0.0 0.0
P 447 3.0 3.0 3.0 3.0 3.0 3.0
P 448 3.0 3.0 3.0 1.0 3.0 1.0
P 449 3.0 3.0 3.0 3.0 3.0 3.0
P 450 3.0 3.0 3.0 3.0 3.0 3.0
P 451 3.0 3.0 3.0 3.0 3.0 3.0
P 452 3.0 3.0 3.0 3.0 3.0 3.0
P 453 3.0 3.0 3.0 3.0 3.0 3.0
P 454 3.0 3.0 3.0 3.0 3.0 3.0
P 455 0.0 0.0 0.0 1.0 1.0 1.0
P 456 0.0 0.0 0.0 0.0 0.0 0.0
P 457 0.0 0.0 0.0 0.0 0.0 0.0
P 464 0.0 2.0 0.0 0.0 0.0 2.0
P 465 0.0 0.0 0.0 0.0 0.0 2.0
P 466 1.0 3.0 1.0 1.0 1.0 1.0
P 467 1.0 1.0 3.0 1.0 3.0 1.0
P 468 3.0 3.0 3.0 3.0 3.0 3.0
P 469 3.0 3.0 1.0 3.0 3.0 3.0
P 470 3.0 3.0 3.0 3.0 3.0 3.0
P 471 3.0 1.0 3.0 1.0 1.0 1.0
P 472 0.0 0.0 0.0 0.0 0.0 0.0
P 473 1.0 1.0 1.0 0.0 0.0 0.0
P 474 3.0 1.0 3.0 3.0 3.0 3.0
P 475 3.0 1.0 1.0 1.0 1.0 1.0
P 476 3.0 3.0 3.0 3.0 3.0 3.0
P 477 3.0 3.0 3.0 3.0 3.0 3.0
P 478 3.0 1.0 3.0 3.0 3.0 3.0
P 479 3.0 3.0 1.0 3.0 1.0 3.0
P 480 3.0 3.0 3.0 1.0 3.0 3.0
P 481 3.0 3.0 3.0 3.0 3.0 3.0
P 482 3.0 3.0 3.0 3.0 3.0 3.0
P 483 3.0 3.0 3.0 3.0 3.0 3.0
P 484 3.0 1.0 3.0 1.0 3.0 3.0
P 485 3.0 1.0 3.0 1.0 1.0 3.0
P 486 3.0 3.0 3.0 3.0 3.0 3.0
P 487 3.0 3.0 3.0 3.0 3.0 3.0
P 488 3.0 3.0 3.0 3.0 3.0 3.0
P 489 3.0 3.0 3.0 3.0 3.0 3.0
P 490 3.0 3.0 3.0 1.0 1.0 3.0
P 491 3.0 1.0 1.0 1.0 1.0 3.0
P 492 3.0 1.0 1.0 1.0 1.0 1.0
P 493 3.0 3.0 1.0 1.0 3.0 3.0
P 494 3.0 3.0 1.0 1.0 1.0 1.0
P 495 1.0 1.0 1.0 1.0 1.0 1.0
P 496 3.0 1.0 3.0 3.0 3.0 3.0
P 497 3.0 1.0 1.0 1.0 1.0 3.0
P 498 3.0 3.0 3.0 3.0 3.0 3.0
P 499 1.0 1.0 1.0 1.0 1.0 1.0
P 500 1.0 1.0 1.0 1.0 1.0 1.0
P 501 1.0 1.0 1.0 1.0 1.0 1.0
C 519 1.0 3.0 1.0 3.0 1.0 3.0
C 520 1.0 1.0 1.0 1.0 1.0 1.0
C 521 1.0 1.0 1.0 1.0 1.0 1.0
C 522 1.0 1.0 1.0 1.0 1.0 1.0
C 523 3.0 3.0 3.0 3.0 3.0 3.0
C 524 1.0 1.0 1.0 1.0 1.0 1.0
C 525 1.0 1.0 1.0 1.0 1.0 1.0
C 526 3.0 1.0 1.0 1.0 1.0 1.0
C 527 1.0 1.0 1.0 1.0 1.0 1.0
C 528 1.0 1.0 1.0 1.0 1.0 1.0
C 529 1.0 1.0 1.0 1.0 1.0 1.0
C 530 3.0 3.0 1.0 3.0 3.0 3.0
C 531 1.0 1.0 1.0 1.0 1.0 1.0
C 532 1.0 1.0 1.0 1.0 1.0 1.0
C 533 3.0 1.0 1.0 1.0 1.0 1.0
C 534 1.0 1.0 1.0 1.0 1.0 1.0
C 535 1.0 1.0 1.0 1.0 1.0 1.0
C 536 1.0 1.0 1.0 1.0 1.0 1.0
C 537 3.0 1.0 1.0 1.0 1.0 1.0
C 538 1.0 1.0 1.0 1.0 1.0 1.0
C 539 1.0 1.0 1.0 1.0 1.0 1.0
C 540 3.0 1.0 1.0 1.0 1.0 1.0
C 541 3.0 1.0 1.0 1.0 1.0 1.0
C 542 3.0 1.0 1.0 1.0 1.0 1.0
C 543 3.0 1.0 1.0 1.0 1.0 1.0
C 544 1.0 1.0 1.0 1.0 1.0 1.0
C 569 0.0 0.0 0.0 0.0 0.0 0.0
C 570 1.0 1.0 1.0 1.0 1.0 1.0
C 571 0.0 0.0 0.0 0.0 0.0 0.0
C 572 0.0 0.0 0.0 0.0 0.0 0.0
C 573 1.0 1.0 1.0 1.0 1.0 1.0
C 574 1.0 1.0 1.0 1.0 1.0 1.0
C 575 0.0 0.0 0.0 0.0 0.0 0.0
C 576 1.0 3.0 1.0 3.0 3.0 3.0
C 577 1.0 1.0 1.0 1.0 1.0 1.0
C 578 1.0 1.0 1.0 1.0 1.0 1.0
C 579 1.0 3.0 1.0 1.0 1.0 1.0
C 580 3.0 3.0 1.0 3.0 3.0 1.0
C 581 1.0 1.0 1.0 1.0 1.0 1.0
C 582 3.0 1.0 1.0 1.0 1.0 1.0
C 583 3.0 3.0 1.0 3.0 3.0 3.0
C 584 3.0 3.0 3.0 3.0 3.0 3.0
C 585 3.0 1.0 1.0 1.0 1.0 1.0
C 586 3.0 1.0 1.0 1.0 1.0 1.0
C 587 3.0 3.0 3.0 3.0 3.0 3.0
C 588 3.0 3.0 1.0 1.0 1.0 1.0
C 589 3.0 1.0 1.0 3.0 1.0 3.0
C 590 3.0 1.0 1.0 1.0 1.0 3.0
C 591 3.0 1.0 1.0 1.0 1.0 1.0
C 592 3.0 1.0 1.0 1.0 1.0 1.0
C 593 3.0 1.0 1.0 1.0 1.0 3.0
C 594 3.0 1.0 1.0 1.0 1.0 1.0
C 595 3.0 1.0 1.0 1.0 1.0 1.0
C 596 3.0 3.0 1.0 3.0 3.0 3.0
C 597 3.0 1.0 1.0 1.0 1.0 1.0
C 598 3.0 1.0 3.0 1.0 1.0 1.0
C 599 1.0 1.0 1.0 1.0 1.0 1.0
C 600 1.0 1.0 3.0 1.0 1.0 1.0
C 601 1.0 1.0 1.0 1.0 1.0 1.0
C 602 3.0 1.0 1.0 1.0 1.0 1.0
C 603 1.0 1.0 3.0 1.0 1.0 1.0
C 604 1.0 1.0 1.0 1.0 1.0 1.0
C 605 1.0 1.0 1.0 1.0 1.0 1.0
C 606 1.0 1.0 1.0 1.0 1.0 1.0
C 607 1.0 1.0 1.0 1.0 1.0 1.0
C 608 1.0 1.0 1.0 1.0 1.0 1.0
C 609 3.0 3.0 3.0 3.0 3.0 1.0
C 610 1.0 1.0 1.0 1.0 1.0 1.0
C 611 1.0 1.0 1.0 1.0 1.0 1.0
C 612 0.0 0.0 0.0 0.0 0.0 0.0
C 613 1.0 1.0 1.0 1.0 1.0 1.0
C 614 1.0 1.0 3.0 3.0 1.0 1.0
C 615 1.0 1.0 1.0 1.0 1.0 1.0
C 616 0.0 0.0 0.0 0.0 0.0 0.0
C 617 0.0 0.0 0.0 0.0 0.0 0.0
C 618 0.0 0.0 0.0 0.0 0.0 0.0
C 619 0.0 0.0 0.0 0.0 0.0 0.0
C 620 0.0 0.0 0.0 0.0 0.0 0.0
C 621 0.0 0.0 0.0 0.0 0.0 0.0
C 622 3.0 1.0 3.0 3.0 1.0 3.0
C 623 3.0 3.0 3.0 3.0 3.0 3.0
C 624 0.0 0.0 0.0 0.0 0.0 0.0
C 625 0.0 0.0 0.0 0.0 0.0 0.0
C 626 1.0 1.0 1.0 1.0 1.0 1.0
C 627 3.0 3.0 3.0 3.0 1.0 3.0
C 628 3.0 3.0 1.0 3.0 3.0 3.0
C 629 3.0 1.0 1.0 1.0 1.0 1.0
C 630 3.0 1.0 1.0 1.0 1.0 1.0
C 631 3.0 3.0 3.0 3.0 3.0 3.0
C 632 1.0 1.0 1.0 1.0 1.0 1.0
C 633 0.0 0.0 0.0 0.0 0.0 0.0
C 634 3.0 1.0 1.0 1.0 1.0 1.0
C 635 3.0 1.0 1.0 1.0 1.0 3.0
C 636 0.0 0.0 0.0 0.0 0.0 0.0
C 637 1.0 1.0 1.0 1.0 1.0 1.0
C 638 1.0 1.0 1.0 1.0 1.0 1.0
C 639 1.0 1.0 1.0 1.0 1.0 1.0
C 640 0.0 0.0 0.0 0.0 0.0 0.0
C 641 1.0 1.0 1.0 1.0 1.0 1.0
C 642 3.0 3.0 3.0 3.0 3.0 3.0
C 643 1.0 1.0 1.0 1.0 1.0 1.0
C 644 0.0 0.0 0.0 0.0 0.0 0.0
C 645 1.0 1.0 1.0 1.0 1.0 1.0
C 646 3.0 3.0 1.0 3.0 3.0 3.0
C 647 1.0 1.0 1.0 1.0 1.0 1.0
C 648 1.0 1.0 1.0 1.0 1.0 1.0
C 649 1.0 1.0 1.0 1.0 1.0 1.0
C 650 1.0 1.0 1.0 1.0 1.0 1.0
C 651 1.0 1.0 1.0 1.0 1.0 1.0
M 521 1.0 1.0 1.0 1.0 1.0 1.0
M 522 1.0 1.0 1.0 1.0 1.0 1.0
M 523 3.0 1.0 3.0 1.0 1.0 1.0
M 524 1.0 1.0 1.0 1.0 1.0 1.0
M 525 1.0 1.0 1.0 1.0 1.0 1.0
M 526 1.0 1.0 1.0 1.0 1.0 1.0
M 527 1.0 1.0 1.0 1.0 1.0 1.0
M 528 1.0 1.0 1.0 1.0 1.0 1.0
M 529 1.0 1.0 1.0 1.0 1.0 1.0
M 530 3.0 3.0 1.0 3.0 1.0 3.0
M 531 1.0 1.0 1.0 1.0 1.0 1.0
M 532 1.0 1.0 1.0 1.0 1.0 1.0
M 533 3.0 1.0 1.0 1.0 1.0 1.0
M 534 1.0 1.0 1.0 1.0 1.0 1.0
M 535 1.0 1.0 1.0 1.0 1.0 1.0
M 536 1.0 1.0 1.0 1.0 1.0 1.0
M 537 3.0 1.0 1.0 1.0 1.0 1.0
M 538 3.0 1.0 1.0 1.0 1.0 1.0
M 539 1.0 1.0 1.0 1.0 1.0 1.0
M 540 3.0 1.0 1.0 1.0 1.0 1.0
M 541 3.0 1.0 1.0 1.0 1.0 1.0
M 542 3.0 1.0 1.0 1.0 1.0 1.0
M 543 3.0 1.0 1.0 1.0 1.0 1.0
M 569 0.0 0.0 0.0 0.0 0.0 0.0
M 570 1.0 1.0 1.0 1.0 1.0 1.0
M 571 0.0 0.0 0.0 0.0 0.0 0.0
M 572 0.0 0.0 0.0 0.0 0.0 0.0
M 573 1.0 1.0 1.0 1.0 1.0 1.0
M 574 0.0 0.0 0.0 0.0 0.0 0.0
M 575 1.0 1.0 1.0 1.0 1.0 1.0
M 576 3.0 3.0 1.0 3.0 3.0 3.0
M 577 1.0 1.0 1.0 1.0 1.0 1.0
M 578 1.0 1.0 1.0 1.0 1.0 1.0
M 579 3.0 3.0 1.0 1.0 1.0 1.0
M 580 3.0 3.0 1.0 1.0 3.0 1.0
M 581 1.0 1.0 1.0 1.0 1.0 1.0
M 582 3.0 3.0 1.0 1.0 1.0 1.0
M 583 3.0 3.0 1.0 1.0 1.0 3.0
M 584 3.0 3.0 3.0 3.0 3.0 3.0
M 585 3.0 1.0 1.0 1.0 1.0 1.0
M 586 3.0 1.0 1.0 1.0 1.0 1.0
M 587 3.0 3.0 3.0 1.0 3.0 3.0
M 588 3.0 3.0 1.0 1.0 1.0 1.0
M 589 3.0 1.0 1.0 1.0 3.0 3.0
M 590 3.0 1.0 1.0 1.0 1.0 3.0
M 591 3.0 1.0 1.0 1.0 1.0 1.0
M 592 3.0 3.0 1.0 1.0 1.0 1.0
M 593 3.0 3.0 1.0 1.0 3.0 3.0
M 594 3.0 1.0 1.0 1.0 1.0 1.0
M 595 1.0 1.0 1.0 1.0 1.0 1.0
M 596 3.0 3.0 1.0 3.0 3.0 3.0
M 597 3.0 1.0 1.0 1.0 1.0 1.0
M 598 1.0 1.0 3.0 3.0 1.0 1.0
M 599 3.0 1.0 3.0 1.0 1.0 3.0
M 600 3.0 3.0 1.0 1.0 1.0 3.0
M 601 1.0 1.0 3.0 1.0 1.0 1.0
M 602 3.0 1.0 1.0 1.0 1.0 3.0
M 603 1.0 1.0 1.0 1.0 1.0 1.0
M 604 1.0 1.0 1.0 1.0 1.0 1.0
M 605 1.0 1.0 1.0 1.0 1.0 1.0
M 606 1.0 1.0 1.0 1.0 1.0 1.0
M 607 1.0 1.0 1.0 1.0 1.0 1.0
M 608 3.0 1.0 3.0 1.0 1.0 1.0
M 609 3.0 3.0 3.0 3.0 1.0 3.0
M 610 1.0 1.0 1.0 1.0 1.0 1.0
M 611 1.0 1.0 1.0 1.0 1.0 1.0
M 612 0.0 0.0 0.0 0.0 0.0 0.0
M 613 1.0 1.0 1.0 1.0 1.0 1.0
M 614 1.0 1.0 1.0 1.0 1.0 1.0
M 615 1.0 1.0 1.0 1.0 1.0 1.0
M 616 0.0 0.0 0.0 0.0 0.0 0.0
M 617 0.0 0.0 0.0 0.0 0.0 0.0
M 618 0.0 0.0 0.0 0.0 0.0 0.0
M 619 0.0 0.0 0.0 0.0 0.0 0.0
M 620 0.0 0.0 0.0 0.0 0.0 0.0
M 621 0.0 0.0 0.0 0.0 0.0 0.0
M 622 3.0 1.0 1.0 3.0 3.0 3.0
M 623 3.0 3.0 3.0 3.0 3.0 1.0
M 624 0.0 0.0 0.0 0.0 0.0 0.0
M 625 0.0 0.0 0.0 0.0 0.0 0.0
M 626 1.0 1.0 1.0 1.0 1.0 1.0
M 627 3.0 1.0 3.0 1.0 1.0 3.0
M 628 3.0 3.0 3.0 3.0 1.0 3.0
M 629 3.0 1.0 1.0 1.0 1.0 1.0
M 630 1.0 1.0 1.0 1.0 1.0 1.0
M 631 3.0 3.0 3.0 1.0 1.0 3.0
M 632 1.0 1.0 1.0 1.0 1.0 1.0
M 633 0.0 0.0 0.0 0.0 0.0 0.0
M 634 1.0 1.0 1.0 1.0 1.0 1.0
M 635 3.0 1.0 1.0 1.0 1.0 1.0
M 636 0.0 0.0 0.0 0.0 0.0 0.0
M 637 1.0 1.0 1.0 1.0 1.0 1.0
M 638 1.0 1.0 1.0 1.0 1.0 1.0
M 639 1.0 1.0 1.0 1.0 1.0 1.0
M 640 0.0 0.0 0.0 0.0 0.0 0.0
M 641 1.0 1.0 1.0 1.0 1.0 1.0
M 642 3.0 1.0 3.0 3.0 3.0 3.0
M 643 1.0 1.0 1.0 1.0 1.0 1.0
M 644 0.0 0.0 0.0 0.0 0.0 0.0
M 645 1.0 1.0 1.0 1.0 1.0 1.0
M 646 3.0 3.0 3.0 3.0 3.0 3.0
M 647 1.0 1.0 1.0 1.0 1.0 1.0
M 648 1.0 1.0 1.0 1.0 1.0 1.0
M 649 1.0 1.0 1.0 1.0 1.0 1.0
M 650 1.0 1.0 1.0 1.0 1.0 1.0
M 651 1.0 1.0 1.0 1.0 1.0 1.0
F 519 1.0 3.0 1.0 1.0 3.0 1.0
F 520 1.0 1.0 1.0 3.0 1.0 1.0
F 521 1.0 1.0 1.0 1.0 1.0 1.0
F 522 1.0 1.0 1.0 3.0 1.0 1.0
F 523 3.0 1.0 1.0 1.0 1.0 1.0
F 524 0.0 0.0 0.0 0.0 0.0 0.0
F 525 1.0 1.0 1.0 1.0 1.0 1.0
F 526 1.0 1.0 1.0 1.0 1.0 1.0
F 527 1.0 1.0 1.0 1.0 1.0 1.0
F 528 1.0 1.0 1.0 1.0 1.0 1.0
F 529 1.0 1.0 1.0 1.0 1.0 1.0
F 530 3.0 3.0 3.0 3.0 3.0 3.0
F 531 1.0 1.0 1.0 1.0 1.0 1.0
F 532 1.0 1.0 1.0 1.0 1.0 1.0
F 533 3.0 1.0 1.0 1.0 1.0 1.0
F 534 1.0 1.0 1.0 1.0 1.0 1.0
F 535 1.0 1.0 1.0 1.0 1.0 1.0
F 536 1.0 1.0 1.0 1.0 1.0 1.0
F 537 3.0 1.0 1.0 1.0 1.0 1.0
F 538 3.0 1.0 1.0 1.0 1.0 1.0
F 539 1.0 1.0 1.0 1.0 1.0 1.0
F 540 3.0 1.0 1.0 1.0 1.0 1.0
F 569 0.0 0.0 0.0 0.0 0.0 0.0
F 570 1.0 1.0 1.0 1.0 1.0 1.0
F 571 0.0 0.0 0.0 0.0 0.0 0.0
F 572 0.0 0.0 0.0 0.0 0.0 0.0
F 573 1.0 1.0 1.0 1.0 1.0 1.0
F 574 0.0 0.0 0.0 0.0 0.0 0.0
F 575 1.0 1.0 1.0 1.0 1.0 1.0
F 576 3.0 3.0 1.0 3.0 3.0 3.0
F 577 1.0 3.0 1.0 1.0 1.0 1.0
F 578 1.0 1.0 1.0 1.0 1.0 1.0
F 579 3.0 3.0 1.0 1.0 1.0 1.0
F 580 3.0 3.0 1.0 1.0 1.0 1.0
F 581 1.0 1.0 1.0 1.0 1.0 1.0
F 582 3.0 1.0 1.0 1.0 1.0 1.0
F 583 3.0 3.0 1.0 1.0 1.0 3.0
F 584 3.0 3.0 1.0 3.0 3.0 3.0
F 585 3.0 1.0 1.0 1.0 1.0 1.0
F 586 3.0 1.0 1.0 1.0 1.0 1.0
F 587 3.0 3.0 3.0 1.0 3.0 3.0
F 588 3.0 1.0 1.0 1.0 1.0 1.0
F 589 3.0 1.0 1.0 1.0 1.0 3.0
F 590 3.0 1.0 1.0 3.0 1.0 3.0
F 591 3.0 1.0 1.0 1.0 1.0 1.0
F 592 3.0 1.0 1.0 1.0 1.0 1.0
F 593 3.0 1.0 1.0 3.0 3.0 3.0
F 594 3.0 1.0 1.0 1.0 1.0 1.0
F 595 1.0 1.0 1.0 1.0 1.0 1.0
F 596 3.0 1.0 1.0 3.0 3.0 3.0
F 597 3.0 1.0 1.0 1.0 1.0 1.0
F 598 1.0 1.0 3.0 1.0 1.0 1.0
F 599 3.0 1.0 3.0 1.0 1.0 3.0
F 600 3.0 1.0 1.0 1.0 1.0 3.0
F 601 1.0 1.0 3.0 1.0 1.0 1.0
F 602 3.0 1.0 3.0 1.0 1.0 3.0
F 603 1.0 1.0 1.0 1.0 1.0 1.0
F 604 1.0 1.0 1.0 1.0 1.0 1.0
F 605 1.0 1.0 1.0 1.0 1.0 1.0
F 606 1.0 1.0 1.0 1.0 1.0 1.0
F 607 1.0 1.0 1.0 1.0 1.0 1.0
F 608 3.0 3.0 3.0 1.0 3.0 3.0
F 609 3.0 3.0 3.0 1.0 3.0 3.0
F 610 1.0 1.0 1.0 1.0 1.0 1.0
F 611 1.0 1.0 1.0 1.0 1.0 1.0
F 612 0.0 0.0 0.0 0.0 0.0 0.0
F 613 1.0 1.0 1.0 1.0 1.0 1.0
F 614 1.0 1.0 3.0 1.0 1.0 1.0
F 615 1.0 1.0 1.0 1.0 1.0 1.0
F 616 0.0 0.0 0.0 0.0 0.0 0.0
F 617 0.0 0.0 0.0 0.0 0.0 0.0
F 618 0.0 0.0 0.0 0.0 0.0 0.0
F 619 0.0 0.0 0.0 0.0 0.0 0.0
F 620 0.0 0.0 0.0 0.0 0.0 0.0
F 621 0.0 0.0 0.0 0.0 0.0 0.0
F 622 3.0 3.0 1.0 1.0 1.0 3.0
F 623 3.0 3.0 1.0 3.0 1.0 3.0
F 624 0.0 0.0 0.0 0.0 0.0 0.0
F 625 0.0 0.0 0.0 0.0 0.0 0.0
F 626 1.0 1.0 1.0 1.0 1.0 1.0
F 627 3.0 1.0 3.0 1.0 3.0 3.0
F 628 3.0 3.0 3.0 3.0 3.0 3.0
F 629 1.0 1.0 1.0 1.0 1.0 1.0
F 630 1.0 1.0 1.0 1.0 1.0 1.0
F 631 3.0 3.0 3.0 1.0 3.0 3.0
F 632 1.0 1.0 1.0 1.0 1.0 1.0
F 633 0.0 0.0 0.0 0.0 0.0 0.0
F 634 1.0 1.0 1.0 1.0 1.0 1.0
F 635 3.0 1.0 1.0 1.0 1.0 3.0
F 636 1.0 1.0 1.0 1.0 1.0 1.0
F 637 1.0 1.0 1.0 1.0 1.0 1.0
F 638 1.0 1.0 1.0 1.0 1.0 1.0
F 639 1.0 1.0 1.0 1.0 1.0 1.0
F 640 0.0 0.0 0.0 0.0 0.0 0.0
F 641 1.0 1.0 1.0 1.0 1.0 1.0
F 642 3.0 3.0 3.0 3.0 3.0 3.0
F 643 1.0 1.0 1.0 1.0 1.0 1.0
F 644 1.0 1.0 1.0 1.0 1.0 1.0
F 645 1.0 1.0 1.0 1.0 1.0 1.0
F 646 3.0 3.0 3.0 3.0 3.0 3.0
F 647 1.0 1.0 1.0 1.0 1.0 1.0
F 648 1.0 1.0 1.0 1.0 1.0 1.0
F 649 1.0 1.0 1.0 1.0 1.0 1.0
F 650 1.0 1.0 1.0 1.0 1.0 1.0
F 651 1.0 1.0 1.0 1.0 1.0 1.0
