A 387 1.0 0.0
A 388 1.0 0.0
A 389 1.0 1.0
A 390 1.0 1.0
A 391 1.0 0.0
A 392 1.0 0.0
A 393 1.0 1.0
A 394 1.0 0.0
A 395 1.0 0.0
A 396 1.0 0.0
A 397 1.0 1.0
A 398 1.0 0.0
A 399 1.0 0.0
A 400 1.0 1.0
A 401 1.0 1.0
A 402 1.0 0.0
A 403 1.0 1.0
A 404 1.0 0.0
A 405 1.0 0.0
A 406 1.0 0.0
A 407 1.0 1.0
A 408 1.0 1.0
A 409 1.0 1.0
A 410 1.0 1.0
A 411 1.0 1.0
A 412 1.0 1.0
A 413 1.0 1.0
A 414 1.0 1.0
A 415 1.0 1.0
A 416 1.0 1.0
A 417 1.0 1.0
A 418 1.0 1.0
A 419 1.0 1.0
A 420 1.0 1.0
A 421 1.0 1.0
A 422 1.0 1.0
A 423 1.0 1.0
A 424 1.0 1.0
A 425 1.0 1.0
A 426 1.0 1.0
A 427 1.0 1.0
A 428 1.0 1.0
A 429 1.0 1.0
A 430 1.0 1.0
A 431 1.0 1.0
A 432 1.0 1.0
A 433 1.0 1.0
A 434 1.0 1.0
A 435 1.0 1.0
A 436 1.0 1.0
A 437 1.0 3.0
A 438 1.0 1.0
A 439 1.0 1.0
A 440 1.0 1.0
A 441 1.0 1.0
A 442 1.0 1.0
A 443 1.0 1.0
A 444 1.0 1.0
A 445 1.0 1.0
A 446 1.0 1.0
A 447 1.0 1.0
A 448 1.0 1.0
A 449 1.0 1.0
A 450 1.0 1.0
A 451 1.0 1.0
A 452 1.0 1.0
A 453 1.0 1.0
A 454 1.0 1.0
A 455 1.0 1.0
A 456 1.0 1.0
A 457 1.0 1.0
A 458 1.0 1.0
A 459 1.0 1.0
A 460 1.0 1.0
A 461 1.0 1.0
A 462 1.0 1.0
A 463 1.0 1.0
A 464 1.0 1.0
A 465 1.0 1.0
A 466 1.0 1.0
A 467 1.0 1.0
A 468 1.0 1.0
A 469 1.0 1.0
A 470 1.0 1.0
A 471 1.0 1.0
A 472 1.0 1.0
A 473 1.0 1.0
A 474 1.0 1.0
A 475 1.0 1.0
A 476 1.0 1.0
A 477 1.0 3.0
A 478 1.0 1.0
A 479 1.0 1.0
A 480 1.0 1.0
A 481 1.0 3.0
A 482 1.0 1.0
A 483 1.0 1.0
A 484 1.0 1.0
A 485 1.0 1.0
A 486 1.0 1.0
A 487 1.0 1.0
A 488 1.0 1.0
A 489 1.0 1.0
A 490 1.0 1.0
A 491 1.0 1.0
A 492 1.0 1.0
A 493 1.0 1.0
A 494 1.0 1.0
A 495 1.0 1.0
A 496 1.0 1.0
A 497 1.0 1.0
A 498 1.0 1.0
A 499 1.0 0.0
A 958 1.0 0.0
A 959 1.0 0.0
A 960 1.0 1.0
A 961 1.0 1.0
A 962 1.0 0.0
A 963 1.0 0.0
A 964 1.0 1.0
A 965 1.0 0.0
A 966 1.0 0.0
A 967 1.0 0.0
A 968 1.0 1.0
A 969 1.0 0.0
A 970 1.0 0.0
A 971 1.0 1.0
A 972 1.0 1.0
A 973 1.0 0.0
A 974 1.0 1.0
A 975 1.0 0.0
A 976 1.0 0.0
A 977 1.0 0.0
A 978 1.0 1.0
A 979 1.0 1.0
A 980 1.0 1.0
A 981 1.0 1.0
A 982 1.0 1.0
A 983 1.0 1.0
A 984 1.0 1.0
A 985 1.0 1.0
A 986 1.0 1.0
A 987 1.0 1.0
A 988 1.0 1.0
A 989 1.0 1.0
A 990 1.0 1.0
A 991 1.0 1.0
A 992 1.0 1.0
A 993 1.0 1.0
A 994 1.0 1.0
A 995 1.0 1.0
A 996 1.0 1.0
A 997 1.0 1.0
A 998 1.0 1.0
A 999 1.0 1.0
A 1000 1.0 1.0
A 1001 1.0 1.0
A 1002 1.0 1.0
A 1003 1.0 1.0
A 1004 1.0 1.0
A 1005 1.0 1.0
A 1006 1.0 1.0
A 1007 1.0 1.0
A 1008 1.0 3.0
A 1009 1.0 1.0
A 1010 1.0 1.0
A 1011 1.0 1.0
A 1012 1.0 1.0
A 1013 1.0 1.0
A 1014 1.0 1.0
A 1015 1.0 1.0
A 1016 1.0 1.0
A 1017 1.0 1.0
A 1018 1.0 1.0
A 1019 1.0 1.0
A 1020 1.0 1.0
A 1021 1.0 1.0
A 1022 1.0 1.0
A 1023 1.0 1.0
A 1024 1.0 1.0
A 1025 1.0 1.0
A 1026 1.0 1.0
A 1027 1.0 1.0
A 1028 1.0 1.0
A 1029 1.0 1.0
A 1030 1.0 1.0
A 1031 1.0 1.0
A 1032 1.0 1.0
A 1033 1.0 1.0
A 1034 1.0 1.0
A 1035 1.0 1.0
A 1036 1.0 1.0
A 1037 1.0 1.0
A 1038 1.0 1.0
A 1039 1.0 1.0
A 1040 1.0 1.0
A 1041 1.0 1.0
A 1042 1.0 1.0
A 1043 1.0 1.0
A 1044 1.0 1.0
A 1045 1.0 1.0
A 1046 1.0 1.0
A 1047 1.0 1.0
A 1048 1.0 1.0
A 1049 1.0 1.0
A 1050 1.0 1.0
A 1051 1.0 1.0
A 1052 1.0 3.0
A 1053 1.0 1.0
A 1054 1.0 1.0
A 1055 1.0 1.0
A 1056 1.0 1.0
A 1057 1.0 1.0
A 1058 1.0 1.0
A 1059 1.0 1.0
A 1060 1.0 1.0
A 1061 1.0 1.0
A 1062 1.0 1.0
A 1063 1.0 1.0
A 1064 1.0 1.0
A 1065 1.0 1.0
A 1066 1.0 1.0
A 1067 1.0 1.0
A 1068 1.0 1.0
A 1069 1.0 1.0
A 1070 1.0 0.0
A 1529 1.0 0.0
A 1530 1.0 0.0
A 1531 1.0 1.0
A 1532 1.0 1.0
A 1533 1.0 0.0
A 1534 1.0 0.0
A 1535 1.0 1.0
A 1536 1.0 0.0
A 1537 1.0 0.0
A 1538 1.0 0.0
A 1539 1.0 1.0
A 1540 1.0 0.0
A 1541 1.0 0.0
A 1542 1.0 1.0
A 1543 1.0 1.0
A 1544 1.0 0.0
A 1545 1.0 1.0
A 1546 1.0 0.0
A 1547 1.0 0.0
A 1548 1.0 0.0
A 1549 1.0 1.0
A 1550 1.0 1.0
A 1551 1.0 1.0
A 1552 1.0 1.0
A 1553 1.0 1.0
A 1554 1.0 1.0
A 1555 1.0 1.0
A 1556 1.0 1.0
A 1557 1.0 1.0
A 1558 1.0 1.0
A 1559 1.0 1.0
A 1560 1.0 1.0
A 1561 1.0 1.0
A 1562 1.0 1.0
A 1563 1.0 1.0
A 1564 1.0 1.0
A 1565 1.0 1.0
A 1566 1.0 1.0
A 1567 1.0 1.0
A 1568 1.0 1.0
A 1569 1.0 1.0
A 1570 1.0 1.0
A 1571 1.0 1.0
A 1572 1.0 1.0
A 1573 1.0 1.0
A 1574 1.0 1.0
A 1575 1.0 1.0
A 1576 1.0 1.0
A 1577 1.0 1.0
A 1578 1.0 1.0
A 1579 1.0 3.0
A 1580 1.0 1.0
A 1581 1.0 1.0
A 1582 1.0 1.0
A 1583 1.0 1.0
A 1584 1.0 1.0
A 1585 1.0 1.0
A 1586 1.0 1.0
A 1587 1.0 1.0
A 1588 1.0 1.0
A 1589 1.0 1.0
A 1590 1.0 1.0
A 1591 1.0 1.0
A 1592 1.0 1.0
A 1593 1.0 1.0
A 1594 1.0 1.0
A 1595 1.0 1.0
A 1596 1.0 1.0
A 1597 1.0 1.0
A 1598 1.0 1.0
A 1599 1.0 1.0
A 1600 1.0 1.0
A 1601 1.0 1.0
A 1602 1.0 1.0
A 1603 1.0 1.0
A 1604 1.0 1.0
A 1605 1.0 1.0
A 1606 1.0 1.0
A 1607 1.0 1.0
A 1608 1.0 1.0
A 1609 1.0 1.0
A 1610 1.0 1.0
A 1611 1.0 1.0
A 1612 1.0 1.0
A 1613 1.0 1.0
A 1614 1.0 1.0
A 1615 1.0 1.0
A 1616 1.0 1.0
A 1617 1.0 1.0
A 1618 1.0 1.0
A 1619 1.0 3.0
A 1620 1.0 1.0
A 1621 1.0 1.0
A 1622 1.0 1.0
A 1623 1.0 1.0
A 1624 1.0 1.0
A 1625 1.0 1.0
A 1626 1.0 1.0
A 1627 1.0 1.0
A 1628 1.0 1.0
A 1629 1.0 1.0
A 1630 1.0 1.0
A 1631 1.0 1.0
A 1632 1.0 1.0
A 1633 1.0 1.0
A 1634 1.0 1.0
A 1635 1.0 1.0
A 1636 1.0 1.0
A 1637 1.0 1.0
A 1638 1.0 1.0
A 1639 1.0 1.0
A 1640 1.0 1.0
A 1641 1.0 0.0
