ROC16.txt 0.2324238235395253 0.0439595374015461 0.1242432475094693
ROCns16.txt 0.23990389234702136 0.0479913870121099 0.12584588804819904
ROC24.txt 0.31941944550833545 0.0526261012322805 0.1610127721855642
ROCns24.txt 0.3101224816831518 0.0556864712756367 0.15550904838124646
ROC32.txt 0.3746577897736243 0.0558914006327744 0.18630210564133032
ROCns32.txt 0.36174182400813226 0.0585922536034472 0.17949684245271622
ROC40.txt 0.4164682988374713 0.0568231557271279 0.20658334012095353
ROCns40.txt 0.3974485706411621 0.0579242270466715 0.1975090293291793
ROC48.txt 0.44647185403429135 0.063509106310074 0.2206228066796513
ROCns48.txt 0.42482860621625806 0.0662348461347542 0.20993524503978636
ROC8.txt 0.15408555647639144 0.0342691190163448 0.09230472823203427
ROCns8.txt 0.15103448132780217 0.0432271542090837 0.08523529433389991
ROCellipro.txt 0.3702378567139022 0.665 0.2022135647671456
ROCdiscotope.txt 0.20951427140711054 -13.547 0.14426754496367244
