0 0.132
0 0.043
0 0.043
0 0.147
0 0.201
0 0.091
0 0.246
1 0.112
1 0.112
0 0.173
0 0.223
1 0.274
1 0.442
0 0.553
0 0.769
0 0.827
0 0.871
0 0.744
0 0.652
0 0.769
0 0.442
0 0.553
0 0.223
0 0.223
0 0.063
0 0.063
0 0.005
0 0.025
0 0.025
0 0.036
0 0.063
0 0.091
0 0.147
0 0.223
0 0.371
0 0.594
0 0.442
0 0.371
0 0.223
0 0.112
0 0.112
0 0.043
0 0.086
0 0.01
0 0.02
0 0.02
0 0.056
0 0.056
0 0.201
0 0.223
0 0.442
0 0.594
0 0.305
1 0.406
1 0.335
1 0.335
0 0.305
0 0.173
0 0.147
0 0.132
0 0.112
0 0.246
0 0.274
0 0.442
0 0.49
0 0.652
0 0.718
0 0.718
1 0.744
0 0.769
0 0.769
0 0.85
0 0.871
0 0.919
0 0.937
0 0.937
0 0.919
0 0.871
0 0.827
0 0.769
0 0.769
0 0.718
0 0.827
0 0.695
0 0.652
0 0.744
0 0.617
0 0.594
0 0.594
0 0.52
0 0.406
0 0.52
0 0.553
0 0.652
0 0.744
0 0.85
0 0.904
0 0.957
0 0.949
1 0.987
1 0.997
0 0.995
1 0.975
1 0.982
0 0.975
0 0.99
1 0.982
1 0.99
0 0.957
0 0.937
1 0.871
0 0.807
0 0.744
0 0.652
0 0.617
0 0.594
0 0.49
0 0.52
0 0.274
0 0.371
0 0.223
0 0.335
0 0.132
0 0.091
0 0.063
0 0.112
0 0.147
0 0.147
1 0.371
0 0.274
1 0.652
1 0.553
1 0.769
1 0.553
0 0.274
0 0.305
0 0.147
0 0.091
0 0.091
0 0.063
0 0.132
0 0.091
0 0.147
0 0.112
0 0.246
0 0.305
0 0.406
0 0.617
0 0.553
0 0.223
0 0.246
0 0.173
0 0.246
0 0.091
0 0.274
0 0.201
0 0.49
0 0.274
0 0.246
1 0.371
1 0.246
1 0.305
1 0.371
0 0.371
0 0.594
1 0.695
0 0.85
0 0.807
0 0.871
1 0.85
1 0.652
0 0.744
1 0.49
1 0.652
0 0.371
1 0.553
1 0.553
0 0.371
0 0.594
1 0.652
0 0.442
0 0.652
0 0.406
0 0.744
0 0.52
0 0.553
0 0.442
0 0.553
0 0.335
0 0.406
0 0.406
0 0.652
0 0.371
0 0.718
0 0.695
0 0.335
0 0.201
0 0.063
0 0.043
0 0.025
0 0.036
0 0.091
0 0.063
0 0.025
0 0.01
0 0.036
0 0.132
0 0.201
0 0.49
0 0.52
0 0.652
0 0.335
0 0.201
0 0.406
0 0.52
0 0.246
0 0.305
0 0.173
0 0.173
0 0.305
0 0.274
0 0.442
0 0.442
0 0.617
0 0.49
0 0.652
0 0.617
0 0.371
0 0.49
0 0.52
0 0.223
0 0.335
0 0.335
0 0.274
0 0.406
0 0.305
0 0.274
0 0.371
0 0.553
0 0.553
0 0.769
0 0.85
0 0.919
0 0.975
0 0.919
1 0.957
1 0.871
0 0.695
0 0.744
0 0.553
0 0.553
0 0.442
0 0.442
0 0.335
0 0.305
0 0.246
0 0.173
0 0.305
0 0.305
0 0.147
0 0.173
0 0.442
0 0.335
0 0.173
0 0.442
0 0.406
0 0.201
0 0.132
0 0.043
0 0.005
0 0.003
0 0.01
0 0.063
0 0.147
0 0.086
0 0.056
0 0.01
0 0
0 0.063
0 0.112
0 0.147
0 0.246
0 0.173
0 0.52
0 0.335
0 0.718
0 0.406
0 0.807
0 0.442
0 0.807
0 0.807
0 0.49
0 0.617
0 0.406
0 0.52
0 0.553
0 0.52
0 0.744
0 0.652
0 0.652
0 0.52
0 0.617
1 0.769
1 0.769
1 0.904
0 0.695
1 0.911
0 0.827
1 0.827
1 0.718
1 0.871
0 0.718
0 0.617
0 0.695
0 0.442
1 0.49
0 0.335
1 0.553
0 0.371
0 0.49
0 0.406
0 0.52
0 0.617
0 0.617
0 0.827
0 0.769
0 0.919
0 0.911
0 0.949
0 0.85
0 0.85
0 0.769
0 0.617
0 0.442
0 0.406
0 0.49
0 0.406
0 0.49
0 0.594
0 0.718
0 0.871
0 0.957
0 0.957
0 0.827
0 0.919
0 0.871
0 0.695
0 0.769
0 0.52
0 0.371
0 0.246
0 0.173
0 0.173
0 0.201
0 0.274
0 0.274
0 0.442
0 0.617
0 0.718
0 0.871
0 0.949
1 0.937
1 0.718
1 0.695
0 0.442
0 0.335
0 0.305
0 0.201
0 0.335
0 0.442
0 0.617
0 0.769
0 0.871
0 0.919
0 0.957
0 0.827
0 0.871
0 0.652
0 0.652
0 0.594
0 0.617
0 0.695
0 0.827
0 0.85
0 0.871
0 0.744
0 0.769
0 0.904
0 0.807
0 0.911
0 0.807
0 0.957
0 0.807
0 0.937
0 0.373
0 0.345
0 0.239
0 0.218
0 0.272
0 0.325
0 0.454
0 0.563
0 0.662
0 0.429
0 0.563
0 0.728
0 0.845
0 0.924
0 0.975
0 0.975
0 0.947
0 0.868
0 0.728
0 0.693
0 0.454
0 0.373
0 0.239
0 0.135
0 0.094
0 0.056
0 0.041
0 0.114
0 0.114
0 0.165
0 0.165
0 0.272
0 0.373
0 0.454
0 0.594
0 0.693
0 0.728
0 0.693
0 0.619
0 0.454
0 0.429
0 0.325
0 0.272
0 0.198
0 0.079
0 0.165
0 0.145
0 0.048
0 0.165
0 0.114
0 0.325
0 0.373
0 0.145
0 0.239
0 0.239
0 0.239
0 0.218
0 0.198
0 0.071
0 0.165
0 0.165
0 0.373
0 0.373
0 0.528
0 0.528
0 0.662
0 0.756
0 0.662
0 0.728
0 0.756
0 0.779
0 0.845
0 0.914
0 0.934
0 0.947
0 0.97
0 0.957
0 0.924
0 0.891
0 0.827
0 0.827
0 0.756
0 0.868
0 0.728
0 0.693
0 0.817
0 0.662
0 0.619
0 0.637
0 0.594
0 0.454
0 0.528
0 0.563
0 0.693
0 0.756
0 0.845
0 0.845
0 0.914
0 0.914
0 0.967
0 0.992
0 0.97
0 0.934
0 0.957
0 0.957
0 0.987
0 0.975
0 0.987
0 0.947
0 0.924
0 0.868
0 0.827
0 0.756
0 0.693
0 0.619
0 0.619
0 0.528
0 0.594
0 0.373
0 0.497
0 0.373
0 0.497
0 0.345
0 0.218
0 0.079
0 0.135
0 0.079
0 0.079
0 0.145
0 0.094
0 0.294
0 0.345
0 0.497
0 0.239
0 0.114
0 0.272
0 0.094
0 0.218
0 0.239
0 0.345
0 0.429
0 0.48
0 0.594
0 0.594
0 0.497
0 0.528
0 0.528
0 0.594
0 0.693
0 0.779
0 0.868
0 0.934
0 0.934
0 0.779
0 0.662
0 0.637
0 0.845
0 0.779
0 0.779
0 0.779
0 0.528
0 0.429
0 0.429
0 0.294
0 0.373
0 0.325
0 0.563
0 0.563
0 0.454
0 0.662
0 0.563
0 0.779
0 0.693
0 0.868
0 0.662
0 0.779
0 0.779
0 0.637
0 0.827
0 0.845
0 0.637
0 0.637
0 0.419
0 0.563
0 0.294
0 0.294
0 0.198
0 0.218
0 0.056
0 0.041
0 0.025
0 0.165
0 0.056
0 0.294
0 0.198
0 0.041
0 0.025
0 0.01
0 0.015
0 0.094
0 0.094
0 0.325
0 0.345
0 0.165
0 0.03
0 0.03
0 0
0 0.01
0 0.114
0 0.145
0 0.239
0 0.056
0 0.048
0 0.165
0 0.198
0 0.079
0 0.165
0 0.114
0 0.165
0 0.145
0 0.294
0 0.429
0 0.497
0 0.637
0 0.528
0 0.693
0 0.693
0 0.48
0 0.497
0 0.48
0 0.294
0 0.345
0 0.272
0 0.345
0 0.373
0 0.239
0 0.272
0 0.373
0 0.48
0 0.497
0 0.662
0 0.779
0 0.756
0 0.827
0 0.868
0 0.891
0 0.827
0 0.637
0 0.693
0 0.563
0 0.528
0 0.429
0 0.373
0 0.373
0 0.345
0 0.239
0 0.272
0 0.294
0 0.218
0 0.094
0 0.218
0 0.294
0 0.135
0 0.071
0 0.239
0 0.114
0 0.048
0 0.015
0 0.079
0 0.015
0 0.145
0 0.198
0 0.345
0 0.454
0 0.272
0 0.239
0 0.056
0 0.056
0 0.005
0 0.005
0 0.015
0 0.071
0 0.114
0 0.294
0 0.325
0 0.563
0 0.48
0 0.779
0 0.662
0 0.868
0 0.909
0 0.756
0 0.728
0 0.594
0 0.528
0 0.454
0 0.373
0 0.497
0 0.419
0 0.619
0 0.693
0 0.728
0 0.891
0 0.868
0 0.934
0 0.728
0 0.845
0 0.728
0 0.619
0 0.429
0 0.594
0 0.419
0 0.198
0 0.145
0 0.03
0 0.003
0 0.03
0 0.135
0 0.094
0 0.218
0 0.165
0 0.373
0 0.373
0 0.497
0 0.728
0 0.693
0 0.891
0 0.827
0 0.817
0 0.637
0 0.563
0 0.48
0 0.528
0 0.497
0 0.497
0 0.637
0 0.528
0 0.817
0 0.662
0 0.891
0 0.924
0 0.947
0 0.992
0 0.997
0 0.975
0 0.909
0 0.779
0 0.817
0 0.563
0 0.497
0 0.325
0 0.145
0 0.165
0 0.294
0 0.373
0 0.345
0 0.325
0 0.454
0 0.373
0 0.563
0 0.756
0 0.779
0 0.528
0 0.48
0 0.345
0 0.198
0 0.272
0 0.094
0 0.239
0 0.294
0 0.429
0 0.594
0 0.528
0 0.662
0 0.845
0 0.693
0 0.845
0 0.594
0 0.756
0 0.619
0 0.779
0 0.868
0 0.975
0 0.957
0 0.914
0 0.891
0 0.779
0 0.891
0 0.662
0 0.728
0 0.454
0 0.637
0 0.419
0 0.429
0 0.264
0 0.074
0 0.074
0 0.236
0 0.208
0 0.099
0 0.264
1 0.145
1 0.119
0 0.208
0 0.236
1 0.302
1 0.482
0 0.563
0 0.716
0 0.751
0 0.817
0 0.901
0 0.85
0 0.817
0 0.52
0 0.596
0 0.264
0 0.208
0 0.074
0 0.099
0 0
0 0.023
0 0.028
0 0.038
0 0.074
0 0.099
0 0.162
0 0.236
0 0.409
0 0.665
0 0.52
0 0.447
0 0.236
0 0.119
0 0.119
0 0.051
0 0.074
0 0.01
0 0.01
0 0.02
0 0.038
0 0.028
0 0.119
0 0.119
0 0.343
0 0.482
0 0.208
1 0.264
1 0.236
1 0.236
0 0.208
0 0.145
0 0.119
0 0.162
0 0.183
0 0.368
0 0.368
0 0.563
0 0.563
0 0.716
0 0.787
0 0.716
1 0.716
0 0.716
0 0.751
0 0.817
0 0.85
0 0.914
0 0.929
0 0.947
0 0.929
0 0.881
0 0.817
0 0.751
0 0.751
0 0.698
0 0.817
0 0.698
0 0.665
0 0.751
0 0.665
0 0.596
0 0.665
0 0.563
0 0.409
0 0.482
0 0.563
0 0.635
0 0.716
0 0.85
0 0.85
0 0.947
0 0.914
1 0.972
1 0.997
0 0.99
1 0.954
1 0.962
0 0.954
0 0.972
1 0.962
1 0.99
0 0.954
0 0.929
1 0.85
0 0.787
0 0.716
0 0.635
0 0.596
0 0.563
0 0.52
0 0.596
0 0.343
0 0.482
0 0.302
0 0.482
0 0.236
0 0.145
0 0.061
0 0.074
0 0.074
0 0.074
1 0.208
0 0.162
1 0.52
1 0.343
1 0.665
1 0.482
0 0.183
0 0.236
0 0.119
0 0.074
0 0.099
0 0.063
0 0.145
0 0.099
0 0.183
0 0.099
0 0.208
0 0.264
0 0.409
0 0.635
0 0.596
0 0.264
0 0.236
0 0.236
0 0.302
0 0.302
0 0.145
0 0.368
0 0.482
0 0.343
0 0.264
1 0.368
1 0.264
1 0.264
1 0.343
0 0.368
0 0.52
1 0.563
0 0.787
0 0.751
0 0.881
1 0.817
1 0.596
0 0.751
1 0.482
1 0.716
0 0.409
1 0.665
1 0.596
0 0.368
0 0.596
1 0.665
0 0.447
0 0.635
0 0.368
0 0.698
0 0.409
0 0.52
0 0.409
0 0.368
0 0.635
0 0.368
0 0.208
0 0.368
0 0.119
0 0.447
0 0.52
0 0.183
0 0.074
0 0.023
0 0.028
0 0.038
0 0.099
0 0.208
0 0.183
0 0.063
0 0.01
0 0.051
0 0.063
0 0.145
0 0.409
0 0.368
0 0.52
0 0.343
0 0.119
0 0.302
0 0.447
0 0.183
0 0.302
0 0.162
0 0.162
0 0.264
0 0.264
0 0.447
0 0.563
0 0.716
0 0.563
0 0.787
0 0.751
0 0.447
0 0.482
0 0.447
0 0.236
0 0.302
0 0.302
0 0.264
0 0.368
0 0.302
0 0.302
0 0.409
0 0.563
0 0.563
0 0.751
0 0.901
0 0.85
0 0.914
0 0.881
1 0.914
1 0.881
0 0.698
0 0.817
0 0.635
0 0.635
0 0.482
0 0.447
0 0.447
0 0.409
0 0.343
0 0.302
0 0.447
0 0.368
0 0.162
0 0.302
0 0.52
0 0.302
0 0.145
0 0.447
0 0.264
0 0.119
0 0.051
0 0.051
0 0
0 0.038
0 0.063
0 0.183
0 0.343
0 0.183
0 0.162
0 0.028
0 0.005
0 0.01
0 0.005
0 0.038
0 0.099
0 0.183
0 0.52
0 0.343
0 0.716
0 0.447
0 0.787
0 0.409
0 0.787
0 0.787
0 0.482
0 0.665
0 0.409
0 0.52
0 0.596
0 0.635
0 0.787
0 0.787
0 0.698
0 0.52
0 0.596
1 0.751
1 0.751
1 0.901
0 0.665
1 0.901
0 0.817
1 0.817
1 0.716
1 0.881
0 0.751
0 0.635
0 0.787
0 0.482
1 0.52
0 0.409
1 0.635
0 0.447
0 0.482
0 0.409
0 0.52
0 0.596
0 0.563
0 0.817
0 0.716
0 0.929
0 0.881
0 0.914
0 0.817
0 0.85
0 0.716
0 0.596
0 0.482
0 0.368
0 0.409
0 0.343
0 0.52
0 0.596
0 0.751
0 0.929
0 0.972
0 0.98
0 0.85
0 0.962
0 0.929
0 0.716
0 0.817
0 0.665
0 0.447
0 0.302
0 0.183
0 0.162
0 0.208
0 0.302
0 0.264
0 0.368
0 0.596
0 0.665
0 0.901
0 0.947
1 0.929
1 0.698
1 0.635
0 0.409
0 0.302
0 0.264
0 0.208
0 0.368
0 0.52
0 0.665
0 0.85
0 0.98
0 0.962
0 0.98
0 0.85
0 0.881
0 0.596
0 0.563
0 0.482
0 0.52
0 0.635
0 0.751
0 0.85
0 0.787
0 0.698
0 0.665
0 0.817
0 0.787
0 0.914
0 0.85
0 0.98
0 0.881
0 0.995
0 0.398
0 0.107
0 0.107
0 0.269
0 0.398
0 0.211
0 0.398
1 0.241
1 0.122
0 0.241
0 0.211
1 0.335
1 0.475
0 0.675
0 0.878
0 0.848
0 0.779
0 0.756
0 0.779
0 0.815
0 0.475
0 0.632
0 0.269
0 0.269
0 0.084
0 0.122
0 0.015
0 0.033
0 0.043
0 0.043
0 0.096
0 0.107
0 0.193
0 0.241
0 0.439
0 0.675
0 0.596
0 0.508
0 0.269
0 0.14
0 0.122
0 0.043
0 0.084
0 0.015
0 0.008
0 0.008
0 0.008
0 0.003
0 0.025
0 0.043
0 0.157
0 0.193
0 0.084
1 0.157
1 0.157
1 0.211
0 0.211
0 0.096
0 0.122
0 0.157
0 0.211
0 0.365
0 0.365
0 0.553
0 0.508
0 0.718
0 0.779
0 0.718
1 0.756
0 0.756
0 0.756
0 0.815
0 0.848
0 0.924
0 0.924
0 0.949
0 0.949
0 0.878
0 0.815
0 0.779
0 0.779
0 0.718
0 0.878
0 0.718
0 0.632
0 0.779
0 0.632
0 0.508
0 0.553
0 0.508
0 0.365
0 0.439
0 0.508
0 0.632
0 0.718
0 0.815
0 0.848
0 0.937
0 0.906
1 0.959
1 0.997
0 0.995
1 0.959
1 0.977
0 0.949
0 0.977
1 0.959
1 0.987
0 0.937
0 0.924
1 0.815
0 0.756
0 0.675
0 0.632
0 0.553
0 0.553
0 0.475
0 0.553
0 0.269
0 0.439
0 0.241
0 0.398
0 0.269
0 0.107
0 0.084
0 0.043
0 0.076
0 0.043
1 0.157
0 0.096
1 0.302
1 0.398
1 0.508
1 0.302
0 0.14
0 0.107
0 0.084
0 0.033
0 0.076
0 0.043
0 0.122
0 0.096
0 0.193
0 0.107
0 0.211
0 0.269
0 0.439
0 0.553
0 0.596
0 0.269
0 0.193
0 0.211
0 0.157
0 0.475
0 0.718
0 0.718
0 0.596
0 0.365
0 0.241
1 0.302
1 0.157
1 0.211
1 0.193
0 0.241
0 0.365
1 0.475
0 0.675
0 0.675
0 0.848
1 0.815
1 0.596
0 0.756
1 0.439
1 0.675
0 0.398
1 0.632
1 0.675
0 0.398
0 0.632
1 0.675
0 0.439
0 0.675
0 0.335
0 0.632
0 0.302
0 0.439
0 0.335
0 0.398
0 0.475
0 0.365
0 0.365
0 0.596
0 0.675
0 0.439
0 0.596
0 0.302
0 0.14
0 0.043
0 0.043
0 0.023
0 0.122
0 0.241
0 0.193
0 0.14
0 0.043
0 0.122
0 0.193
0 0.269
0 0.553
0 0.553
0 0.596
0 0.553
0 0.157
0 0.302
0 0.553
0 0.335
0 0.398
0 0.211
0 0.157
0 0.241
0 0.211
0 0.302
0 0.302
0 0.508
0 0.439
0 0.508
0 0.475
0 0.269
0 0.335
0 0.365
0 0.157
0 0.269
0 0.335
0 0.241
0 0.365
0 0.335
0 0.335
0 0.365
0 0.553
0 0.508
0 0.779
0 0.878
0 0.815
0 0.878
0 0.878
1 0.924
1 0.878
0 0.675
0 0.815
0 0.596
0 0.632
0 0.475
0 0.508
0 0.475
0 0.475
0 0.439
0 0.398
0 0.632
0 0.553
0 0.269
0 0.439
0 0.718
0 0.508
0 0.335
0 0.675
0 0.596
0 0.365
0 0.241
0 0.157
0 0.025
0 0.043
0 0.025
0 0.076
0 0.14
0 0.043
0 0.033
0 0.005
0 0
0 0.015
0 0.033
0 0.043
0 0.14
0 0.157
0 0.508
0 0.302
0 0.718
0 0.398
0 0.878
0 0.475
0 0.878
0 0.848
0 0.508
0 0.718
0 0.508
0 0.632
0 0.675
0 0.756
0 0.779
0 0.718
0 0.632
0 0.475
0 0.596
1 0.718
1 0.718
1 0.848
0 0.632
1 0.906
0 0.815
1 0.815
1 0.779
1 0.848
0 0.632
0 0.508
0 0.675
0 0.439
1 0.596
0 0.398
1 0.508
0 0.335
0 0.398
0 0.302
0 0.365
0 0.553
0 0.553
0 0.848
0 0.756
0 0.924
0 0.906
0 0.977
0 0.906
0 0.848
0 0.815
0 0.632
0 0.439
0 0.365
0 0.398
0 0.302
0 0.439
0 0.508
0 0.675
0 0.906
0 0.959
0 0.959
0 0.779
0 0.937
0 0.906
0 0.632
0 0.756
0 0.553
0 0.398
0 0.241
0 0.157
0 0.14
0 0.211
0 0.335
0 0.302
0 0.475
0 0.632
0 0.815
0 0.906
0 0.959
1 0.937
1 0.675
1 0.596
0 0.335
0 0.269
0 0.211
0 0.157
0 0.302
0 0.398
0 0.596
0 0.779
0 0.977
0 0.949
0 0.987
0 0.848
0 0.878
0 0.596
0 0.553
0 0.508
0 0.553
0 0.675
0 0.779
0 0.848
0 0.815
0 0.718
0 0.718
0 0.878
0 0.779
0 0.937
0 0.779
0 0.959
0 0.848
0 0.987
0 0.145
0 0.081
0 0.063
0 0.19
0 0.19
0 0.081
0 0.226
1 0.117
1 0.117
0 0.259
0 0.226
1 0.353
1 0.558
0 0.586
0 0.635
0 0.876
0 0.926
0 0.888
0 0.736
0 0.888
0 0.49
0 0.586
0 0.259
0 0.203
0 0.038
0 0.063
0 0
0 0.023
0 0.023
0 0.038
0 0.081
0 0.117
0 0.226
0 0.289
0 0.47
0 0.678
0 0.49
0 0.47
0 0.259
0 0.145
0 0.145
0 0.058
0 0.081
0 0.013
0 0.013
0 0.048
0 0.081
0 0.038
0 0.203
0 0.168
0 0.429
0 0.586
0 0.353
1 0.317
1 0.317
1 0.317
0 0.203
0 0.203
0 0.063
0 0.168
0 0.19
0 0.406
0 0.406
0 0.586
0 0.558
0 0.754
0 0.817
0 0.754
1 0.754
0 0.754
0 0.754
0 0.817
0 0.876
0 0.916
0 0.926
0 0.939
0 0.926
0 0.888
0 0.848
0 0.754
0 0.754
0 0.736
0 0.848
0 0.736
0 0.635
0 0.792
0 0.695
0 0.635
0 0.695
0 0.586
0 0.429
0 0.49
0 0.558
0 0.695
0 0.736
0 0.848
0 0.888
0 0.952
0 0.909
1 0.964
1 0.995
0 0.985
1 0.952
1 0.952
0 0.939
0 0.972
1 0.964
1 0.995
0 0.972
0 0.939
1 0.876
0 0.792
0 0.736
0 0.678
0 0.586
0 0.586
0 0.53
0 0.635
0 0.353
0 0.49
0 0.317
0 0.429
0 0.317
0 0.226
0 0.117
0 0.145
0 0.102
0 0.117
1 0.226
0 0.226
1 0.49
1 0.429
1 0.695
1 0.49
0 0.203
0 0.353
0 0.117
0 0.145
0 0.117
0 0.102
0 0.168
0 0.117
0 0.168
0 0.145
0 0.226
0 0.226
0 0.353
0 0.586
0 0.353
0 0.259
0 0.289
0 0.353
0 0.406
0 0.353
0 0.558
0 0.429
0 0.558
0 0.19
0 0.259
1 0.49
1 0.317
1 0.317
1 0.53
0 0.353
0 0.558
1 0.586
0 0.817
0 0.792
0 0.754
1 0.792
1 0.586
0 0.792
1 0.49
1 0.695
0 0.429
1 0.586
1 0.586
0 0.406
0 0.635
1 0.695
0 0.49
0 0.695
0 0.406
0 0.695
0 0.429
0 0.429
0 0.353
0 0.558
0 0.353
0 0.117
0 0.048
0 0.226
0 0.145
0 0.429
0 0.406
0 0.102
0 0.063
0 0.038
0 0.023
0 0.063
0 0.102
0 0.317
0 0.289
0 0.102
0 0.023
0 0.013
0 0.013
0 0.063
0 0.259
0 0.317
0 0.47
0 0.168
0 0.102
0 0.259
0 0.353
0 0.168
0 0.203
0 0.145
0 0.168
0 0.168
0 0.289
0 0.429
0 0.53
0 0.586
0 0.635
0 0.817
0 0.848
0 0.635
0 0.47
0 0.53
0 0.259
0 0.317
0 0.259
0 0.289
0 0.353
0 0.259
0 0.226
0 0.353
0 0.49
0 0.53
0 0.754
0 0.848
0 0.916
0 0.964
0 0.909
1 0.939
1 0.916
0 0.754
0 0.695
0 0.586
0 0.586
0 0.53
0 0.53
0 0.53
0 0.53
0 0.317
0 0.289
0 0.429
0 0.353
0 0.145
0 0.259
0 0.429
0 0.226
0 0.117
0 0.317
0 0.203
0 0.063
0 0.023
0 0.048
0 0.003
0 0.058
0 0.081
0 0.289
0 0.226
0 0.203
0 0.081
0 0.048
0 0.01
0 0.003
0 0.003
0 0.023
0 0.081
0 0.117
0 0.353
0 0.317
0 0.695
0 0.353
0 0.754
0 0.47
0 0.792
0 0.848
0 0.47
0 0.635
0 0.429
0 0.49
0 0.586
0 0.678
0 0.792
0 0.695
0 0.558
0 0.47
0 0.53
1 0.635
1 0.695
1 0.876
0 0.635
1 0.888
0 0.817
1 0.817
1 0.695
1 0.909
0 0.754
0 0.635
0 0.635
0 0.406
1 0.317
0 0.635
1 0.49
0 0.353
0 0.49
0 0.353
0 0.49
0 0.635
0 0.586
0 0.817
0 0.678
0 0.888
0 0.792
0 0.736
0 0.736
0 0.695
0 0.586
0 0.53
0 0.406
0 0.353
0 0.429
0 0.429
0 0.586
0 0.635
0 0.848
0 0.939
0 0.985
0 0.98
0 0.985
0 0.848
0 0.952
0 0.754
0 0.848
0 0.558
0 0.49
0 0.289
0 0.203
0 0.168
0 0.226
0 0.289
0 0.259
0 0.353
0 0.49
0 0.635
0 0.817
0 0.817
1 0.888
1 0.678
1 0.635
0 0.429
0 0.289
0 0.289
0 0.19
0 0.406
0 0.47
0 0.678
0 0.848
0 0.926
0 0.952
0 0.98
0 0.888
0 0.916
0 0.695
0 0.695
0 0.558
0 0.558
0 0.678
0 0.754
0 0.817
0 0.792
0 0.817
0 0.754
0 0.848
0 0.817
0 0.926
0 0.792
0 0.972
0 0.876
0 0.985
0 0.107
0 0.061
0 0.071
0 0.211
0 0.211
0 0.107
0 0.236
1 0.16
1 0.145
0 0.188
0 0.269
1 0.401
1 0.579
0 0.609
0 0.68
0 0.886
0 0.931
0 0.914
0 0.82
0 0.848
0 0.541
0 0.609
0 0.236
0 0.16
0 0.048
0 0.061
0 0.003
0 0.048
0 0.043
0 0.03
0 0.076
0 0.124
0 0.236
0 0.292
0 0.442
0 0.642
0 0.503
0 0.48
0 0.269
0 0.16
0 0.145
0 0.061
0 0.076
0 0.013
0 0.018
0 0.03
0 0.076
0 0.061
0 0.292
0 0.211
0 0.503
0 0.642
0 0.368
1 0.368
1 0.33
1 0.211
0 0.269
0 0.292
0 0.076
0 0.188
0 0.188
0 0.401
0 0.401
0 0.579
0 0.541
0 0.736
0 0.802
0 0.736
1 0.736
0 0.761
0 0.761
0 0.848
0 0.868
0 0.914
0 0.942
0 0.947
0 0.931
0 0.886
0 0.82
0 0.761
0 0.761
0 0.711
0 0.82
0 0.736
0 0.642
0 0.761
0 0.711
0 0.642
0 0.711
0 0.579
0 0.442
0 0.503
0 0.579
0 0.68
0 0.802
0 0.886
0 0.904
0 0.962
0 0.921
1 0.975
1 0.99
0 0.977
1 0.942
1 0.947
0 0.962
0 0.977
1 0.992
1 0.995
0 0.982
0 0.947
1 0.904
0 0.82
0 0.761
0 0.68
0 0.609
0 0.609
0 0.541
0 0.609
0 0.368
0 0.503
0 0.33
0 0.541
0 0.401
0 0.269
0 0.145
0 0.269
0 0.124
0 0.188
1 0.236
0 0.236
1 0.48
1 0.442
1 0.68
1 0.503
0 0.236
0 0.368
0 0.124
0 0.124
0 0.107
0 0.071
0 0.145
0 0.107
0 0.16
0 0.188
0 0.211
0 0.211
0 0.33
0 0.579
0 0.442
0 0.236
0 0.236
0 0.401
0 0.442
0 0.33
0 0.609
0 0.48
0 0.503
0 0.211
0 0.211
1 0.401
1 0.33
1 0.269
1 0.401
0 0.33
0 0.541
1 0.609
0 0.761
0 0.802
0 0.761
1 0.761
1 0.579
0 0.761
1 0.503
1 0.711
0 0.442
1 0.579
1 0.541
0 0.401
0 0.609
1 0.68
0 0.442
0 0.642
0 0.368
0 0.736
0 0.401
0 0.48
0 0.368
0 0.642
0 0.48
0 0.188
0 0.076
0 0.292
0 0.145
0 0.368
0 0.368
0 0.076
0 0.048
0 0.048
0 0.03
0 0.124
0 0.076
0 0.33
0 0.33
0 0.124
0 0.03
0 0.025
0 0.01
0 0.03
0 0.16
0 0.211
0 0.368
0 0.076
0 0.076
0 0.236
0 0.269
0 0.107
0 0.16
0 0.124
0 0.16
0 0.16
0 0.33
0 0.48
0 0.503
0 0.68
0 0.642
0 0.848
0 0.886
0 0.68
0 0.541
0 0.541
0 0.292
0 0.33
0 0.292
0 0.292
0 0.368
0 0.236
0 0.269
0 0.368
0 0.541
0 0.541
0 0.761
0 0.868
0 0.921
0 0.962
0 0.904
1 0.921
1 0.868
0 0.711
0 0.736
0 0.609
0 0.609
0 0.48
0 0.579
0 0.48
0 0.401
0 0.236
0 0.236
0 0.292
0 0.236
0 0.107
0 0.16
0 0.292
0 0.145
0 0.048
0 0.16
0 0.076
0 0.025
0 0.005
0 0.043
0 0.018
0 0.107
0 0.16
0 0.33
0 0.401
0 0.292
0 0.188
0 0.076
0 0.018
0 0.005
0 0
0 0.013
0 0.076
0 0.124
0 0.401
0 0.368
0 0.761
0 0.442
0 0.761
0 0.579
0 0.82
0 0.868
0 0.541
0 0.642
0 0.401
0 0.442
0 0.503
0 0.579
0 0.609
0 0.642
0 0.579
0 0.503
0 0.609
1 0.711
1 0.736
1 0.848
0 0.711
1 0.848
0 0.761
1 0.736
1 0.541
1 0.802
0 0.642
0 0.442
0 0.642
0 0.33
1 0.401
0 0.711
1 0.442
0 0.292
0 0.442
0 0.292
0 0.442
0 0.503
0 0.503
0 0.736
0 0.68
0 0.868
0 0.868
0 0.82
0 0.802
0 0.761
0 0.68
0 0.541
0 0.442
0 0.401
0 0.48
0 0.442
0 0.642
0 0.68
0 0.848
0 0.947
0 0.982
0 0.997
0 0.987
0 0.904
0 0.931
0 0.802
0 0.868
0 0.642
0 0.503
0 0.33
0 0.211
0 0.188
0 0.292
0 0.33
0 0.292
0 0.401
0 0.503
0 0.609
0 0.642
0 0.82
1 0.761
1 0.541
1 0.541
0 0.33
0 0.269
0 0.292
0 0.188
0 0.368
0 0.503
0 0.68
0 0.848
0 0.947
0 0.931
0 0.962
0 0.886
0 0.914
0 0.68
0 0.711
0 0.579
0 0.642
0 0.711
0 0.802
0 0.886
0 0.82
0 0.848
0 0.736
0 0.886
0 0.82
0 0.921
0 0.82
0 0.962
0 0.82
0 0.947
