0.132
0.043
0.043
0.147
0.201
0.091
0.246
0.112
0.112
0.173
0.223
0.274
0.442
0.553
0.769
0.827
0.871
0.744
0.652
0.769
0.442
0.553
0.223
0.223
0.063
0.063
0.005
0.025
0.025
0.036
0.063
0.091
0.147
0.223
0.371
0.594
0.442
0.371
0.223
0.112
0.112
0.043
0.086
0.01
0.02
0.02
0.056
0.056
0.201
0.223
0.442
0.594
0.305
0.406
0.335
0.335
0.305
0.173
0.147
0.132
0.112
0.246
0.274
0.442
0.49
0.652
0.718
0.718
0.744
0.769
0.769
0.85
0.871
0.919
0.937
0.937
0.919
0.871
0.827
0.769
0.769
0.718
0.827
0.695
0.652
0.744
0.617
0.594
0.594
0.52
0.406
0.52
0.553
0.652
0.744
0.85
0.904
0.957
0.949
0.987
0.997
0.995
0.975
0.982
0.975
0.99
0.982
0.99
0.957
0.937
0.871
0.807
0.744
0.652
0.617
0.594
0.49
0.52
0.274
0.371
0.223
0.335
0.132
0.091
0.063
0.112
0.147
0.147
0.371
0.274
0.652
0.553
0.769
0.553
0.274
0.305
0.147
0.091
0.091
0.063
0.132
0.091
0.147
0.112
0.246
0.305
0.406
0.617
0.553
0.223
0.246
0.173
0.246
0.091
0.274
0.201
0.49
0.274
0.246
0.371
0.246
0.305
0.371
0.371
0.594
0.695
0.85
0.807
0.871
0.85
0.652
0.744
0.49
0.652
0.371
0.553
0.553
0.371
0.594
0.652
0.442
0.652
0.406
0.744
0.52
0.553
0.442
0.553
0.335
0.406
0.406
0.652
0.371
0.718
0.695
0.335
0.201
0.063
0.043
0.025
0.036
0.091
0.063
0.025
0.01
0.036
0.132
0.201
0.49
0.52
0.652
0.335
0.201
0.406
0.52
0.246
0.305
0.173
0.173
0.305
0.274
0.442
0.442
0.617
0.49
0.652
0.617
0.371
0.49
0.52
0.223
0.335
0.335
0.274
0.406
0.305
0.274
0.371
0.553
0.553
0.769
0.85
0.919
0.975
0.919
0.957
0.871
0.695
0.744
0.553
0.553
0.442
0.442
0.335
0.305
0.246
0.173
0.305
0.305
0.147
0.173
0.442
0.335
0.173
0.442
0.406
0.201
0.132
0.043
0.005
0.003
0.01
0.063
0.147
0.086
0.056
0.01
0
0.063
0.112
0.147
0.246
0.173
0.52
0.335
0.718
0.406
0.807
0.442
0.807
0.807
0.49
0.617
0.406
0.52
0.553
0.52
0.744
0.652
0.652
0.52
0.617
0.769
0.769
0.904
0.695
0.911
0.827
0.827
0.718
0.871
0.718
0.617
0.695
0.442
0.49
0.335
0.553
0.371
0.49
0.406
0.52
0.617
0.617
0.827
0.769
0.919
0.911
0.949
0.85
0.85
0.769
0.617
0.442
0.406
0.49
0.406
0.49
0.594
0.718
0.871
0.957
0.957
0.827
0.919
0.871
0.695
0.769
0.52
0.371
0.246
0.173
0.173
0.201
0.274
0.274
0.442
0.617
0.718
0.871
0.949
0.937
0.718
0.695
0.442
0.335
0.305
0.201
0.335
0.442
0.617
0.769
0.871
0.919
0.957
0.827
0.871
0.652
0.652
0.594
0.617
0.695
0.827
0.85
0.871
0.744
0.769
0.904
0.807
0.911
0.807
0.957
0.807
0.937
0.373
0.345
0.239
0.218
0.272
0.325
0.454
0.563
0.662
0.429
0.563
0.728
0.845
0.924
0.975
0.975
0.947
0.868
0.728
0.693
0.454
0.373
0.239
0.135
0.094
0.056
0.041
0.114
0.114
0.165
0.165
0.272
0.373
0.454
0.594
0.693
0.728
0.693
0.619
0.454
0.429
0.325
0.272
0.198
0.079
0.165
0.145
0.048
0.165
0.114
0.325
0.373
0.145
0.239
0.239
0.239
0.218
0.198
0.071
0.165
0.165
0.373
0.373
0.528
0.528
0.662
0.756
0.662
0.728
0.756
0.779
0.845
0.914
0.934
0.947
0.97
0.957
0.924
0.891
0.827
0.827
0.756
0.868
0.728
0.693
0.817
0.662
0.619
0.637
0.594
0.454
0.528
0.563
0.693
0.756
0.845
0.845
0.914
0.914
0.967
0.992
0.97
0.934
0.957
0.957
0.987
0.975
0.987
0.947
0.924
0.868
0.827
0.756
0.693
0.619
0.619
0.528
0.594
0.373
0.497
0.373
0.497
0.345
0.218
0.079
0.135
0.079
0.079
0.145
0.094
0.294
0.345
0.497
0.239
0.114
0.272
0.094
0.218
0.239
0.345
0.429
0.48
0.594
0.594
0.497
0.528
0.528
0.594
0.693
0.779
0.868
0.934
0.934
0.779
0.662
0.637
0.845
0.779
0.779
0.779
0.528
0.429
0.429
0.294
0.373
0.325
0.563
0.563
0.454
0.662
0.563
0.779
0.693
0.868
0.662
0.779
0.779
0.637
0.827
0.845
0.637
0.637
0.419
0.563
0.294
0.294
0.198
0.218
0.056
0.041
0.025
0.165
0.056
0.294
0.198
0.041
0.025
0.01
0.015
0.094
0.094
0.325
0.345
0.165
0.03
0.03
0
0.01
0.114
0.145
0.239
0.056
0.048
0.165
0.198
0.079
0.165
0.114
0.165
0.145
0.294
0.429
0.497
0.637
0.528
0.693
0.693
0.48
0.497
0.48
0.294
0.345
0.272
0.345
0.373
0.239
0.272
0.373
0.48
0.497
0.662
0.779
0.756
0.827
0.868
0.891
0.827
0.637
0.693
0.563
0.528
0.429
0.373
0.373
0.345
0.239
0.272
0.294
0.218
0.094
0.218
0.294
0.135
0.071
0.239
0.114
0.048
0.015
0.079
0.015
0.145
0.198
0.345
0.454
0.272
0.239
0.056
0.056
0.005
0.005
0.015
0.071
0.114
0.294
0.325
0.563
0.48
0.779
0.662
0.868
0.909
0.756
0.728
0.594
0.528
0.454
0.373
0.497
0.419
0.619
0.693
0.728
0.891
0.868
0.934
0.728
0.845
0.728
0.619
0.429
0.594
0.419
0.198
0.145
0.03
0.003
0.03
0.135
0.094
0.218
0.165
0.373
0.373
0.497
0.728
0.693
0.891
0.827
0.817
0.637
0.563
0.48
0.528
0.497
0.497
0.637
0.528
0.817
0.662
0.891
0.924
0.947
0.992
0.997
0.975
0.909
0.779
0.817
0.563
0.497
0.325
0.145
0.165
0.294
0.373
0.345
0.325
0.454
0.373
0.563
0.756
0.779
0.528
0.48
0.345
0.198
0.272
0.094
0.239
0.294
0.429
0.594
0.528
0.662
0.845
0.693
0.845
0.594
0.756
0.619
0.779
0.868
0.975
0.957
0.914
0.891
0.779
0.891
0.662
0.728
0.454
0.637
0.419
0.429
0.264
0.074
0.074
0.236
0.208
0.099
0.264
0.145
0.119
0.208
0.236
0.302
0.482
0.563
0.716
0.751
0.817
0.901
0.85
0.817
0.52
0.596
0.264
0.208
0.074
0.099
0
0.023
0.028
0.038
0.074
0.099
0.162
0.236
0.409
0.665
0.52
0.447
0.236
0.119
0.119
0.051
0.074
0.01
0.01
0.02
0.038
0.028
0.119
0.119
0.343
0.482
0.208
0.264
0.236
0.236
0.208
0.145
0.119
0.162
0.183
0.368
0.368
0.563
0.563
0.716
0.787
0.716
0.716
0.716
0.751
0.817
0.85
0.914
0.929
0.947
0.929
0.881
0.817
0.751
0.751
0.698
0.817
0.698
0.665
0.751
0.665
0.596
0.665
0.563
0.409
0.482
0.563
0.635
0.716
0.85
0.85
0.947
0.914
0.972
0.997
0.99
0.954
0.962
0.954
0.972
0.962
0.99
0.954
0.929
0.85
0.787
0.716
0.635
0.596
0.563
0.52
0.596
0.343
0.482
0.302
0.482
0.236
0.145
0.061
0.074
0.074
0.074
0.208
0.162
0.52
0.343
0.665
0.482
0.183
0.236
0.119
0.074
0.099
0.063
0.145
0.099
0.183
0.099
0.208
0.264
0.409
0.635
0.596
0.264
0.236
0.236
0.302
0.302
0.145
0.368
0.482
0.343
0.264
0.368
0.264
0.264
0.343
0.368
0.52
0.563
0.787
0.751
0.881
0.817
0.596
0.751
0.482
0.716
0.409
0.665
0.596
0.368
0.596
0.665
0.447
0.635
0.368
0.698
0.409
0.52
0.409
0.368
0.635
0.368
0.208
0.368
0.119
0.447
0.52
0.183
0.074
0.023
0.028
0.038
0.099
0.208
0.183
0.063
0.01
0.051
0.063
0.145
0.409
0.368
0.52
0.343
0.119
0.302
0.447
0.183
0.302
0.162
0.162
0.264
0.264
0.447
0.563
0.716
0.563
0.787
0.751
0.447
0.482
0.447
0.236
0.302
0.302
0.264
0.368
0.302
0.302
0.409
0.563
0.563
0.751
0.901
0.85
0.914
0.881
0.914
0.881
0.698
0.817
0.635
0.635
0.482
0.447
0.447
0.409
0.343
0.302
0.447
0.368
0.162
0.302
0.52
0.302
0.145
0.447
0.264
0.119
0.051
0.051
0
0.038
0.063
0.183
0.343
0.183
0.162
0.028
0.005
0.01
0.005
0.038
0.099
0.183
0.52
0.343
0.716
0.447
0.787
0.409
0.787
0.787
0.482
0.665
0.409
0.52
0.596
0.635
0.787
0.787
0.698
0.52
0.596
0.751
0.751
0.901
0.665
0.901
0.817
0.817
0.716
0.881
0.751
0.635
0.787
0.482
0.52
0.409
0.635
0.447
0.482
0.409
0.52
0.596
0.563
0.817
0.716
0.929
0.881
0.914
0.817
0.85
0.716
0.596
0.482
0.368
0.409
0.343
0.52
0.596
0.751
0.929
0.972
0.98
0.85
0.962
0.929
0.716
0.817
0.665
0.447
0.302
0.183
0.162
0.208
0.302
0.264
0.368
0.596
0.665
0.901
0.947
0.929
0.698
0.635
0.409
0.302
0.264
0.208
0.368
0.52
0.665
0.85
0.98
0.962
0.98
0.85
0.881
0.596
0.563
0.482
0.52
0.635
0.751
0.85
0.787
0.698
0.665
0.817
0.787
0.914
0.85
0.98
0.881
0.995
0.398
0.107
0.107
0.269
0.398
0.211
0.398
0.241
0.122
0.241
0.211
0.335
0.475
0.675
0.878
0.848
0.779
0.756
0.779
0.815
0.475
0.632
0.269
0.269
0.084
0.122
0.015
0.033
0.043
0.043
0.096
0.107
0.193
0.241
0.439
0.675
0.596
0.508
0.269
0.14
0.122
0.043
0.084
0.015
0.008
0.008
0.008
0.003
0.025
0.043
0.157
0.193
0.084
0.157
0.157
0.211
0.211
0.096
0.122
0.157
0.211
0.365
0.365
0.553
0.508
0.718
0.779
0.718
0.756
0.756
0.756
0.815
0.848
0.924
0.924
0.949
0.949
0.878
0.815
0.779
0.779
0.718
0.878
0.718
0.632
0.779
0.632
0.508
0.553
0.508
0.365
0.439
0.508
0.632
0.718
0.815
0.848
0.937
0.906
0.959
0.997
0.995
0.959
0.977
0.949
0.977
0.959
0.987
0.937
0.924
0.815
0.756
0.675
0.632
0.553
0.553
0.475
0.553
0.269
0.439
0.241
0.398
0.269
0.107
0.084
0.043
0.076
0.043
0.157
0.096
0.302
0.398
0.508
0.302
0.14
0.107
0.084
0.033
0.076
0.043
0.122
0.096
0.193
0.107
0.211
0.269
0.439
0.553
0.596
0.269
0.193
0.211
0.157
0.475
0.718
0.718
0.596
0.365
0.241
0.302
0.157
0.211
0.193
0.241
0.365
0.475
0.675
0.675
0.848
0.815
0.596
0.756
0.439
0.675
0.398
0.632
0.675
0.398
0.632
0.675
0.439
0.675
0.335
0.632
0.302
0.439
0.335
0.398
0.475
0.365
0.365
0.596
0.675
0.439
0.596
0.302
0.14
0.043
0.043
0.023
0.122
0.241
0.193
0.14
0.043
0.122
0.193
0.269
0.553
0.553
0.596
0.553
0.157
0.302
0.553
0.335
0.398
0.211
0.157
0.241
0.211
0.302
0.302
0.508
0.439
0.508
0.475
0.269
0.335
0.365
0.157
0.269
0.335
0.241
0.365
0.335
0.335
0.365
0.553
0.508
0.779
0.878
0.815
0.878
0.878
0.924
0.878
0.675
0.815
0.596
0.632
0.475
0.508
0.475
0.475
0.439
0.398
0.632
0.553
0.269
0.439
0.718
0.508
0.335
0.675
0.596
0.365
0.241
0.157
0.025
0.043
0.025
0.076
0.14
0.043
0.033
0.005
0
0.015
0.033
0.043
0.14
0.157
0.508
0.302
0.718
0.398
0.878
0.475
0.878
0.848
0.508
0.718
0.508
0.632
0.675
0.756
0.779
0.718
0.632
0.475
0.596
0.718
0.718
0.848
0.632
0.906
0.815
0.815
0.779
0.848
0.632
0.508
0.675
0.439
0.596
0.398
0.508
0.335
0.398
0.302
0.365
0.553
0.553
0.848
0.756
0.924
0.906
0.977
0.906
0.848
0.815
0.632
0.439
0.365
0.398
0.302
0.439
0.508
0.675
0.906
0.959
0.959
0.779
0.937
0.906
0.632
0.756
0.553
0.398
0.241
0.157
0.14
0.211
0.335
0.302
0.475
0.632
0.815
0.906
0.959
0.937
0.675
0.596
0.335
0.269
0.211
0.157
0.302
0.398
0.596
0.779
0.977
0.949
0.987
0.848
0.878
0.596
0.553
0.508
0.553
0.675
0.779
0.848
0.815
0.718
0.718
0.878
0.779
0.937
0.779
0.959
0.848
0.987
0.145
0.081
0.063
0.19
0.19
0.081
0.226
0.117
0.117
0.259
0.226
0.353
0.558
0.586
0.635
0.876
0.926
0.888
0.736
0.888
0.49
0.586
0.259
0.203
0.038
0.063
0
0.023
0.023
0.038
0.081
0.117
0.226
0.289
0.47
0.678
0.49
0.47
0.259
0.145
0.145
0.058
0.081
0.013
0.013
0.048
0.081
0.038
0.203
0.168
0.429
0.586
0.353
0.317
0.317
0.317
0.203
0.203
0.063
0.168
0.19
0.406
0.406
0.586
0.558
0.754
0.817
0.754
0.754
0.754
0.754
0.817
0.876
0.916
0.926
0.939
0.926
0.888
0.848
0.754
0.754
0.736
0.848
0.736
0.635
0.792
0.695
0.635
0.695
0.586
0.429
0.49
0.558
0.695
0.736
0.848
0.888
0.952
0.909
0.964
0.995
0.985
0.952
0.952
0.939
0.972
0.964
0.995
0.972
0.939
0.876
0.792
0.736
0.678
0.586
0.586
0.53
0.635
0.353
0.49
0.317
0.429
0.317
0.226
0.117
0.145
0.102
0.117
0.226
0.226
0.49
0.429
0.695
0.49
0.203
0.353
0.117
0.145
0.117
0.102
0.168
0.117
0.168
0.145
0.226
0.226
0.353
0.586
0.353
0.259
0.289
0.353
0.406
0.353
0.558
0.429
0.558
0.19
0.259
0.49
0.317
0.317
0.53
0.353
0.558
0.586
0.817
0.792
0.754
0.792
0.586
0.792
0.49
0.695
0.429
0.586
0.586
0.406
0.635
0.695
0.49
0.695
0.406
0.695
0.429
0.429
0.353
0.558
0.353
0.117
0.048
0.226
0.145
0.429
0.406
0.102
0.063
0.038
0.023
0.063
0.102
0.317
0.289
0.102
0.023
0.013
0.013
0.063
0.259
0.317
0.47
0.168
0.102
0.259
0.353
0.168
0.203
0.145
0.168
0.168
0.289
0.429
0.53
0.586
0.635
0.817
0.848
0.635
0.47
0.53
0.259
0.317
0.259
0.289
0.353
0.259
0.226
0.353
0.49
0.53
0.754
0.848
0.916
0.964
0.909
0.939
0.916
0.754
0.695
0.586
0.586
0.53
0.53
0.53
0.53
0.317
0.289
0.429
0.353
0.145
0.259
0.429
0.226
0.117
0.317
0.203
0.063
0.023
0.048
0.003
0.058
0.081
0.289
0.226
0.203
0.081
0.048
0.01
0.003
0.003
0.023
0.081
0.117
0.353
0.317
0.695
0.353
0.754
0.47
0.792
0.848
0.47
0.635
0.429
0.49
0.586
0.678
0.792
0.695
0.558
0.47
0.53
0.635
0.695
0.876
0.635
0.888
0.817
0.817
0.695
0.909
0.754
0.635
0.635
0.406
0.317
0.635
0.49
0.353
0.49
0.353
0.49
0.635
0.586
0.817
0.678
0.888
0.792
0.736
0.736
0.695
0.586
0.53
0.406
0.353
0.429
0.429
0.586
0.635
0.848
0.939
0.985
0.98
0.985
0.848
0.952
0.754
0.848
0.558
0.49
0.289
0.203
0.168
0.226
0.289
0.259
0.353
0.49
0.635
0.817
0.817
0.888
0.678
0.635
0.429
0.289
0.289
0.19
0.406
0.47
0.678
0.848
0.926
0.952
0.98
0.888
0.916
0.695
0.695
0.558
0.558
0.678
0.754
0.817
0.792
0.817
0.754
0.848
0.817
0.926
0.792
0.972
0.876
0.985
0.107
0.061
0.071
0.211
0.211
0.107
0.236
0.16
0.145
0.188
0.269
0.401
0.579
0.609
0.68
0.886
0.931
0.914
0.82
0.848
0.541
0.609
0.236
0.16
0.048
0.061
0.003
0.048
0.043
0.03
0.076
0.124
0.236
0.292
0.442
0.642
0.503
0.48
0.269
0.16
0.145
0.061
0.076
0.013
0.018
0.03
0.076
0.061
0.292
0.211
0.503
0.642
0.368
0.368
0.33
0.211
0.269
0.292
0.076
0.188
0.188
0.401
0.401
0.579
0.541
0.736
0.802
0.736
0.736
0.761
0.761
0.848
0.868
0.914
0.942
0.947
0.931
0.886
0.82
0.761
0.761
0.711
0.82
0.736
0.642
0.761
0.711
0.642
0.711
0.579
0.442
0.503
0.579
0.68
0.802
0.886
0.904
0.962
0.921
0.975
0.99
0.977
0.942
0.947
0.962
0.977
0.992
0.995
0.982
0.947
0.904
0.82
0.761
0.68
0.609
0.609
0.541
0.609
0.368
0.503
0.33
0.541
0.401
0.269
0.145
0.269
0.124
0.188
0.236
0.236
0.48
0.442
0.68
0.503
0.236
0.368
0.124
0.124
0.107
0.071
0.145
0.107
0.16
0.188
0.211
0.211
0.33
0.579
0.442
0.236
0.236
0.401
0.442
0.33
0.609
0.48
0.503
0.211
0.211
0.401
0.33
0.269
0.401
0.33
0.541
0.609
0.761
0.802
0.761
0.761
0.579
0.761
0.503
0.711
0.442
0.579
0.541
0.401
0.609
0.68
0.442
0.642
0.368
0.736
0.401
0.48
0.368
0.642
0.48
0.188
0.076
0.292
0.145
0.368
0.368
0.076
0.048
0.048
0.03
0.124
0.076
0.33
0.33
0.124
0.03
0.025
0.01
0.03
0.16
0.211
0.368
0.076
0.076
0.236
0.269
0.107
0.16
0.124
0.16
0.16
0.33
0.48
0.503
0.68
0.642
0.848
0.886
0.68
0.541
0.541
0.292
0.33
0.292
0.292
0.368
0.236
0.269
0.368
0.541
0.541
0.761
0.868
0.921
0.962
0.904
0.921
0.868
0.711
0.736
0.609
0.609
0.48
0.579
0.48
0.401
0.236
0.236
0.292
0.236
0.107
0.16
0.292
0.145
0.048
0.16
0.076
0.025
0.005
0.043
0.018
0.107
0.16
0.33
0.401
0.292
0.188
0.076
0.018
0.005
0
0.013
0.076
0.124
0.401
0.368
0.761
0.442
0.761
0.579
0.82
0.868
0.541
0.642
0.401
0.442
0.503
0.579
0.609
0.642
0.579
0.503
0.609
0.711
0.736
0.848
0.711
0.848
0.761
0.736
0.541
0.802
0.642
0.442
0.642
0.33
0.401
0.711
0.442
0.292
0.442
0.292
0.442
0.503
0.503
0.736
0.68
0.868
0.868
0.82
0.802
0.761
0.68
0.541
0.442
0.401
0.48
0.442
0.642
0.68
0.848
0.947
0.982
0.997
0.987
0.904
0.931
0.802
0.868
0.642
0.503
0.33
0.211
0.188
0.292
0.33
0.292
0.401
0.503
0.609
0.642
0.82
0.761
0.541
0.541
0.33
0.269
0.292
0.188
0.368
0.503
0.68
0.848
0.947
0.931
0.962
0.886
0.914
0.68
0.711
0.579
0.642
0.711
0.802
0.886
0.82
0.848
0.736
0.886
0.82
0.921
0.82
0.962
0.82
0.947
