0 0.294
0 0.169
0 0.323
0 0.376
0 0.462
0 0.609
0 0.647
0 0.832
0 0.89
0 0.924
0 0.89
0 0.76
0 0.792
0 0.609
1 0.579
0 0.422
0 0.513
1 0.647
0 0.729
0 0.677
0 0.855
0 0.951
0 0.966
0 0.729
0 0.76
0 0.405
0 0.513
0 0.323
0 0.157
0 0.263
0 0.405
0 0.169
1 0.246
0 0.123
0 0.246
0 0.263
0 0.422
0 0.535
0 0.609
0 0.778
0 0.815
0 0.792
0 0.924
0 0.843
0 0.907
0 0.89
0 0.966
0 0.951
0 0.966
0 0.966
0 0.815
0 0.855
0 0.966
0 0.76
0 0.647
0 0.609
0 0.647
0 0.592
0 0.542
0 0.376
0 0.263
0 0.144
0 0.109
0 0.056
0 0.031
0 0.042
0 0.031
0 0.114
0 0.114
0 0.23
0 0.376
0 0.542
0 0.703
0 0.677
0 0.855
0 0.832
0 0.677
0 0.729
0 0.609
0 0.647
0 0.778
0 0.778
1 0.843
1 0.877
1 0.966
1 0.966
1 0.877
1 0.815
1 0.592
0 0.677
0 0.482
0 0.294
0 0.263
0 0.169
0 0.109
0 0.079
0 0.056
0 0.109
0 0.216
0 0.294
0 0.376
0 0.376
0 0.535
0 0.647
0 0.924
0 0.924
0 0.792
0 0.855
0 0.843
0 0.855
0 0.907
1 0.907
1 0.966
1 0.924
1 0.907
0 0.729
1 0.778
1 0.592
0 0.462
0 0.294
0 0.422
0 0.376
0 0.513
0 0.703
0 0.609
0 0.349
0 0.349
0 0.169
0 0.294
0 0.23
0 0.169
0 0.137
0 0.092
0 0.056
0 0.092
0 0.137
0 0.157
0 0.21
0 0.376
0 0.169
0 0.513
0 0.513
0 0.349
0 0.462
0 0.462
0 0.422
0 0.542
0 0.349
0 0.323
0 0.169
0 0.23
0 0.144
0 0.323
1 0.422
0 0.482
0 0.647
0 0.703
0 0.76
0 0.579
0 0.349
0 0.263
0 0.169
0 0.323
1 0.513
1 0.542
1 0.703
1 0.729
1 0.677
1 0.513
1 0.422
1 0.462
0 0.294
0 0.592
0 0.609
0 0.542
0 0.482
0 0.376
0 0.246
0 0.405
0 0.462
0 0.263
0 0.294
0 0.513
0 0.647
0 0.703
0 0.832
0 0.703
1 0.924
1 0.924
1 0.966
1 0.966
1 0.877
1 0.792
1 0.76
1 0.843
0 0.703
0 0.542
0 0.703
0 0.729
0 0.482
0 0.405
0 0.542
0 0.579
0 0.263
0 0.263
0 0.422
0 0.216
0 0.123
0 0.157
0 0.216
0 0.075
0 0.068
0 0.169
0 0.079
0 0.031
0 0.025
0 0
0 0.02
0 0.008
0 0.011
0 0.001
0 0.023
0 0.056
0 0.079
0 0.049
0 0.079
0 0.169
0 0.169
0 0.144
0 0.263
0 0.462
0 0.376
0 0.376
0 0.592
0 0.703
0 0.729
0 0.294
0 0.169
0 0.323
0 0.376
0 0.462
0 0.609
0 0.647
0 0.832
0 0.89
0 0.907
0 0.877
0 0.729
0 0.792
0 0.609
1 0.542
0 0.376
0 0.482
1 0.609
0 0.729
0 0.677
0 0.855
0 0.951
0 0.951
0 0.729
0 0.76
0 0.422
0 0.513
0 0.294
0 0.144
0 0.246
0 0.405
0 0.157
1 0.169
0 0.137
0 0.246
0 0.294
0 0.422
0 0.535
0 0.609
0 0.792
0 0.815
0 0.792
0 0.907
0 0.832
0 0.89
0 0.89
0 0.966
0 0.907
0 0.966
0 0.951
0 0.792
0 0.855
0 0.951
0 0.76
0 0.609
0 0.592
0 0.592
0 0.482
0 0.462
0 0.294
0 0.23
0 0.123
0 0.079
0 0.049
0 0.031
0 0.042
0 0.031
0 0.123
0 0.123
0 0.246
0 0.376
0 0.542
0 0.647
0 0.677
0 0.843
0 0.815
0 0.647
0 0.703
0 0.609
0 0.609
0 0.792
0 0.76
1 0.89
1 0.89
1 0.966
1 0.966
1 0.89
1 0.815
1 0.609
0 0.647
0 0.482
0 0.294
0 0.246
0 0.169
0 0.092
0 0.079
0 0.056
0 0.109
0 0.216
0 0.294
0 0.349
0 0.376
0 0.542
0 0.609
0 0.924
0 0.924
0 0.778
0 0.855
0 0.832
0 0.843
0 0.924
1 0.924
1 0.966
1 0.907
1 0.877
0 0.729
1 0.729
1 0.579
0 0.422
0 0.263
0 0.405
0 0.349
0 0.482
0 0.677
0 0.609
0 0.323
0 0.349
0 0.169
0 0.263
0 0.23
0 0.169
0 0.137
0 0.092
0 0.056
0 0.092
0 0.123
0 0.144
0 0.21
0 0.349
0 0.169
0 0.542
0 0.482
0 0.323
0 0.462
0 0.422
0 0.422
0 0.542
0 0.349
0 0.349
0 0.169
0 0.23
0 0.144
0 0.323
1 0.422
0 0.482
0 0.677
0 0.815
0 0.76
0 0.542
0 0.323
0 0.294
0 0.216
0 0.462
1 0.422
1 0.592
1 0.729
1 0.703
1 0.647
1 0.513
1 0.422
1 0.462
0 0.294
0 0.592
0 0.609
0 0.542
0 0.482
0 0.376
0 0.246
0 0.405
0 0.482
0 0.294
0 0.294
0 0.542
0 0.729
0 0.729
0 0.855
0 0.76
1 0.951
1 0.951
1 0.966
1 0.966
1 0.877
1 0.792
1 0.778
1 0.843
0 0.703
0 0.579
0 0.703
0 0.729
0 0.482
0 0.405
0 0.542
0 0.579
0 0.263
0 0.263
0 0.422
0 0.216
0 0.114
0 0.157
0 0.216
0 0.068
0 0.068
0 0.21
0 0.079
0 0.031
0 0.03
0 0.004
0 0.023
0 0.008
0 0.011
0 0.001
0 0.017
0 0.049
0 0.079
0 0.042
0 0.042
0 0.169
0 0.169
0 0.144
0 0.246
0 0.422
0 0.376
0 0.376
0 0.579
0 0.677
0 0.703
0 0.294
0 0.169
0 0.323
0 0.376
0 0.482
0 0.609
0 0.647
0 0.832
0 0.924
0 0.907
0 0.877
0 0.729
0 0.815
0 0.609
1 0.542
0 0.376
0 0.422
1 0.592
0 0.729
0 0.609
0 0.815
0 0.855
0 0.951
0 0.677
0 0.729
0 0.422
0 0.535
0 0.323
0 0.157
0 0.246
0 0.422
0 0.169
1 0.263
0 0.123
0 0.23
0 0.294
0 0.422
0 0.535
0 0.609
0 0.792
0 0.792
0 0.778
0 0.907
0 0.832
0 0.89
0 0.877
0 0.966
0 0.924
0 0.966
0 0.951
0 0.815
0 0.855
0 0.951
0 0.76
0 0.647
0 0.592
0 0.609
0 0.513
0 0.513
0 0.323
0 0.23
0 0.123
0 0.092
0 0.049
0 0.031
0 0.042
0 0.025
0 0.114
0 0.114
0 0.23
0 0.376
0 0.542
0 0.647
0 0.677
0 0.855
0 0.815
0 0.647
0 0.677
0 0.609
0 0.647
0 0.778
0 0.778
1 0.89
1 0.855
1 0.966
1 0.966
1 0.89
1 0.792
1 0.703
0 0.592
0 0.482
0 0.263
0 0.246
0 0.169
0 0.092
0 0.092
0 0.068
0 0.092
0 0.216
0 0.263
0 0.349
0 0.349
0 0.542
0 0.609
0 0.924
0 0.924
0 0.792
0 0.855
0 0.855
0 0.855
0 0.907
1 0.924
1 0.966
1 0.924
1 0.907
0 0.778
1 0.76
1 0.579
0 0.405
0 0.263
0 0.405
0 0.349
0 0.513
0 0.677
0 0.609
0 0.349
0 0.349
0 0.169
0 0.294
0 0.23
0 0.169
0 0.123
0 0.092
0 0.075
0 0.092
0 0.123
0 0.144
0 0.169
0 0.349
0 0.157
0 0.542
0 0.513
0 0.349
0 0.462
0 0.422
0 0.422
0 0.542
0 0.349
0 0.323
0 0.169
0 0.23
0 0.144
0 0.323
1 0.422
0 0.482
0 0.647
0 0.792
0 0.729
0 0.542
0 0.323
0 0.263
0 0.21
0 0.323
1 0.482
1 0.513
1 0.677
1 0.677
1 0.677
1 0.482
1 0.462
1 0.482
0 0.323
0 0.609
0 0.647
0 0.542
0 0.482
0 0.422
0 0.263
0 0.422
0 0.482
0 0.263
0 0.294
0 0.513
0 0.729
0 0.703
0 0.815
0 0.677
1 0.924
1 0.924
1 0.966
1 0.966
1 0.877
1 0.792
1 0.76
1 0.843
0 0.729
0 0.542
0 0.703
0 0.703
0 0.482
0 0.405
0 0.542
0 0.579
0 0.263
0 0.263
0 0.422
0 0.216
0 0.114
0 0.157
0 0.216
0 0.068
0 0.056
0 0.169
0 0.079
0 0.031
0 0.025
0 0.004
0 0.02
0 0.007
0 0.011
0 0.011
0 0.017
0 0.049
0 0.092
0 0.056
0 0.075
0 0.157
0 0.169
0 0.137
0 0.246
0 0.422
0 0.376
0 0.405
0 0.542
0 0.677
0 0.647
0 0.267
0 0.179
0 0.314
0 0.34
0 0.445
0 0.607
0 0.64
0 0.812
0 0.89
0 0.89
0 0.862
0 0.715
0 0.784
0 0.64
1 0.573
0 0.415
0 0.445
1 0.589
0 0.715
0 0.607
0 0.812
0 0.839
0 0.946
0 0.715
0 0.754
0 0.415
0 0.503
0 0.288
0 0.145
0 0.229
0 0.387
0 0.155
1 0.179
0 0.137
0 0.251
0 0.288
0 0.445
0 0.542
0 0.607
0 0.784
0 0.935
0 0.965
0 0.965
0 0.89
0 0.912
0 0.935
0 0.965
0 0.89
0 0.965
0 0.965
0 0.826
0 0.839
0 0.946
0 0.754
0 0.64
0 0.607
0 0.607
0 0.503
0 0.503
0 0.34
0 0.251
0 0.124
0 0.109
0 0.051
0 0.035
0 0.044
0 0.035
0 0.124
0 0.114
0 0.229
0 0.387
0 0.542
0 0.684
0 0.684
0 0.862
0 0.806
0 0.607
0 0.684
0 0.64
0 0.665
0 0.739
0 0.784
1 0.873
1 0.862
1 0.965
1 0.965
1 0.935
1 0.826
1 0.715
0 0.684
0 0.503
0 0.288
0 0.251
0 0.155
0 0.096
0 0.083
0 0.069
0 0.109
0 0.213
0 0.288
0 0.364
0 0.387
0 0.528
0 0.684
0 0.839
0 0.89
0 0.754
0 0.839
0 0.812
0 0.839
0 0.912
1 0.912
1 0.952
1 0.912
1 0.912
0 0.739
1 0.784
1 0.589
0 0.445
0 0.288
0 0.415
0 0.34
0 0.503
0 0.684
0 0.64
0 0.364
0 0.364
0 0.203
0 0.288
0 0.229
0 0.179
0 0.137
0 0.096
0 0.061
0 0.096
0 0.124
0 0.155
0 0.213
0 0.387
0 0.203
0 0.542
0 0.528
0 0.34
0 0.445
0 0.445
0 0.415
0 0.542
0 0.34
0 0.34
0 0.179
0 0.229
0 0.145
0 0.314
1 0.415
0 0.445
0 0.607
0 0.684
0 0.754
0 0.589
0 0.364
0 0.288
0 0.229
0 0.445
1 0.503
1 0.573
1 0.739
1 0.715
1 0.684
1 0.542
1 0.415
1 0.445
0 0.288
0 0.589
0 0.665
0 0.503
0 0.445
0 0.364
0 0.251
0 0.387
0 0.484
0 0.267
0 0.314
0 0.528
0 0.665
0 0.754
0 0.873
0 0.784
1 0.952
1 0.965
1 0.862
1 0.952
1 0.873
1 0.754
1 0.784
1 0.839
0 0.684
0 0.542
0 0.665
0 0.715
0 0.484
0 0.387
0 0.542
0 0.573
0 0.267
0 0.288
0 0.415
0 0.213
0 0.114
0 0.179
0 0.213
0 0.069
0 0.069
0 0.203
0 0.096
0 0.035
0 0.028
0 0.007
0 0.024
0 0.011
0 0.014
0 0.004
0 0.017
0 0.051
0 0.083
0 0.044
0 0.075
0 0.155
0 0.155
0 0.137
0 0.229
0 0.415
0 0.34
0 0.364
0 0.542
0 0.739
0 0.607
0 0.288
0 0.179
0 0.314
0 0.34
0 0.445
0 0.607
0 0.64
0 0.812
0 0.89
0 0.873
0 0.862
0 0.715
0 0.784
0 0.64
1 0.573
0 0.445
0 0.484
1 0.589
0 0.739
0 0.64
0 0.839
0 0.873
0 0.965
0 0.754
0 0.739
0 0.445
0 0.528
0 0.314
0 0.155
0 0.251
0 0.387
0 0.155
1 0.251
0 0.124
0 0.251
0 0.288
0 0.415
0 0.528
0 0.607
0 0.754
0 0.912
0 0.965
0 0.965
0 0.873
0 0.912
0 0.912
0 0.965
0 0.89
0 0.965
0 0.952
0 0.812
0 0.826
0 0.935
0 0.754
0 0.64
0 0.589
0 0.589
0 0.503
0 0.503
0 0.314
0 0.229
0 0.124
0 0.096
0 0.051
0 0.028
0 0.042
0 0.035
0 0.114
0 0.114
0 0.229
0 0.387
0 0.542
0 0.684
0 0.665
0 0.862
0 0.806
0 0.607
0 0.684
0 0.607
0 0.665
0 0.739
0 0.784
1 0.873
1 0.839
1 0.965
1 0.965
1 0.935
1 0.826
1 0.715
0 0.665
0 0.503
0 0.288
0 0.229
0 0.155
0 0.083
0 0.075
0 0.069
0 0.096
0 0.213
0 0.288
0 0.364
0 0.387
0 0.528
0 0.684
0 0.839
0 0.89
0 0.754
0 0.839
0 0.812
0 0.839
0 0.912
1 0.912
1 0.952
1 0.89
1 0.89
0 0.715
1 0.754
1 0.573
0 0.415
0 0.267
0 0.415
0 0.314
0 0.503
0 0.684
0 0.607
0 0.34
0 0.34
0 0.179
0 0.267
0 0.229
0 0.179
0 0.137
0 0.096
0 0.061
0 0.083
0 0.114
0 0.145
0 0.203
0 0.364
0 0.179
0 0.542
0 0.503
0 0.34
0 0.445
0 0.445
0 0.387
0 0.542
0 0.34
0 0.314
0 0.155
0 0.229
0 0.145
0 0.314
1 0.415
0 0.445
0 0.64
0 0.684
0 0.754
0 0.589
0 0.364
0 0.288
0 0.213
0 0.484
1 0.503
1 0.573
1 0.739
1 0.715
1 0.684
1 0.542
1 0.445
1 0.484
0 0.314
0 0.607
0 0.665
0 0.503
0 0.445
0 0.364
0 0.251
0 0.387
0 0.445
0 0.267
0 0.314
0 0.528
0 0.665
0 0.754
0 0.873
0 0.806
1 0.965
1 0.965
1 0.873
1 0.952
1 0.873
1 0.754
1 0.784
1 0.826
0 0.684
0 0.542
0 0.64
0 0.715
0 0.484
0 0.364
0 0.542
0 0.573
0 0.267
0 0.267
0 0.387
0 0.213
0 0.114
0 0.155
0 0.213
0 0.061
0 0.061
0 0.203
0 0.083
0 0.028
0 0.025
0 0
0 0.017
0 0.008
0 0.011
0 0.004
0 0.017
0 0.051
0 0.075
0 0.051
0 0.083
0 0.179
0 0.179
0 0.145
0 0.267
0 0.445
0 0.364
0 0.387
0 0.542
0 0.754
0 0.607
0 0.267
0 0.155
0 0.314
0 0.34
0 0.445
0 0.589
0 0.64
0 0.826
0 0.89
0 0.89
0 0.862
0 0.715
0 0.754
0 0.64
1 0.573
0 0.415
0 0.484
1 0.589
0 0.715
0 0.64
0 0.812
0 0.839
0 0.946
0 0.64
0 0.754
0 0.387
0 0.484
0 0.267
0 0.137
0 0.229
0 0.364
0 0.155
1 0.179
0 0.137
0 0.267
0 0.314
0 0.445
0 0.542
0 0.607
0 0.784
0 0.935
0 0.965
0 0.965
0 0.89
0 0.912
0 0.935
0 0.965
0 0.89
0 0.965
0 0.965
0 0.812
0 0.826
0 0.946
0 0.754
0 0.64
0 0.607
0 0.607
0 0.528
0 0.503
0 0.314
0 0.229
0 0.124
0 0.109
0 0.051
0 0.035
0 0.044
0 0.028
0 0.124
0 0.124
0 0.251
0 0.415
0 0.573
0 0.739
0 0.684
0 0.839
0 0.812
0 0.607
0 0.684
0 0.64
0 0.665
0 0.739
0 0.784
1 0.862
1 0.826
1 0.965
1 0.952
1 0.935
1 0.826
1 0.715
0 0.607
0 0.503
0 0.288
0 0.229
0 0.155
0 0.083
0 0.075
0 0.075
0 0.109
0 0.155
0 0.314
0 0.387
0 0.415
0 0.542
0 0.715
0 0.912
0 0.89
0 0.754
0 0.839
0 0.812
0 0.839
0 0.912
1 0.912
1 0.952
1 0.912
1 0.912
0 0.784
1 0.784
1 0.589
0 0.445
0 0.288
0 0.415
0 0.34
0 0.503
0 0.684
0 0.64
0 0.364
0 0.364
0 0.203
0 0.288
0 0.251
0 0.179
0 0.155
0 0.096
0 0.075
0 0.096
0 0.124
0 0.155
0 0.213
0 0.387
0 0.179
0 0.542
0 0.528
0 0.34
0 0.484
0 0.445
0 0.415
0 0.573
0 0.34
0 0.34
0 0.179
0 0.229
0 0.145
0 0.314
1 0.415
0 0.445
0 0.607
0 0.665
0 0.784
0 0.589
0 0.387
0 0.314
0 0.229
0 0.445
1 0.484
1 0.542
1 0.739
1 0.715
1 0.684
1 0.528
1 0.445
1 0.484
0 0.314
0 0.607
0 0.665
0 0.503
0 0.445
0 0.387
0 0.251
0 0.415
0 0.484
0 0.288
0 0.314
0 0.542
0 0.684
0 0.784
0 0.89
0 0.806
1 0.965
1 0.965
1 0.873
1 0.952
1 0.873
1 0.754
1 0.784
1 0.839
0 0.684
0 0.542
0 0.665
0 0.715
0 0.484
0 0.387
0 0.542
0 0.573
0 0.267
0 0.267
0 0.415
0 0.213
0 0.114
0 0.155
0 0.213
0 0.061
0 0.061
0 0.203
0 0.083
0 0.028
0 0.025
0 0
0 0.017
0 0.008
0 0.014
0 0.003
0 0.023
0 0.051
0 0.083
0 0.044
0 0.044
0 0.179
0 0.179
0 0.145
0 0.267
0 0.415
0 0.364
0 0.387
0 0.589
0 0.754
0 0.607
0 0.263
0 0.168
0 0.295
0 0.295
0 0.432
0 0.578
0 0.624
0 0.806
0 0.886
0 0.886
0 0.85
0 0.718
0 0.746
0 0.583
1 0.513
0 0.599
0 0.493
1 0.689
0 0.833
0 0.718
0 0.787
0 0.886
0 0.931
0 0.657
0 0.689
0 0.377
0 0.476
0 0.263
0 0.13
0 0.222
0 0.377
0 0.162
1 0.25
0 0.113
0 0.25
0 0.295
0 0.432
0 0.545
0 0.624
0 0.77
0 0.823
0 0.806
0 0.931
0 0.85
0 0.907
0 0.886
0 0.968
0 0.907
0 0.968
0 0.931
0 0.806
0 0.833
0 0.952
0 0.77
0 0.624
0 0.599
0 0.624
0 0.583
0 0.493
0 0.343
0 0.263
0 0.137
0 0.103
0 0.058
0 0.038
0 0.052
0 0.031
0 0.113
0 0.103
0 0.222
0 0.377
0 0.545
0 0.689
0 0.657
0 0.833
0 0.806
0 0.599
0 0.689
0 0.624
0 0.657
0 0.787
0 0.787
1 0.886
1 0.886
1 0.968
1 0.968
1 0.968
1 0.873
1 0.746
0 0.657
0 0.513
0 0.343
0 0.295
0 0.198
0 0.113
0 0.103
0 0.082
0 0.113
0 0.25
0 0.295
0 0.377
0 0.377
0 0.513
0 0.689
0 0.886
0 0.931
0 0.787
0 0.85
0 0.873
0 0.833
0 0.931
1 0.931
1 0.968
1 0.952
1 0.931
0 0.806
1 0.77
1 0.599
0 0.493
0 0.329
0 0.432
0 0.343
0 0.513
0 0.718
0 0.599
0 0.343
0 0.377
0 0.184
0 0.295
0 0.25
0 0.198
0 0.137
0 0.088
0 0.065
0 0.088
0 0.137
0 0.168
0 0.222
0 0.411
0 0.198
0 0.545
0 0.513
0 0.377
0 0.476
0 0.46
0 0.432
0 0.545
0 0.377
0 0.343
0 0.184
0 0.25
0 0.137
0 0.329
1 0.411
0 0.432
0 0.599
0 0.746
0 0.718
0 0.545
0 0.329
0 0.277
0 0.184
0 0.198
1 0.493
1 0.689
1 0.583
1 0.689
1 0.689
1 0.513
1 0.432
1 0.46
0 0.329
0 0.599
0 0.624
0 0.545
0 0.493
0 0.411
0 0.277
0 0.411
0 0.476
0 0.295
0 0.329
0 0.493
0 0.624
0 0.718
0 0.833
0 0.746
1 0.931
1 0.924
1 0.968
1 0.968
1 0.886
1 0.77
1 0.746
1 0.833
0 0.689
0 0.545
0 0.624
0 0.689
0 0.46
0 0.411
0 0.545
0 0.545
0 0.277
0 0.277
0 0.432
0 0.198
0 0.113
0 0.168
0 0.222
0 0.058
0 0.065
0 0.198
0 0.085
0 0.027
0 0.027
0 0.006
0 0.023
0 0.016
0 0.008
0 0.003
0 0.016
0 0.038
0 0.065
0 0.038
0 0.031
0 0.137
0 0.162
0 0.13
0 0.198
0 0.411
0 0.343
0 0.343
0 0.476
0 0.583
0 0.624
0 0.25
0 0.168
0 0.295
0 0.295
0 0.432
0 0.578
0 0.583
0 0.787
0 0.85
0 0.886
0 0.85
0 0.718
0 0.746
0 0.583
1 0.545
0 0.718
0 0.657
1 0.77
0 0.85
0 0.746
0 0.787
0 0.886
0 0.886
0 0.657
0 0.718
0 0.377
0 0.46
0 0.263
0 0.13
0 0.222
0 0.343
0 0.137
1 0.222
0 0.113
0 0.25
0 0.277
0 0.432
0 0.513
0 0.624
0 0.77
0 0.823
0 0.806
0 0.924
0 0.85
0 0.907
0 0.886
0 0.968
0 0.907
0 0.968
0 0.931
0 0.806
0 0.833
0 0.952
0 0.77
0 0.624
0 0.599
0 0.624
0 0.583
0 0.493
0 0.343
0 0.263
0 0.137
0 0.103
0 0.058
0 0.031
0 0.038
0 0.023
0 0.113
0 0.088
0 0.222
0 0.377
0 0.545
0 0.689
0 0.657
0 0.85
0 0.806
0 0.599
0 0.689
0 0.624
0 0.657
0 0.787
0 0.787
1 0.907
1 0.873
1 0.968
1 0.968
1 0.968
1 0.873
1 0.746
0 0.657
0 0.513
0 0.329
0 0.277
0 0.184
0 0.103
0 0.088
0 0.065
0 0.113
0 0.222
0 0.295
0 0.377
0 0.343
0 0.513
0 0.689
0 0.907
0 0.907
0 0.787
0 0.85
0 0.85
0 0.833
0 0.931
1 0.931
1 0.968
1 0.952
1 0.952
0 0.806
1 0.77
1 0.599
0 0.476
0 0.295
0 0.432
0 0.377
0 0.513
0 0.718
0 0.599
0 0.343
0 0.343
0 0.184
0 0.295
0 0.25
0 0.198
0 0.137
0 0.088
0 0.065
0 0.088
0 0.137
0 0.168
0 0.222
0 0.411
0 0.198
0 0.578
0 0.513
0 0.377
0 0.476
0 0.46
0 0.432
0 0.545
0 0.377
0 0.329
0 0.184
0 0.222
0 0.137
0 0.295
1 0.377
0 0.411
0 0.583
0 0.77
0 0.718
0 0.545
0 0.343
0 0.277
0 0.184
0 0.198
1 0.513
1 0.718
1 0.583
1 0.657
1 0.657
1 0.493
1 0.432
1 0.46
0 0.295
0 0.599
0 0.624
0 0.545
0 0.493
0 0.432
0 0.277
0 0.411
0 0.476
0 0.295
0 0.329
0 0.493
0 0.624
0 0.718
0 0.833
0 0.746
1 0.931
1 0.907
1 0.968
1 0.968
1 0.873
1 0.746
1 0.746
1 0.823
0 0.657
0 0.513
0 0.657
0 0.746
0 0.46
0 0.377
0 0.545
0 0.545
0 0.263
0 0.277
0 0.432
0 0.222
0 0.113
0 0.168
0 0.222
0 0.058
0 0.065
0 0.198
0 0.088
0 0.038
0 0.031
0 0.003
0 0.023
0 0.006
0 0.008
0 0.001
0 0.016
0 0.038
0 0.065
0 0.038
0 0.065
0 0.137
0 0.168
0 0.137
0 0.222
0 0.432
0 0.343
0 0.343
0 0.493
0 0.657
0 0.689
0 0.198
0 0.168
0 0.295
0 0.295
0 0.411
0 0.545
0 0.599
0 0.787
0 0.85
0 0.886
0 0.85
0 0.689
0 0.718
0 0.583
1 0.493
0 0.624
0 0.513
1 0.718
0 0.833
0 0.746
0 0.787
0 0.873
0 0.886
0 0.657
0 0.718
0 0.377
0 0.46
0 0.263
0 0.13
0 0.198
0 0.343
0 0.137
1 0.263
0 0.13
0 0.263
0 0.295
0 0.432
0 0.513
0 0.657
0 0.77
0 0.823
0 0.823
0 0.931
0 0.85
0 0.924
0 0.886
0 0.968
0 0.924
0 0.968
0 0.952
0 0.823
0 0.85
0 0.952
0 0.77
0 0.657
0 0.624
0 0.624
0 0.599
0 0.513
0 0.377
0 0.277
0 0.162
0 0.113
0 0.065
0 0.038
0 0.052
0 0.021
0 0.103
0 0.088
0 0.222
0 0.377
0 0.513
0 0.718
0 0.657
0 0.85
0 0.806
0 0.599
0 0.689
0 0.624
0 0.657
0 0.787
0 0.806
1 0.907
1 0.907
1 0.968
1 0.968
1 0.952
1 0.85
1 0.746
0 0.657
0 0.513
0 0.343
0 0.295
0 0.198
0 0.103
0 0.088
0 0.082
0 0.113
0 0.168
0 0.329
0 0.377
0 0.377
0 0.513
0 0.689
0 0.907
0 0.931
0 0.787
0 0.873
0 0.873
0 0.833
0 0.931
1 0.952
1 0.968
1 0.952
1 0.952
0 0.787
1 0.806
1 0.624
0 0.493
0 0.329
0 0.46
0 0.377
0 0.513
0 0.718
0 0.624
0 0.343
0 0.343
0 0.184
0 0.295
0 0.25
0 0.198
0 0.137
0 0.085
0 0.065
0 0.088
0 0.137
0 0.168
0 0.222
0 0.411
0 0.222
0 0.545
0 0.513
0 0.377
0 0.476
0 0.46
0 0.432
0 0.513
0 0.377
0 0.343
0 0.184
0 0.222
0 0.137
0 0.295
1 0.343
0 0.432
0 0.583
0 0.746
0 0.718
0 0.545
0 0.343
0 0.277
0 0.222
0 0.184
1 0.545
1 0.746
1 0.599
1 0.689
1 0.657
1 0.513
1 0.432
1 0.46
0 0.295
0 0.599
0 0.599
0 0.545
0 0.476
0 0.411
0 0.263
0 0.432
0 0.476
0 0.295
0 0.295
0 0.493
0 0.624
0 0.718
0 0.823
0 0.718
1 0.924
1 0.907
1 0.968
1 0.968
1 0.873
1 0.77
1 0.746
1 0.833
0 0.689
0 0.545
0 0.657
0 0.689
0 0.476
0 0.411
0 0.545
0 0.578
0 0.277
0 0.277
0 0.411
0 0.198
0 0.113
0 0.168
0 0.222
0 0.058
0 0.065
0 0.198
0 0.088
0 0.038
0 0.038
0 0.008
0 0.027
0 0.013
0 0.013
0 0
0 0.016
0 0.052
0 0.065
0 0.031
0 0.052
0 0.137
0 0.162
0 0.137
0 0.222
0 0.411
0 0.343
0 0.343
0 0.476
0 0.624
0 0.657
