0.294
0.169
0.323
0.376
0.462
0.609
0.647
0.832
0.89
0.924
0.89
0.76
0.792
0.609
0.579
0.422
0.513
0.647
0.729
0.677
0.855
0.951
0.966
0.729
0.76
0.405
0.513
0.323
0.157
0.263
0.405
0.169
0.246
0.123
0.246
0.263
0.422
0.535
0.609
0.778
0.815
0.792
0.924
0.843
0.907
0.89
0.966
0.951
0.966
0.966
0.815
0.855
0.966
0.76
0.647
0.609
0.647
0.592
0.542
0.376
0.263
0.144
0.109
0.056
0.031
0.042
0.031
0.114
0.114
0.23
0.376
0.542
0.703
0.677
0.855
0.832
0.677
0.729
0.609
0.647
0.778
0.778
0.843
0.877
0.966
0.966
0.877
0.815
0.592
0.677
0.482
0.294
0.263
0.169
0.109
0.079
0.056
0.109
0.216
0.294
0.376
0.376
0.535
0.647
0.924
0.924
0.792
0.855
0.843
0.855
0.907
0.907
0.966
0.924
0.907
0.729
0.778
0.592
0.462
0.294
0.422
0.376
0.513
0.703
0.609
0.349
0.349
0.169
0.294
0.23
0.169
0.137
0.092
0.056
0.092
0.137
0.157
0.21
0.376
0.169
0.513
0.513
0.349
0.462
0.462
0.422
0.542
0.349
0.323
0.169
0.23
0.144
0.323
0.422
0.482
0.647
0.703
0.76
0.579
0.349
0.263
0.169
0.323
0.513
0.542
0.703
0.729
0.677
0.513
0.422
0.462
0.294
0.592
0.609
0.542
0.482
0.376
0.246
0.405
0.462
0.263
0.294
0.513
0.647
0.703
0.832
0.703
0.924
0.924
0.966
0.966
0.877
0.792
0.76
0.843
0.703
0.542
0.703
0.729
0.482
0.405
0.542
0.579
0.263
0.263
0.422
0.216
0.123
0.157
0.216
0.075
0.068
0.169
0.079
0.031
0.025
0
0.02
0.008
0.011
0.001
0.023
0.056
0.079
0.049
0.079
0.169
0.169
0.144
0.263
0.462
0.376
0.376
0.592
0.703
0.729
0.294
0.169
0.323
0.376
0.462
0.609
0.647
0.832
0.89
0.907
0.877
0.729
0.792
0.609
0.542
0.376
0.482
0.609
0.729
0.677
0.855
0.951
0.951
0.729
0.76
0.422
0.513
0.294
0.144
0.246
0.405
0.157
0.169
0.137
0.246
0.294
0.422
0.535
0.609
0.792
0.815
0.792
0.907
0.832
0.89
0.89
0.966
0.907
0.966
0.951
0.792
0.855
0.951
0.76
0.609
0.592
0.592
0.482
0.462
0.294
0.23
0.123
0.079
0.049
0.031
0.042
0.031
0.123
0.123
0.246
0.376
0.542
0.647
0.677
0.843
0.815
0.647
0.703
0.609
0.609
0.792
0.76
0.89
0.89
0.966
0.966
0.89
0.815
0.609
0.647
0.482
0.294
0.246
0.169
0.092
0.079
0.056
0.109
0.216
0.294
0.349
0.376
0.542
0.609
0.924
0.924
0.778
0.855
0.832
0.843
0.924
0.924
0.966
0.907
0.877
0.729
0.729
0.579
0.422
0.263
0.405
0.349
0.482
0.677
0.609
0.323
0.349
0.169
0.263
0.23
0.169
0.137
0.092
0.056
0.092
0.123
0.144
0.21
0.349
0.169
0.542
0.482
0.323
0.462
0.422
0.422
0.542
0.349
0.349
0.169
0.23
0.144
0.323
0.422
0.482
0.677
0.815
0.76
0.542
0.323
0.294
0.216
0.462
0.422
0.592
0.729
0.703
0.647
0.513
0.422
0.462
0.294
0.592
0.609
0.542
0.482
0.376
0.246
0.405
0.482
0.294
0.294
0.542
0.729
0.729
0.855
0.76
0.951
0.951
0.966
0.966
0.877
0.792
0.778
0.843
0.703
0.579
0.703
0.729
0.482
0.405
0.542
0.579
0.263
0.263
0.422
0.216
0.114
0.157
0.216
0.068
0.068
0.21
0.079
0.031
0.03
0.004
0.023
0.008
0.011
0.001
0.017
0.049
0.079
0.042
0.042
0.169
0.169
0.144
0.246
0.422
0.376
0.376
0.579
0.677
0.703
0.294
0.169
0.323
0.376
0.482
0.609
0.647
0.832
0.924
0.907
0.877
0.729
0.815
0.609
0.542
0.376
0.422
0.592
0.729
0.609
0.815
0.855
0.951
0.677
0.729
0.422
0.535
0.323
0.157
0.246
0.422
0.169
0.263
0.123
0.23
0.294
0.422
0.535
0.609
0.792
0.792
0.778
0.907
0.832
0.89
0.877
0.966
0.924
0.966
0.951
0.815
0.855
0.951
0.76
0.647
0.592
0.609
0.513
0.513
0.323
0.23
0.123
0.092
0.049
0.031
0.042
0.025
0.114
0.114
0.23
0.376
0.542
0.647
0.677
0.855
0.815
0.647
0.677
0.609
0.647
0.778
0.778
0.89
0.855
0.966
0.966
0.89
0.792
0.703
0.592
0.482
0.263
0.246
0.169
0.092
0.092
0.068
0.092
0.216
0.263
0.349
0.349
0.542
0.609
0.924
0.924
0.792
0.855
0.855
0.855
0.907
0.924
0.966
0.924
0.907
0.778
0.76
0.579
0.405
0.263
0.405
0.349
0.513
0.677
0.609
0.349
0.349
0.169
0.294
0.23
0.169
0.123
0.092
0.075
0.092
0.123
0.144
0.169
0.349
0.157
0.542
0.513
0.349
0.462
0.422
0.422
0.542
0.349
0.323
0.169
0.23
0.144
0.323
0.422
0.482
0.647
0.792
0.729
0.542
0.323
0.263
0.21
0.323
0.482
0.513
0.677
0.677
0.677
0.482
0.462
0.482
0.323
0.609
0.647
0.542
0.482
0.422
0.263
0.422
0.482
0.263
0.294
0.513
0.729
0.703
0.815
0.677
0.924
0.924
0.966
0.966
0.877
0.792
0.76
0.843
0.729
0.542
0.703
0.703
0.482
0.405
0.542
0.579
0.263
0.263
0.422
0.216
0.114
0.157
0.216
0.068
0.056
0.169
0.079
0.031
0.025
0.004
0.02
0.007
0.011
0.011
0.017
0.049
0.092
0.056
0.075
0.157
0.169
0.137
0.246
0.422
0.376
0.405
0.542
0.677
0.647
0.267
0.179
0.314
0.34
0.445
0.607
0.64
0.812
0.89
0.89
0.862
0.715
0.784
0.64
0.573
0.415
0.445
0.589
0.715
0.607
0.812
0.839
0.946
0.715
0.754
0.415
0.503
0.288
0.145
0.229
0.387
0.155
0.179
0.137
0.251
0.288
0.445
0.542
0.607
0.784
0.935
0.965
0.965
0.89
0.912
0.935
0.965
0.89
0.965
0.965
0.826
0.839
0.946
0.754
0.64
0.607
0.607
0.503
0.503
0.34
0.251
0.124
0.109
0.051
0.035
0.044
0.035
0.124
0.114
0.229
0.387
0.542
0.684
0.684
0.862
0.806
0.607
0.684
0.64
0.665
0.739
0.784
0.873
0.862
0.965
0.965
0.935
0.826
0.715
0.684
0.503
0.288
0.251
0.155
0.096
0.083
0.069
0.109
0.213
0.288
0.364
0.387
0.528
0.684
0.839
0.89
0.754
0.839
0.812
0.839
0.912
0.912
0.952
0.912
0.912
0.739
0.784
0.589
0.445
0.288
0.415
0.34
0.503
0.684
0.64
0.364
0.364
0.203
0.288
0.229
0.179
0.137
0.096
0.061
0.096
0.124
0.155
0.213
0.387
0.203
0.542
0.528
0.34
0.445
0.445
0.415
0.542
0.34
0.34
0.179
0.229
0.145
0.314
0.415
0.445
0.607
0.684
0.754
0.589
0.364
0.288
0.229
0.445
0.503
0.573
0.739
0.715
0.684
0.542
0.415
0.445
0.288
0.589
0.665
0.503
0.445
0.364
0.251
0.387
0.484
0.267
0.314
0.528
0.665
0.754
0.873
0.784
0.952
0.965
0.862
0.952
0.873
0.754
0.784
0.839
0.684
0.542
0.665
0.715
0.484
0.387
0.542
0.573
0.267
0.288
0.415
0.213
0.114
0.179
0.213
0.069
0.069
0.203
0.096
0.035
0.028
0.007
0.024
0.011
0.014
0.004
0.017
0.051
0.083
0.044
0.075
0.155
0.155
0.137
0.229
0.415
0.34
0.364
0.542
0.739
0.607
0.288
0.179
0.314
0.34
0.445
0.607
0.64
0.812
0.89
0.873
0.862
0.715
0.784
0.64
0.573
0.445
0.484
0.589
0.739
0.64
0.839
0.873
0.965
0.754
0.739
0.445
0.528
0.314
0.155
0.251
0.387
0.155
0.251
0.124
0.251
0.288
0.415
0.528
0.607
0.754
0.912
0.965
0.965
0.873
0.912
0.912
0.965
0.89
0.965
0.952
0.812
0.826
0.935
0.754
0.64
0.589
0.589
0.503
0.503
0.314
0.229
0.124
0.096
0.051
0.028
0.042
0.035
0.114
0.114
0.229
0.387
0.542
0.684
0.665
0.862
0.806
0.607
0.684
0.607
0.665
0.739
0.784
0.873
0.839
0.965
0.965
0.935
0.826
0.715
0.665
0.503
0.288
0.229
0.155
0.083
0.075
0.069
0.096
0.213
0.288
0.364
0.387
0.528
0.684
0.839
0.89
0.754
0.839
0.812
0.839
0.912
0.912
0.952
0.89
0.89
0.715
0.754
0.573
0.415
0.267
0.415
0.314
0.503
0.684
0.607
0.34
0.34
0.179
0.267
0.229
0.179
0.137
0.096
0.061
0.083
0.114
0.145
0.203
0.364
0.179
0.542
0.503
0.34
0.445
0.445
0.387
0.542
0.34
0.314
0.155
0.229
0.145
0.314
0.415
0.445
0.64
0.684
0.754
0.589
0.364
0.288
0.213
0.484
0.503
0.573
0.739
0.715
0.684
0.542
0.445
0.484
0.314
0.607
0.665
0.503
0.445
0.364
0.251
0.387
0.445
0.267
0.314
0.528
0.665
0.754
0.873
0.806
0.965
0.965
0.873
0.952
0.873
0.754
0.784
0.826
0.684
0.542
0.64
0.715
0.484
0.364
0.542
0.573
0.267
0.267
0.387
0.213
0.114
0.155
0.213
0.061
0.061
0.203
0.083
0.028
0.025
0
0.017
0.008
0.011
0.004
0.017
0.051
0.075
0.051
0.083
0.179
0.179
0.145
0.267
0.445
0.364
0.387
0.542
0.754
0.607
0.267
0.155
0.314
0.34
0.445
0.589
0.64
0.826
0.89
0.89
0.862
0.715
0.754
0.64
0.573
0.415
0.484
0.589
0.715
0.64
0.812
0.839
0.946
0.64
0.754
0.387
0.484
0.267
0.137
0.229
0.364
0.155
0.179
0.137
0.267
0.314
0.445
0.542
0.607
0.784
0.935
0.965
0.965
0.89
0.912
0.935
0.965
0.89
0.965
0.965
0.812
0.826
0.946
0.754
0.64
0.607
0.607
0.528
0.503
0.314
0.229
0.124
0.109
0.051
0.035
0.044
0.028
0.124
0.124
0.251
0.415
0.573
0.739
0.684
0.839
0.812
0.607
0.684
0.64
0.665
0.739
0.784
0.862
0.826
0.965
0.952
0.935
0.826
0.715
0.607
0.503
0.288
0.229
0.155
0.083
0.075
0.075
0.109
0.155
0.314
0.387
0.415
0.542
0.715
0.912
0.89
0.754
0.839
0.812
0.839
0.912
0.912
0.952
0.912
0.912
0.784
0.784
0.589
0.445
0.288
0.415
0.34
0.503
0.684
0.64
0.364
0.364
0.203
0.288
0.251
0.179
0.155
0.096
0.075
0.096
0.124
0.155
0.213
0.387
0.179
0.542
0.528
0.34
0.484
0.445
0.415
0.573
0.34
0.34
0.179
0.229
0.145
0.314
0.415
0.445
0.607
0.665
0.784
0.589
0.387
0.314
0.229
0.445
0.484
0.542
0.739
0.715
0.684
0.528
0.445
0.484
0.314
0.607
0.665
0.503
0.445
0.387
0.251
0.415
0.484
0.288
0.314
0.542
0.684
0.784
0.89
0.806
0.965
0.965
0.873
0.952
0.873
0.754
0.784
0.839
0.684
0.542
0.665
0.715
0.484
0.387
0.542
0.573
0.267
0.267
0.415
0.213
0.114
0.155
0.213
0.061
0.061
0.203
0.083
0.028
0.025
0
0.017
0.008
0.014
0.003
0.023
0.051
0.083
0.044
0.044
0.179
0.179
0.145
0.267
0.415
0.364
0.387
0.589
0.754
0.607
0.263
0.168
0.295
0.295
0.432
0.578
0.624
0.806
0.886
0.886
0.85
0.718
0.746
0.583
0.513
0.599
0.493
0.689
0.833
0.718
0.787
0.886
0.931
0.657
0.689
0.377
0.476
0.263
0.13
0.222
0.377
0.162
0.25
0.113
0.25
0.295
0.432
0.545
0.624
0.77
0.823
0.806
0.931
0.85
0.907
0.886
0.968
0.907
0.968
0.931
0.806
0.833
0.952
0.77
0.624
0.599
0.624
0.583
0.493
0.343
0.263
0.137
0.103
0.058
0.038
0.052
0.031
0.113
0.103
0.222
0.377
0.545
0.689
0.657
0.833
0.806
0.599
0.689
0.624
0.657
0.787
0.787
0.886
0.886
0.968
0.968
0.968
0.873
0.746
0.657
0.513
0.343
0.295
0.198
0.113
0.103
0.082
0.113
0.25
0.295
0.377
0.377
0.513
0.689
0.886
0.931
0.787
0.85
0.873
0.833
0.931
0.931
0.968
0.952
0.931
0.806
0.77
0.599
0.493
0.329
0.432
0.343
0.513
0.718
0.599
0.343
0.377
0.184
0.295
0.25
0.198
0.137
0.088
0.065
0.088
0.137
0.168
0.222
0.411
0.198
0.545
0.513
0.377
0.476
0.46
0.432
0.545
0.377
0.343
0.184
0.25
0.137
0.329
0.411
0.432
0.599
0.746
0.718
0.545
0.329
0.277
0.184
0.198
0.493
0.689
0.583
0.689
0.689
0.513
0.432
0.46
0.329
0.599
0.624
0.545
0.493
0.411
0.277
0.411
0.476
0.295
0.329
0.493
0.624
0.718
0.833
0.746
0.931
0.924
0.968
0.968
0.886
0.77
0.746
0.833
0.689
0.545
0.624
0.689
0.46
0.411
0.545
0.545
0.277
0.277
0.432
0.198
0.113
0.168
0.222
0.058
0.065
0.198
0.085
0.027
0.027
0.006
0.023
0.016
0.008
0.003
0.016
0.038
0.065
0.038
0.031
0.137
0.162
0.13
0.198
0.411
0.343
0.343
0.476
0.583
0.624
0.25
0.168
0.295
0.295
0.432
0.578
0.583
0.787
0.85
0.886
0.85
0.718
0.746
0.583
0.545
0.718
0.657
0.77
0.85
0.746
0.787
0.886
0.886
0.657
0.718
0.377
0.46
0.263
0.13
0.222
0.343
0.137
0.222
0.113
0.25
0.277
0.432
0.513
0.624
0.77
0.823
0.806
0.924
0.85
0.907
0.886
0.968
0.907
0.968
0.931
0.806
0.833
0.952
0.77
0.624
0.599
0.624
0.583
0.493
0.343
0.263
0.137
0.103
0.058
0.031
0.038
0.023
0.113
0.088
0.222
0.377
0.545
0.689
0.657
0.85
0.806
0.599
0.689
0.624
0.657
0.787
0.787
0.907
0.873
0.968
0.968
0.968
0.873
0.746
0.657
0.513
0.329
0.277
0.184
0.103
0.088
0.065
0.113
0.222
0.295
0.377
0.343
0.513
0.689
0.907
0.907
0.787
0.85
0.85
0.833
0.931
0.931
0.968
0.952
0.952
0.806
0.77
0.599
0.476
0.295
0.432
0.377
0.513
0.718
0.599
0.343
0.343
0.184
0.295
0.25
0.198
0.137
0.088
0.065
0.088
0.137
0.168
0.222
0.411
0.198
0.578
0.513
0.377
0.476
0.46
0.432
0.545
0.377
0.329
0.184
0.222
0.137
0.295
0.377
0.411
0.583
0.77
0.718
0.545
0.343
0.277
0.184
0.198
0.513
0.718
0.583
0.657
0.657
0.493
0.432
0.46
0.295
0.599
0.624
0.545
0.493
0.432
0.277
0.411
0.476
0.295
0.329
0.493
0.624
0.718
0.833
0.746
0.931
0.907
0.968
0.968
0.873
0.746
0.746
0.823
0.657
0.513
0.657
0.746
0.46
0.377
0.545
0.545
0.263
0.277
0.432
0.222
0.113
0.168
0.222
0.058
0.065
0.198
0.088
0.038
0.031
0.003
0.023
0.006
0.008
0.001
0.016
0.038
0.065
0.038
0.065
0.137
0.168
0.137
0.222
0.432
0.343
0.343
0.493
0.657
0.689
0.198
0.168
0.295
0.295
0.411
0.545
0.599
0.787
0.85
0.886
0.85
0.689
0.718
0.583
0.493
0.624
0.513
0.718
0.833
0.746
0.787
0.873
0.886
0.657
0.718
0.377
0.46
0.263
0.13
0.198
0.343
0.137
0.263
0.13
0.263
0.295
0.432
0.513
0.657
0.77
0.823
0.823
0.931
0.85
0.924
0.886
0.968
0.924
0.968
0.952
0.823
0.85
0.952
0.77
0.657
0.624
0.624
0.599
0.513
0.377
0.277
0.162
0.113
0.065
0.038
0.052
0.021
0.103
0.088
0.222
0.377
0.513
0.718
0.657
0.85
0.806
0.599
0.689
0.624
0.657
0.787
0.806
0.907
0.907
0.968
0.968
0.952
0.85
0.746
0.657
0.513
0.343
0.295
0.198
0.103
0.088
0.082
0.113
0.168
0.329
0.377
0.377
0.513
0.689
0.907
0.931
0.787
0.873
0.873
0.833
0.931
0.952
0.968
0.952
0.952
0.787
0.806
0.624
0.493
0.329
0.46
0.377
0.513
0.718
0.624
0.343
0.343
0.184
0.295
0.25
0.198
0.137
0.085
0.065
0.088
0.137
0.168
0.222
0.411
0.222
0.545
0.513
0.377
0.476
0.46
0.432
0.513
0.377
0.343
0.184
0.222
0.137
0.295
0.343
0.432
0.583
0.746
0.718
0.545
0.343
0.277
0.222
0.184
0.545
0.746
0.599
0.689
0.657
0.513
0.432
0.46
0.295
0.599
0.599
0.545
0.476
0.411
0.263
0.432
0.476
0.295
0.295
0.493
0.624
0.718
0.823
0.718
0.924
0.907
0.968
0.968
0.873
0.77
0.746
0.833
0.689
0.545
0.657
0.689
0.476
0.411
0.545
0.578
0.277
0.277
0.411
0.198
0.113
0.168
0.222
0.058
0.065
0.198
0.088
0.038
0.038
0.008
0.027
0.013
0.013
0
0.016
0.052
0.065
0.031
0.052
0.137
0.162
0.137
0.222
0.411
0.343
0.343
0.476
0.624
0.657
