0.06530953254269063 1.0 0.0
0.07358744602813501 0.9890795631825273 0.001
0.07368151918741138 0.9890795631825273 0.002
0.07369915293679605 0.9881435257410296 0.003
0.07377469250838614 0.9881435257410296 0.004
0.07379936090313251 0.987207488299532 0.005
0.07372056661454808 0.9856474258970359 0.006
0.07368470236426503 0.9840873634945397 0.007
0.07364803254541628 0.982839313572543 0.008
0.07372905158693006 0.982839313572543 0.009
0.0736694021101993 0.9803432137285492 0.01
0.07369582570315068 0.9794071762870514 0.011
0.07369806354577928 0.9784711388455538 0.012
0.07373347758596359 0.9781591263650546 0.013
0.07365966267784792 0.9756630265210608 0.014
0.07366634449918673 0.9750390015600624 0.015
0.07374283219671048 0.9750390015600624 0.016
0.07377668618930663 0.9747269890795632 0.017
0.07388137356919876 0.9747269890795632 0.018
0.07392415850021304 0.974414976599064 0.019
0.07390902410695238 0.9728549141965679 0.02
0.07386767844439175 0.9719188767550702 0.021
0.07395536562203228 0.9719188767550702 0.022
0.07395880354470077 0.9712948517940717 0.023
0.07400713436385256 0.9709828393135725 0.024
0.07405292213972968 0.9709828393135725 0.025
0.07411114288437709 0.9703588143525741 0.026
0.074104992009922 0.9694227769110765 0.027
0.07421389658797668 0.9691107644305772 0.028
0.07423612107301679 0.968798751950078 0.029
0.07431704455670744 0.9684867394695788 0.03
0.07438571257341484 0.9681747269890796 0.031
0.07443412304073355 0.9675507020280811 0.032
0.07446118359403157 0.9669266770670827 0.033
0.07455000481278275 0.9666146645865835 0.034
0.0746488036432857 0.9666146645865835 0.035
0.07471181208701104 0.9666146645865835 0.036
0.0747803417978179 0.9666146645865835 0.037
0.07490147723701071 0.9666146645865835 0.038
0.07497942785226777 0.9666146645865835 0.039
0.07502845656438449 0.9666146645865835 0.04
0.07509028770875245 0.9666146645865835 0.041
0.07520877840357351 0.9666146645865835 0.042
0.07525079550146956 0.9666146645865835 0.043
0.07540281361047559 0.9666146645865835 0.044
0.07546526356815746 0.9666146645865835 0.045
0.07550940820902798 0.9666146645865835 0.046
0.07558678573171326 0.9666146645865835 0.047
0.07564399951165914 0.9666146645865835 0.048
0.07576795147720602 0.9666146645865835 0.049
0.07582543994909073 0.9666146645865835 0.05
0.07597792765174739 0.9666146645865835 0.051
0.07602267429020147 0.9666146645865835 0.052
0.07608802436388644 0.9666146645865835 0.053
0.07620031483667847 0.9666146645865835 0.054
0.0762659708032791 0.9666146645865835 0.055
0.076343026121242 0.9666146645865835 0.056
0.07646173211244663 0.9666146645865835 0.057
0.07647857760217311 0.9663026521060842 0.058
0.07658637914832583 0.9663026521060842 0.059
0.07661290322580645 0.9663026521060842 0.06
0.0767248854205376 0.9663026521060842 0.061
0.0768143261074458 0.9663026521060842 0.062
0.07688679245283019 0.9663026521060842 0.063
0.07695557101679754 0.9663026521060842 0.064
0.07708198516601125 0.9663026521060842 0.065
0.07714342649329946 0.9663026521060842 0.066
0.07725503891438834 0.9663026521060842 0.067
0.07728781412991939 0.9663026521060842 0.068
0.07737857285628623 0.9663026521060842 0.069
0.07742306442338942 0.9663026521060842 0.07
0.07760154351148864 0.9663026521060842 0.071
0.07763655962497806 0.9663026521060842 0.072
0.07767745171808377 0.9663026521060842 0.073
0.07768914308649408 0.9663026521060842 0.074
0.07798257541421161 0.9663026521060842 0.075
0.07807891087860834 0.9663026521060842 0.076
0.07814195241339288 0.9663026521060842 0.077
0.07825054323108797 0.9663026521060842 0.078
0.07827427589344386 0.9663026521060842 0.079
0.07834357845741317 0.9663026521060842 0.08
0.07839315547005518 0.9663026521060842 0.081
0.07853628848202059 0.9663026521060842 0.082
0.07865653819770839 0.9659906396255851 0.083
0.07867852604828462 0.9659906396255851 0.084
0.07874716942727018 0.9656786271450858 0.085
0.07877923995214701 0.9656786271450858 0.086
0.07895005356869547 0.9656786271450858 0.087
0.07898228959322207 0.9656786271450858 0.088
0.07912565511951937 0.9656786271450858 0.089
0.07925533276996748 0.9656786271450858 0.09
0.07930610362322554 0.9656786271450858 0.091
0.07935083581171162 0.9656786271450858 0.092
0.07937485564708599 0.9650546021840873 0.093
0.07943564967105263 0.9644305772230889 0.094
0.07951534484089214 0.9644305772230889 0.095
0.07969575866958876 0.9644305772230889 0.096
0.07976568346623313 0.9644305772230889 0.097
0.07981305515389382 0.9644305772230889 0.098
0.07980262478040714 0.9638065522620904 0.099
0.07986865239424966 0.9638065522620904 0.1
0.07993478935927958 0.9638065522620904 0.101
0.08003732310403815 0.9634945397815913 0.102
0.08013394595436492 0.963182527301092 0.103
0.08022974764144813 0.963182527301092 0.105
0.08031950876827809 0.963182527301092 0.106
0.08041156551185205 0.963182527301092 0.107
0.0804849432929214 0.963182527301092 0.108
0.08066708490171476 0.9628705148205928 0.109
0.0807515176889261 0.9628705148205928 0.11
0.0807562387074812 0.9622464898595944 0.111
0.08083667531650547 0.9622464898595944 0.112
0.08091150140453125 0.9616224648985959 0.113
0.08096038667647368 0.9616224648985959 0.114
0.0810625986322988 0.9616224648985959 0.115
0.08123780905688228 0.9616224648985959 0.116
0.08130638948979053 0.9616224648985959 0.117
0.08127721335268505 0.9609984399375975 0.119
0.08136982678831152 0.9600624024960999 0.12
0.08150777462848666 0.9600624024960999 0.121
0.08163319449234606 0.9600624024960999 0.122
0.08164348656969954 0.9597503900156006 0.123
0.08170637766621511 0.9597503900156006 0.124
0.08183414945710028 0.9594383775351014 0.125
0.08199477026522227 0.958814352574103 0.126
0.08204909056916215 0.9585023400936038 0.127
0.0821917808219178 0.9585023400936038 0.128
0.082169048766126 0.9578783151326054 0.129
0.08222186512400236 0.9578783151326054 0.13
0.08235199442045119 0.9578783151326054 0.131
0.08241831995489812 0.9578783151326054 0.132
0.08247367289920482 0.9578783151326054 0.133
0.0825734957906345 0.9578783151326054 0.134
0.08258411843876177 0.9572542901716069 0.135
0.08277127286461987 0.9572542901716069 0.136
0.08279137544863319 0.9572542901716069 0.137
0.0828851714725833 0.9569422776911076 0.139
0.08297238765565783 0.9563182527301092 0.14
0.08311639006399826 0.9563182527301092 0.141
0.0832134227459072 0.9563182527301092 0.142
0.08324732467814656 0.9563182527301092 0.143
0.08342409061206708 0.95600624024961 0.144
0.08348773841961853 0.95600624024961 0.145
0.08354706684856752 0.9553822152886116 0.146
0.08367514356029532 0.9547581903276131 0.147
0.08375530313398111 0.9547581903276131 0.148
0.08378970427163199 0.9547581903276131 0.149
0.08386318789739092 0.9547581903276131 0.15
0.08404284537215051 0.9547581903276131 0.151
0.08411677387431965 0.9547581903276131 0.153
0.08416304527201716 0.9547581903276131 0.154
0.08427724955215654 0.9541341653666147 0.155
0.084377587634557 0.9538221528861155 0.156
0.0845105465402372 0.9538221528861155 0.157
0.08456829450707737 0.9525741029641186 0.159
0.08468323532675025 0.9525741029641186 0.16
0.08483669214732453 0.9522620904836193 0.161
0.08484106218337695 0.9510140405616224 0.162
0.08486941025783817 0.9510140405616224 0.163
0.08490960247374432 0.9510140405616224 0.164
0.08512958148117085 0.9500780031201248 0.165
0.08527500840147866 0.9500780031201248 0.166
0.08534192825112108 0.9500780031201248 0.167
0.0853306422224091 0.9497659906396256 0.168
0.08542882801975753 0.9497659906396256 0.169
0.08557608481678337 0.9494539781591264 0.17
0.08565798733286419 0.9494539781591264 0.171
0.08578922135424011 0.9491419656786272 0.172
0.08583048549721807 0.9482059282371295 0.173
0.08584516202001923 0.9472698907956318 0.174
0.08593263515425983 0.9472698907956318 0.175
0.08608614285309213 0.9472698907956318 0.176
0.08620836527813272 0.9472698907956318 0.177
0.08624754978551746 0.9472698907956318 0.179
0.0863133339023072 0.9466458658346334 0.18
0.08644686555244994 0.9457098283931358 0.181
0.0865244581512893 0.9453978159126365 0.182
0.08658874632069272 0.9453978159126365 0.183
0.08667295975285334 0.9453978159126365 0.184
0.08678585754398029 0.9450858034321373 0.185
0.08675589693617265 0.9444617784711389 0.186
0.0867992766726944 0.9435257410296412 0.187
0.08699781282375964 0.943213728549142 0.188
0.08710560437977237 0.943213728549142 0.189
0.08718348041760397 0.943213728549142 0.19
0.08728669188346375 0.943213728549142 0.191
0.08748625340047463 0.943213728549142 0.192
0.08752063482869472 0.9429017160686427 0.193
0.08749129728475284 0.9410296411856475 0.194
0.08764280108136391 0.9407176287051482 0.198
0.08784000466458704 0.9400936037441497 0.199
0.08787392382898 0.9394695787831513 0.2
0.08788321167883212 0.9391575663026521 0.201
0.0880271392641984 0.9391575663026521 0.202
0.08810779144698301 0.9385335413416537 0.203
0.08819387395845558 0.9379095163806552 0.204
0.08827416086688397 0.9379095163806552 0.205
0.08833828679045405 0.9366614664586583 0.207
0.0884476002474883 0.9366614664586583 0.208
0.08854596955033636 0.9363494539781592 0.209
0.08859861693953543 0.9354134165366614 0.21
0.08860909144647396 0.9354134165366614 0.211
0.08867958059356673 0.9341653666146645 0.212
0.08874388254486133 0.9335413416536662 0.213
0.08893051467308893 0.9332293291731669 0.214
0.08895897176519592 0.9329173166926678 0.215
0.08915260301747271 0.9329173166926678 0.216
0.08917919350990217 0.9329173166926678 0.218
0.08933907015656747 0.9329173166926678 0.219
0.08948345005087688 0.9329173166926678 0.22
0.08943600802707641 0.9316692667706709 0.221
0.0895777691084236 0.9313572542901716 0.222
0.08965496513584996 0.9307332293291731 0.223
0.08980845681243224 0.930421216848674 0.224
0.0898978022971873 0.930421216848674 0.225
0.08991644798359123 0.9301092043681747 0.226
0.0899867133711801 0.9297971918876755 0.227
0.0901236813386686 0.927613104524181 0.229
0.09023309457326696 0.927613104524181 0.23
0.09030709881230825 0.927613104524181 0.231
0.09036748837350679 0.927613104524181 0.232
0.09066512152724833 0.927613104524181 0.233
0.0907231600476205 0.9273010920436817 0.234
0.09077580940745265 0.9273010920436817 0.235
0.09087016363358312 0.9269890795631825 0.236
0.09084509197759481 0.9260530421216848 0.237
0.09102902374670185 0.9257410296411857 0.238
0.09110182510907638 0.9251170046801872 0.239
0.09113822887529585 0.9251170046801872 0.24
0.09114391143911439 0.924804992199688 0.241
0.09139154581919161 0.9241809672386896 0.242
0.09151861578866059 0.9241809672386896 0.243
0.09139351880537827 0.9204368174726989 0.245
0.09158123640882261 0.9198127925117004 0.246
0.09174711927748365 0.919188767550702 0.247
0.0918357804170953 0.919188767550702 0.249
0.09198998748435544 0.9173166926677067 0.25
0.0919846014209258 0.9170046801872075 0.251
0.09198497182216656 0.9166926677067083 0.253
0.09208299379427067 0.9166926677067083 0.255
0.09212509419743783 0.9154446177847114 0.256
0.09224674589700056 0.9154446177847114 0.257
0.09248518471819443 0.9154446177847114 0.258
0.09274537695590328 0.9154446177847114 0.259
0.09285171584145878 0.9151326053042121 0.26
0.09280081081937099 0.9141965678627145 0.261
0.09274985740541225 0.9132605304212168 0.262
0.0928911456680419 0.9132605304212168 0.263
0.09292204079039329 0.9126365054602185 0.264
0.09297882502786181 0.9110764430577223 0.265
0.09323413902104154 0.9110764430577223 0.266
0.0931518230914262 0.9095163806552262 0.267
0.09345944212888746 0.9095163806552262 0.268
0.09359748266118674 0.9095163806552262 0.269
0.09374597863852786 0.9092043681747269 0.271
0.09378520163496508 0.9092043681747269 0.272
0.09376814399071028 0.9070202808112324 0.273
0.09387715559000194 0.9070202808112324 0.274
0.09403424724047518 0.906396255850234 0.276
0.09413595254303218 0.9060842433697348 0.277
0.09417563886366584 0.9060842433697348 0.278
0.09427653150667142 0.9060842433697348 0.279
0.09437587520760739 0.9042121684867395 0.28
0.09446200984386714 0.9042121684867395 0.281
0.09461003558486501 0.9042121684867395 0.282
0.09466392183772833 0.9039001560062403 0.283
0.09475681156576064 0.9039001560062403 0.285
0.09471235748918884 0.902028081123245 0.286
0.09487398267261749 0.902028081123245 0.288
0.0950561575705675 0.9004680187207488 0.289
0.09513756020320643 0.8998439937597504 0.29
0.09534199477668684 0.8998439937597504 0.291
0.09531529147091908 0.8989079563182527 0.292
0.09550170716345675 0.8989079563182527 0.294
0.09560629189619699 0.8989079563182527 0.295
0.09588174584678896 0.8985959438377535 0.296
0.09607555229259827 0.8982839313572543 0.297
0.09610762451595674 0.8982839313572543 0.299
0.09627225271048052 0.8976599063962558 0.3
0.09636899577946004 0.8976599063962558 0.301
0.0963710082766478 0.8973478939157566 0.302
0.09649949511948838 0.8945397815912637 0.303
0.09653824114335793 0.893603744149766 0.304
0.09673061334774385 0.893603744149766 0.305
0.09671848013816926 0.8911076443057723 0.307
0.09692093560104559 0.890795631825273 0.308
0.09685090192614737 0.8895475819032761 0.309
0.0969595973336961 0.8895475819032761 0.31
0.09694225006810134 0.8882995319812792 0.311
0.09699178959561203 0.8882995319812792 0.312
0.09710095497953615 0.8882995319812792 0.314
0.09716848700653953 0.8854914196567862 0.315
0.0974554445245699 0.8854914196567862 0.317
0.0975340956054553 0.883619344773791 0.318
0.0974290046870692 0.8820592823712948 0.319
0.09751552795031056 0.8817472698907957 0.321
0.09747255023824322 0.8808112324492979 0.323
0.0976108741634592 0.8783151326053042 0.324
0.09794711203897008 0.8783151326053042 0.325
0.09815544475051431 0.8783151326053042 0.326
0.09831941581356347 0.878003120124805 0.327
0.09847424412094065 0.878003120124805 0.328
0.09854960762331838 0.8776911076443058 0.329
0.09858414523025164 0.8776911076443058 0.33
0.09879797553774779 0.8770670826833074 0.331
0.09894751663205323 0.8770670826833074 0.332
0.09917792753060721 0.8770670826833074 0.333
0.09918435083506938 0.8764430577223089 0.334
0.09925093632958802 0.8764430577223089 0.335
0.09912237242550782 0.8739469578783151 0.337
0.0990971853425385 0.8733229329173167 0.338
0.09930740543420352 0.872386895475819 0.339
0.09938484514454361 0.8720748829953198 0.34
0.09961836145093983 0.8714508580343213 0.341
0.09947550576230065 0.8698907956318253 0.342
0.09952877338283593 0.8698907956318253 0.343
0.09968501682296514 0.8689547581903276 0.344
0.09986732169111055 0.8689547581903276 0.345
0.09998563940547138 0.8689547581903276 0.347
0.10028487973747792 0.8677067082683307 0.348
0.10009749756256094 0.8648985959438378 0.349
0.10016622100166221 0.8648985959438378 0.35
0.10024953889551914 0.8648985959438378 0.351
0.10065383218307301 0.8645865834633385 0.353
0.10077914512488167 0.8636505460218409 0.354
0.10103002410694718 0.8630265210608424 0.355
0.10123709830905497 0.8630265210608424 0.356
0.1014041133555743 0.8630265210608424 0.357
0.10139398385913426 0.862402496099844 0.358
0.10159523634492391 0.862402496099844 0.359
0.10148660582867236 0.8605304212168486 0.36
0.10153891466018702 0.8605304212168486 0.361
0.10180260047281324 0.8599063962558502 0.362
0.10190423368459973 0.8599063962558502 0.363
0.10205746061167748 0.8589703588143526 0.364
0.10211803108423903 0.8589703588143526 0.365
0.10228837209302326 0.8577223088923557 0.366
0.10236073875484063 0.8577223088923557 0.368
0.10257271946529256 0.8570982839313572 0.369
0.10261201001457344 0.8567862714508581 0.37
0.10269297126997225 0.8542901716068643 0.371
0.1026815894238714 0.8530421216848674 0.372
0.10288965075537806 0.8521060842433698 0.373
0.10295947219604147 0.8521060842433698 0.375
0.10314612682705744 0.8521060842433698 0.376
0.10322800120955548 0.8521060842433698 0.377
0.10328389830508475 0.8517940717628705 0.378
0.10350710900473933 0.8517940717628705 0.379
0.10354513019054126 0.851170046801872 0.38
0.10382492863939105 0.851170046801872 0.382
0.10362970870825072 0.8480499219968799 0.383
0.10345748740650282 0.8458658346333854 0.384
0.10363546007110364 0.8458658346333854 0.385
0.10397048083945112 0.84399375975039 0.386
0.10411454524460183 0.84399375975039 0.387
0.10419475366896498 0.84399375975039 0.388
0.10437502413406959 0.8433697347893916 0.389
0.10443833920210502 0.8421216848673947 0.392
0.10476042556496078 0.8418096723868955 0.394
0.10491930779700565 0.8418096723868955 0.396
0.10488830077060793 0.8408736349453978 0.397
0.10487576914089883 0.8402496099843993 0.398
0.1049038349003238 0.8390015600624025 0.399
0.10536008149831518 0.8390015600624025 0.401
0.10545998504113688 0.8358814352574103 0.403
0.1056557603504756 0.8352574102964119 0.404
0.10572286775748953 0.8346333853354134 0.405
0.10588188727042432 0.8346333853354134 0.406
0.10608826797904429 0.834009360374415 0.407
0.10619187663937683 0.8336973478939158 0.408
0.10629326119818601 0.8336973478939158 0.409
0.10625074698219195 0.8321372854914196 0.41
0.1064033512866547 0.8321372854914196 0.411
0.10654623930940772 0.8318252730109205 0.412
0.10674472692276847 0.8305772230889236 0.413
0.1067544246899707 0.8299531981279251 0.414
0.10684876481221128 0.8299531981279251 0.415
0.10679064525218371 0.8277691107644306 0.416
0.10702314123016034 0.8268330733229329 0.417
0.10714863334950671 0.8268330733229329 0.418
0.1071529773711695 0.8258970358814353 0.419
0.10717033078262278 0.8258970358814353 0.42
0.10727907165462955 0.8249609984399376 0.421
0.10757458586023037 0.8246489859594384 0.422
0.10759933031156846 0.8221528861154446 0.424
0.1077445207719987 0.8221528861154446 0.425
0.10786802030456853 0.8221528861154446 0.426
0.10800920976893348 0.8196567862714509 0.428
0.10807586292014645 0.8196567862714509 0.429
0.1081248196545612 0.818408736349454 0.431
0.10845565433119703 0.818408736349454 0.432
0.10841423948220065 0.8152886115444617 0.433
0.10870740941049216 0.8152886115444617 0.434
0.10873455120469394 0.8152886115444617 0.436
0.10888072781904683 0.8140405616224649 0.437
0.10904455404162836 0.8140405616224649 0.438
0.10912215980548336 0.8121684867394696 0.439
0.10940983468640895 0.8115444617784712 0.44
0.10944016175913054 0.8106084243369734 0.441
0.10936841217640611 0.8093603744149765 0.442
0.10939875021111299 0.8084243369734789 0.443
0.10935981407141349 0.8074882995319813 0.444
0.10940409683426443 0.8065522620904836 0.445
0.11011015284774998 0.8046801872074884 0.447
0.11042576886832862 0.8043681747269891 0.448
0.1106342803192859 0.8043681747269891 0.45
0.11079118140014611 0.8043681747269891 0.451
0.11081499312242091 0.8043681747269891 0.452
0.11083860419086958 0.8037441497659906 0.453
0.11104402949674415 0.8034321372854915 0.454
0.11109193666681047 0.8034321372854915 0.455
0.11121677112599956 0.802808112324493 0.456
0.11122679160159639 0.8 0.457
0.11118349619978285 0.7987519500780031 0.458
0.11138678506137373 0.7984399375975039 0.459
0.11152383865751868 0.7962558502340094 0.46
0.11179824561403509 0.7953198127925117 0.462
0.11197675954047273 0.7937597503900156 0.463
0.1124618717121259 0.7937597503900156 0.464
0.11269602197218039 0.7937597503900156 0.465
0.11268355441196043 0.7925117004680188 0.466
0.11270355415538892 0.7925117004680188 0.467
0.11305470245248586 0.7925117004680188 0.468
0.11287878787878788 0.7903276131045242 0.469
0.11274640977611275 0.7887675507020281 0.47
0.11278665120014277 0.7887675507020281 0.472
0.11292632709694746 0.787207488299532 0.473
0.1131067307260563 0.7859594383775351 0.475
0.11308293647227963 0.7853354134165367 0.476
0.11335886460914621 0.7850234009360374 0.477
0.11327401653041869 0.7825273010920437 0.478
0.11325529895602657 0.7819032761310453 0.479
0.11330829449296348 0.7812792511700468 0.48
0.11356624319419238 0.7809672386895475 0.481
0.11389179596851254 0.7809672386895475 0.482
0.11396688923442788 0.7775351014040561 0.483
0.11418621700879765 0.7775351014040561 0.484
0.1141167300903214 0.7765990639625585 0.485
0.11447671738128169 0.7747269890795632 0.486
0.11438466866774417 0.7728549141965678 0.487
0.11453805604365117 0.7728549141965678 0.488
0.11446034171412696 0.7712948517940718 0.489
0.11469767441860465 0.7694227769110764 0.49
0.11452123695976155 0.7672386895475819 0.491
0.11458673255326092 0.7669266770670827 0.492
0.11481152786211406 0.7669266770670827 0.493
0.11474643608319701 0.765990639625585 0.495
0.11494683591737317 0.7656786271450858 0.496
0.11516260734900746 0.7656786271450858 0.497
0.11541717618286144 0.7656786271450858 0.498
0.11569663239317046 0.7653666146645866 0.499
0.1160798788567102 0.7653666146645866 0.5
0.11594752048500924 0.7638065522620905 0.501
0.11592828004933119 0.7625585023400936 0.502
0.11608245464044838 0.7625585023400936 0.503
0.1160744017886875 0.7613104524180967 0.504
0.11660845016507967 0.7603744149765991 0.506
0.11653973272021842 0.7591263650546022 0.507
0.11670743991941286 0.7591263650546022 0.508
0.11714975845410629 0.7566302652106084 0.51
0.1174185402806779 0.7544461778471139 0.511
0.11755554475181097 0.7544461778471139 0.512
0.11777312356923676 0.7544461778471139 0.513
0.11760687097403864 0.7519500780031201 0.514
0.11757522469714732 0.7510140405616225 0.515
0.1177334116265414 0.7507020280811233 0.519
0.11736421176586036 0.7463338533541342 0.52
0.11832268924204169 0.7457098283931357 0.522
0.11901320707699975 0.7450858034321373 0.523
0.11881830430660213 0.7429017160686427 0.526
0.11908343361411954 0.7410296411856474 0.528
0.11929789267213198 0.7400936037441498 0.529
0.11967412205242384 0.7379095163806553 0.53
0.1196901422712774 0.737597503900156 0.531
0.11995128881672418 0.737597503900156 0.532
0.12011386163777767 0.7372854914196568 0.534
0.11991652669618771 0.7351014040561622 0.535
0.11994705223500662 0.7351014040561622 0.536
0.1201795551928178 0.7351014040561622 0.537
0.12035380131908584 0.7344773790951638 0.538
0.12079228243021346 0.7344773790951638 0.539
0.12095198930811145 0.7341653666146646 0.541
0.12105588781191998 0.7326053042121685 0.542
0.12144528203795166 0.7288611544461778 0.544
0.1215645371577575 0.7273010920436818 0.545
0.12160609857978279 0.7266770670826833 0.546
0.121803252967941 0.7266770670826833 0.547
0.12202661636801844 0.7266770670826833 0.548
0.12180664113728165 0.7244929797191888 0.549
0.12203336315318634 0.7235569422776911 0.551
0.12269743806902393 0.7232449297971919 0.552
0.12292517367555815 0.7232449297971919 0.553
0.12291899367054944 0.7210608424336974 0.555
0.12294252383742608 0.7201248049921997 0.556
0.12318956763401208 0.719188767550702 0.557
0.12340061031104449 0.719188767550702 0.558
0.12363831499865843 0.7188767550702028 0.559
0.12405609492988134 0.717628705148206 0.562
0.12436355757772723 0.7163806552262091 0.563
0.12464019985879542 0.7160686427457098 0.564
0.12464650859256036 0.7151326053042122 0.565
0.12496583392554529 0.7132605304212168 0.568
0.12506847814177716 0.7123244929797192 0.569
0.12524719841793014 0.7113884555382215 0.57
0.1257514753736694 0.7113884555382215 0.571
0.12565183623654722 0.7067082683307332 0.572
0.12628233719892953 0.7067082683307332 0.573
0.12602510460251046 0.704836193447738 0.575
0.1264625202933438 0.704836193447738 0.576
0.12653107090684346 0.7026521060842433 0.577
0.12668054227372447 0.7026521060842433 0.578
0.12688838782412626 0.7023400936037442 0.579
0.1271974594533288 0.6998439937597504 0.581
0.12693726937269373 0.6976599063962559 0.583
0.12686312435999544 0.6957878315132605 0.584
0.1271273557966876 0.6945397815912636 0.585
0.12754254282931302 0.6945397815912636 0.586
0.12745210508202362 0.6932917316692667 0.587
0.12785545773634846 0.6932917316692667 0.588
0.1279708552593535 0.6904836193447738 0.589
0.12806681746998433 0.6889235569422777 0.591
0.12878566843671588 0.6886115444617785 0.592
0.12852370626501788 0.6842433697347894 0.594
0.12866697958225767 0.6842433697347894 0.595
0.12899988192230488 0.6817472698907956 0.596
0.12875333135919456 0.6783151326053042 0.598
0.12892483349191247 0.6764430577223088 0.599
0.12888439099892846 0.6755070202808112 0.6
0.12926144844468326 0.6755070202808112 0.601
0.12965624625703678 0.6755070202808112 0.602
0.13060016906170752 0.6748829953198128 0.606
0.13082925058972963 0.6748829953198128 0.607
0.13164140953076503 0.6748829953198128 0.608
0.1320432208045907 0.6748829953198128 0.609
0.13218285294657608 0.6739469578783152 0.611
0.13191593652349734 0.6717628705148206 0.613
0.13241896795620886 0.6717628705148206 0.614
0.13237924865831843 0.669578783151326 0.615
0.13292040879529265 0.669578783151326 0.617
0.1332339976407773 0.669578783151326 0.618
0.13344151791286982 0.6670826833073323 0.619
0.1340245051837889 0.6655226209048362 0.621
0.13418631034917433 0.6642745709828393 0.622
0.13442830069488312 0.6639625585023401 0.624
0.13476574915771405 0.6614664586583463 0.625
0.13516959959194083 0.6614664586583463 0.626
0.1351143571016721 0.6580343213728549 0.627
0.13559213064163558 0.6580343213728549 0.63
0.1362491116997222 0.6580343213728549 0.631
0.1366967122754685 0.6577223088923557 0.632
0.13678265385614127 0.6574102964118564 0.633
0.13670046801872074 0.6561622464898595 0.635
0.1366981439270596 0.6549141965678628 0.636
0.13674765865479074 0.6514820592823712 0.637
0.13709358957483217 0.6499219968798752 0.638
0.13700797784664073 0.6483619344773791 0.639
0.13706053396775048 0.6471138845553822 0.64
0.13799986692394703 0.6471138845553822 0.642
0.13890752919071267 0.6458658346333853 0.646
0.13878429263044648 0.64399375975039 0.647
0.13940746753246752 0.6430577223088924 0.648
0.1396011396011396 0.6421216848673947 0.649
0.1403892113349266 0.6414976599063963 0.651
0.14072553045859001 0.6414976599063963 0.652
0.14085667215815487 0.6402496099843994 0.653
0.14110851327190208 0.6402496099843994 0.654
0.14139881362946613 0.6396255850234009 0.655
0.1417371999444984 0.6374414976599064 0.656
0.1424183189053337 0.6365054602184087 0.657
0.14243759177679882 0.6355694227769111 0.658
0.14289732770745428 0.634009360374415 0.662
0.14346289752650176 0.6333853354134166 0.663
0.14374778604321645 0.6330733229329173 0.664
0.1440539581114661 0.6330733229329173 0.665
0.14390959158858452 0.6277691107644305 0.667
0.14407630522088352 0.6268330733229329 0.669
0.14476341604154644 0.6262090483619345 0.67
0.14489500362056482 0.6243369734789391 0.673
0.1461454146876142 0.62402496099844 0.674
0.14651691991484989 0.6227769110764431 0.675
0.14657836644591613 0.6215288611544462 0.676
0.14730752113929685 0.6196567862714508 0.677
0.14770102094045756 0.6184087363494539 0.678
0.1477035490605428 0.6180967238689548 0.679
0.14777479091995221 0.6174726989079563 0.68
0.14775784753363227 0.6168486739469579 0.681
0.14788732394366197 0.6159126365054602 0.682
0.14813701923076922 0.6152886115444618 0.683
0.1477776942167406 0.6131045241809673 0.684
0.1478569808753496 0.6102964118564742 0.685
0.1479518437192398 0.6096723868954759 0.686
0.14802456965192992 0.6090483619344774 0.687
0.1475397368621188 0.6053042121684867 0.689
0.1479947856759451 0.6021840873634945 0.69
0.14843870173819412 0.6021840873634945 0.691
0.1500777604976672 0.6021840873634945 0.693
0.15087526493445325 0.5996879875195008 0.694
0.15151275772177897 0.5984399375975039 0.695
0.1514090113039325 0.5934477379095163 0.696
0.151800686736405 0.5931357254290172 0.697
0.15214085634253702 0.5931357254290172 0.698
0.15265948899244738 0.592823712948518 0.701
0.15221424538194725 0.5887675507020281 0.702
0.1526989787647917 0.5878315132605304 0.703
0.15267857142857144 0.5868954758190328 0.704
0.153076171875 0.5868954758190328 0.707
0.153556827473426 0.5859594383775351 0.71
0.15397895429135153 0.584399375975039 0.711
0.15441420511118487 0.5806552262090484 0.712
0.15482043163069745 0.5797191887675507 0.714
0.1552286215832149 0.5794071762870515 0.715
0.15576874526634688 0.5775351014040562 0.716
0.1562420651713923 0.5759750390015601 0.718
0.15648464163822526 0.5722308892355694 0.719
0.1564585115483319 0.5706708268330734 0.72
0.15665952890792292 0.5706708268330734 0.721
0.1560082516761217 0.5663026521060842 0.722
0.15642023346303502 0.5644305772230889 0.723
0.15678958785249458 0.5638065522620905 0.724
0.15698887343532683 0.5634945397815913 0.725
0.1576324532260885 0.5625585023400936 0.727
0.15822784810126583 0.5616224648985959 0.728
0.15943446558776453 0.5594383775351014 0.729
0.1595497587993568 0.5572542901716069 0.732
0.15926986399427345 0.5553822152886115 0.733
0.15846651104327528 0.5507020280811232 0.735
0.15888018723557476 0.5507020280811232 0.736
0.15901891573898091 0.5482059282371294 0.737
0.15994170689498133 0.5478939157566303 0.738
0.16113308194610504 0.5466458658346334 0.739
0.16038084673691994 0.5413416536661466 0.741
0.160913140311804 0.5410296411856474 0.742
0.16042034780991352 0.5382215288611545 0.743
0.1602904216699246 0.5372854914196568 0.744
0.1599288789069811 0.5332293291731669 0.745
0.15948275862068967 0.5310452418096724 0.746
0.1594065954833223 0.5263650546021841 0.747
0.15985975551975742 0.5263650546021841 0.748
0.1602356966356206 0.5260530421216849 0.75
0.16083715596330275 0.5251170046801872 0.751
0.16047248631518293 0.5213728549141966 0.752
0.1614804793196753 0.5213728549141966 0.753
0.16127150772820065 0.5176287051482059 0.754
0.16135011218417716 0.5160686427457098 0.755
0.1617575105196203 0.5157566302652106 0.756
0.16128713848583556 0.5098283931357255 0.757
0.16166716166716166 0.5095163806552262 0.758
0.1621056821574286 0.5082683307332293 0.759
0.16203011267324757 0.5070202808112324 0.76
0.16157556270096463 0.5017160686427458 0.761
0.16163446054750402 0.5010920436817473 0.763
0.162656107219007 0.4998439937597504 0.764
0.1627717943507417 0.4998439937597504 0.765
0.16346938775510203 0.4998439937597504 0.766
0.1642666118082699 0.4982839313572543 0.767
0.16484197479859533 0.49797191887675507 0.768
0.16487977516394295 0.49422776911076444 0.769
0.16404447241451647 0.48798751950078 0.77
0.16322444678609063 0.48330733229329176 0.771
0.16371915704754844 0.4823712948517941 0.772
0.1643806485911749 0.4823712948517941 0.773
0.16464323748668797 0.4823712948517941 0.774
0.16472847540808705 0.48174726989079564 0.778
0.1659134925758554 0.4811232449297972 0.779
0.1673380511703865 0.47956318252730107 0.78
0.16805160726000437 0.47956318252730107 0.781
0.1672870593387344 0.4767550702028081 0.782
0.1677904277661103 0.4736349453978159 0.783
0.16581462547232717 0.4655226209048362 0.784
0.1655533288799822 0.4639625585023401 0.785
0.1659583985685529 0.4630265210608424 0.786
0.16691184791218738 0.46021840873634945 0.787
0.16740438088752696 0.46021840873634945 0.788
0.1679215149441022 0.4592823712948518 0.789
0.16830551109078437 0.4592823712948518 0.79
0.16753141934739998 0.45335413416536663 0.792
0.1690025694931091 0.4514820592823713 0.794
0.16844199929767062 0.44898595943837755 0.795
0.1697552862912806 0.44586583463338536 0.796
0.17020009528346833 0.44586583463338536 0.797
0.17032181168057212 0.44586583463338536 0.798
0.16995574692022486 0.44336973478939157 0.799
0.1702076581442804 0.4424336973478939 0.801
0.17016148469510725 0.4405616224648986 0.802
0.17046280591228496 0.4390015600624025 0.803
0.17226942494766653 0.43650546021840875 0.804
0.17234543427084623 0.43400936037441495 0.805
0.17284257647351406 0.43369734789391573 0.806
0.17306254672314977 0.43338533541341656 0.807
0.17366771159874608 0.43213728549141966 0.808
0.17346554537467052 0.431201248049922 0.809
0.1741650913673598 0.431201248049922 0.81
0.17375886524822695 0.4280811232449298 0.811
0.17259334518669037 0.42402496099843995 0.812
0.17281281790437436 0.42402496099843995 0.813
0.17289779252264897 0.42277691107644305 0.814
0.17411581811115429 0.41934477379095164 0.815
0.17396403440187647 0.4165366614664587 0.816
0.17475983682063428 0.4143525741029641 0.817
0.17563626723223755 0.41341653666146644 0.818
0.17610230451578526 0.4124804992199688 0.819
0.17605351170568562 0.4106084243369735 0.82
0.1765731920032202 0.4106084243369735 0.821
0.17688996502555823 0.41029641185647425 0.822
0.1777083898995384 0.40842433697347896 0.823
0.17801688913102698 0.4078003120124805 0.824
0.1778115501519757 0.4015600624024961 0.826
0.17646243415580815 0.397191887675507 0.827
0.17631431767337807 0.39344773790951637 0.828
0.17743764172335602 0.3906396255850234 0.83
0.17852541159627774 0.3890795631825273 0.831
0.17792207792207793 0.3847113884555382 0.832
0.17812770875469516 0.3847113884555382 0.833
0.17814761215629524 0.38408736349453976 0.834
0.17884167636786963 0.38346333853354136 0.837
0.17789165446559296 0.3790951638065523 0.838
0.17931238885595732 0.37753510140405616 0.839
0.17858211187556086 0.37254290171606863 0.84
0.1792978755461805 0.3712948517940718 0.841
0.17934700075930143 0.3684867394695788 0.842
0.1810079901659496 0.3675507020280811 0.843
0.1806092469460337 0.3644305772230889 0.844
0.17966206789645017 0.36162246489859595 0.845
0.18068341394913404 0.36131045241809673 0.846
0.18060776942355888 0.3597503900156006 0.847
0.18089816571790007 0.35694227769110765 0.848
0.18148207683652146 0.35226209048361934 0.849
0.1807054276050894 0.3500780031201248 0.85
0.1807248496668292 0.3469578783151326 0.851
0.18183311432325888 0.3453978159126365 0.853
0.1819831710938789 0.3441497659906396 0.854
0.18115461181154613 0.3407176287051482 0.855
0.1831223628691983 0.33853354134165364 0.856
0.18314644920149506 0.33634945397815913 0.858
0.18216123499142367 0.3313572542901716 0.859
0.1818808129521185 0.3294851794071763 0.86
0.18298388494195114 0.3294851794071763 0.861
0.18414143182215997 0.3282371294851794 0.862
0.1838737949167397 0.32730109204368174 0.863
0.18515901060070672 0.3269890795631825 0.864
0.185785536159601 0.32542901716068645 0.865
0.1857992431068661 0.32168486739469576 0.867
0.18672275054864668 0.3185647425897036 0.868
0.18702782384374425 0.3166926677067083 0.869
0.18545252637423654 0.31263650546021843 0.87
0.18657693026733968 0.31138845553822153 0.871
0.1863799283154122 0.30826833073322935 0.872
0.18635071090047392 0.3067082683307332 0.873
0.18492753623188407 0.2985959438377535 0.874
0.18446601941747573 0.296411856474259 0.875
0.18486086787312705 0.296411856474259 0.876
0.18479968578161823 0.293603744149766 0.877
0.1845910081204199 0.290795631825273 0.878
0.18548387096774194 0.2870514820592824 0.879
0.18589093857693087 0.2861154446177847 0.88
0.1873589164785553 0.2848673946957878 0.881
0.18571428571428572 0.27987519500780034 0.882
0.1834862385321101 0.2745709828393136 0.884
0.18520873066327612 0.27269890795631824 0.886
0.18609143593045718 0.2705148205928237 0.887
0.1871623081910525 0.2702028081123245 0.888
0.187527352297593 0.26739469578783154 0.889
0.18878794593396853 0.2658346333853354 0.89
0.1877248201438849 0.26053042121684866 0.891
0.1884025270758123 0.26053042121684866 0.892
0.18512548929311537 0.2508580343213729 0.893
0.18404624277456647 0.2483619344773791 0.894
0.1859426422190879 0.246801872074883 0.895
0.18761904761904763 0.24586583463338532 0.896
0.1869471671049486 0.24399375975039 0.897
0.18721351025331726 0.2421216848673947 0.898
0.18853255587949466 0.2421216848673947 0.899
0.18957925636007827 0.24180967238689546 0.9
0.18840579710144928 0.23931357254290173 0.901
0.1898136645962733 0.23837753510140405 0.902
0.19146800501882058 0.23806552262090483 0.903
0.19192938209331653 0.2374414976599064 0.904
0.1933588761174968 0.2361934477379095 0.905
0.19555095706156234 0.2358814352574103 0.906
0.19605297325370033 0.23556942277691106 0.907
0.19534760771874174 0.23057722308892356 0.908
0.19619914346895076 0.22870514820592824 0.909
0.1986413043478261 0.2280811232449298 0.91
0.19917582417582416 0.22620904836193448 0.911
0.20141043723554303 0.22277691107644307 0.912
0.200340039671295 0.22059282371294853 0.913
0.19880546075085323 0.21809672386895476 0.914
0.20040310970342642 0.2171606864274571 0.915
0.2022667829119442 0.2171606864274571 0.916
0.20198772288804442 0.215600624024961 0.917
0.20194289078598765 0.2140405616224649 0.918
0.2047976011994003 0.21310452418096723 0.919
0.20752984389348025 0.21154446177847114 0.92
0.20683287165281625 0.20967238689547582 0.921
0.2070580886945659 0.20686427457098283 0.922
0.2060778727445394 0.2031201248049922 0.923
0.2069961489088575 0.20124804992199688 0.924
0.20475260416666666 0.19625585023400935 0.925
0.20486682012495888 0.19438377535101403 0.926
0.20677966101694914 0.19032761310452417 0.927
0.20847573479152426 0.19032761310452417 0.928
0.21023513139695713 0.18970358814352575 0.929
0.21448763250883393 0.18939157566302653 0.93
0.21601423487544483 0.18939157566302653 0.931
0.21563636363636363 0.18502340093603745 0.932
0.2144683960540738 0.18315132605304213 0.933
0.21727845754542083 0.1828393135725429 0.934
0.2146636432350718 0.17722308892355695 0.935
0.21619527314994189 0.17410296411856474 0.936
0.21918351169242964 0.17254290171606865 0.937
0.22088353413654618 0.17160686427457097 0.938
0.22305451518934666 0.1672386895475819 0.939
0.2231025854879066 0.1669266770670827 0.941
0.22260127931769721 0.1628705148205928 0.942
0.2212618841832325 0.15975039001560062 0.943
0.22485726833552921 0.15975039001560062 0.944
0.22654867256637168 0.15975039001560062 0.945
0.22698838248436104 0.15850234009360376 0.946
0.2314390467461045 0.15756630265210608 0.947
0.23515661524076673 0.15694227769110763 0.948
0.2277085330776606 0.1482059282371295 0.949
0.2261380323054332 0.14414976599063964 0.95
0.2313585291113381 0.14134165366614665 0.951
0.2308091286307054 0.13884555382215288 0.952
0.2273695420660277 0.13322932917316693 0.953
0.22644539614561027 0.13198127925117004 0.954
0.226775956284153 0.1294851794071763 0.955
0.228587319243604 0.1282371294851794 0.956
0.2350230414746544 0.12730109204368176 0.957
0.23481308411214954 0.12542901716068644 0.958
0.23737980769230768 0.12324492979719189 0.959
0.23477715003138733 0.11669266770670828 0.96
0.2361904761904762 0.11606864274570983 0.961
0.23597678916827852 0.11419656786271451 0.962
0.24344317417619368 0.11294851794071763 0.963
0.24307479224376732 0.1095163806552262 0.964
0.24532374100719426 0.106396255850234 0.965
0.24410029498525074 0.1032761310452418 0.966
0.2406832298136646 0.0967238689547582 0.967
0.24674267100977199 0.09453978159126365 0.968
0.2380546075085324 0.08705148205928237 0.969
0.2395104895104895 0.08549141965678628 0.97
0.24681238615664844 0.0845553822152886 0.971
0.2488393686165274 0.08361934477379095 0.972
0.25435203094777564 0.08205928237129485 0.973
0.26380368098159507 0.08049921996879875 0.974
0.253551912568306 0.07238689547581903 0.975
0.22655298416565164 0.05803432137285491 0.976
0.19621109607577808 0.0452418096723869 0.977
0.20028818443804033 0.04336973478939157 0.978
0.20296296296296296 0.04274570982839314 0.979
0.20970266040688576 0.04180967238689547 0.98
0.21731748726655348 0.039937597503900156 0.981
0.22280701754385965 0.03962558502340094 0.982
0.23135755258126195 0.037753510140405615 0.983
0.2366255144032922 0.0358814352574103 0.984
0.2391304347826087 0.0343213728549142 0.985
0.2546728971962617 0.034009360374414974 0.986
0.2518703241895262 0.031513260530421215 0.987
0.27348066298342544 0.030889235569422777 0.988
0.2896341463414634 0.029641185647425898 0.989
0.2705479452054795 0.024648985959438378 0.99
0.2536764705882353 0.021528861154446178 0.991
0.2777777777777778 0.0202808112324493 0.992
0.3 0.017784711388455537 0.993
0.3103448275862069 0.016848673946957878 0.994
0.3356643356643357 0.01497659906396256 0.995
0.34146341463414637 0.013104524180967239 0.996
0.38636363636363635 0.010608424336973479 0.997
0.42857142857142855 0.00748829953198128 0.998
0.4594594594594595 0.005304212168486739 0.999
0.8 0.0012480499219968799 1.0
