0 0.976
0 0.976
0 0.95
0 0.906
0 0.906
0 0.938
0 0.906
0 0.82
0 0.853
0 0.82
0 0.785
0 0.72
0 0.785
0 0.82
0 0.578
0 0.619
0 0.619
0 0.619
0 0.44
0 0.499
0 0.578
0 0.324
0 0.286
0 0.472
0 0.401
0 0.186
0 0.286
0 0.401
0 0.186
0 0.08
0 0.227
0 0.186
0 0.032
0 0.094
0 0.109
0 0.109
0 0.015
0 0.094
0 0.133
0 0.003
0 0.027
0 0.186
0 0.065
0 0.015
0 0.109
0 0.159
0 0.032
0 0.065
0 0.227
0 0.186
0 0.05
0 0.133
0 0.257
0 0.186
0 0.159
0 0.36
0 0.44
0 0.257
0 0.36
0 0.537
0 0.499
0 0.401
0 0.658
0 0.72
0 0.578
0 0.72
0 0.499
0 0.499
0 0.764
0 0.658
0 0.853
0 0.785
0 0.853
0 0.658
0 0.499
0 0.764
0 0.658
0 0.401
0 0.578
0 0.72
0 0.36
0 0.324
0 0.687
0 0.578
0 0.286
0 0.499
0 0.805
0 0.537
0 0.36
0 0.687
0 0.888
0 0.938
0 0.95
0 0.991
0 0.976
0 0.873
0 0.888
0 0.764
0 0.853
0 0.537
0 0.764
0 0.44
0 0.36
0 0.257
0 0.537
0 0.687
0 0.537
0 0.286
0 0.324
0 0.472
0 0.245
0 0.159
0 0.401
0 0.962
0 0.962
0 0.95
0 0.906
0 0.906
0 0.929
0 0.906
0 0.82
0 0.853
0 0.82
0 0.805
0 0.72
0 0.785
0 0.805
0 0.537
0 0.619
0 0.619
0 0.578
0 0.44
0 0.537
0 0.578
0 0.286
0 0.286
0 0.499
0 0.36
0 0.186
0 0.324
0 0.36
0 0.159
0 0.094
0 0.245
0 0.227
0 0.032
0 0.094
0 0.133
0 0.109
0 0.024
0 0.159
0 0.133
0 0.003
0 0.05
0 0.227
0 0.05
0 0.015
0 0.133
0 0.186
0 0.032
0 0.065
0 0.227
0 0.186
0 0.05
0 0.133
0 0.257
0 0.186
0 0.133
0 0.324
0 0.401
0 0.245
0 0.324
0 0.537
0 0.472
0 0.401
0 0.619
0 0.687
0 0.578
0 0.687
0 0.472
0 0.472
0 0.687
0 0.619
0 0.82
0 0.764
0 0.785
0 0.619
0 0.472
0 0.72
0 0.687
0 0.36
0 0.537
0 0.687
0 0.401
0 0.324
0 0.687
0 0.578
0 0.286
0 0.472
0 0.805
0 0.537
0 0.401
0 0.72
0 0.906
0 0.888
0 0.938
0 0.962
0 0.95
0 0.82
0 0.888
0 0.72
0 0.873
0 0.578
0 0.658
0 0.44
0 0.36
0 0.257
0 0.537
0 0.658
0 0.537
0 0.324
0 0.286
0 0.44
0 0.286
0 0.109
0 0.36
0 0.976
0 0.976
0 0.962
0 0.929
0 0.906
0 0.938
0 0.929
0 0.853
0 0.853
0 0.82
0 0.785
0 0.72
0 0.785
0 0.805
0 0.578
0 0.619
0 0.619
0 0.578
0 0.401
0 0.499
0 0.578
0 0.286
0 0.286
0 0.44
0 0.36
0 0.159
0 0.257
0 0.324
0 0.133
0 0.08
0 0.186
0 0.186
0 0.027
0 0.08
0 0.08
0 0.08
0 0.003
0 0.109
0 0.094
0 0
0 0.032
0 0.159
0 0.05
0 0.003
0 0.109
0 0.159
0 0.032
0 0.065
0 0.227
0 0.186
0 0.065
0 0.133
0 0.286
0 0.186
0 0.159
0 0.36
0 0.44
0 0.257
0 0.36
0 0.537
0 0.499
0 0.401
0 0.658
0 0.72
0 0.619
0 0.72
0 0.472
0 0.499
0 0.72
0 0.619
0 0.82
0 0.764
0 0.82
0 0.658
0 0.472
0 0.72
0 0.687
0 0.36
0 0.537
0 0.72
0 0.44
0 0.324
0 0.687
0 0.658
0 0.257
0 0.44
0 0.82
0 0.499
0 0.324
0 0.658
0 0.879
0 0.888
0 0.962
0 0.997
0 0.991
0 0.879
0 0.888
0 0.764
0 0.879
0 0.578
0 0.72
0 0.44
0 0.324
0 0.245
0 0.499
0 0.619
0 0.499
0 0.257
0 0.286
0 0.401
0 0.257
0 0.109
0 0.401
1 0.684
1 0.743
0 0.434
0 0.363
1 0.637
1 0.581
0 0.257
1 0.301
1 0.519
1 0.363
0 0.159
1 0.389
1 0.519
0 0.204
0 0.242
1 0.519
0 0.478
1 0.637
1 0.519
1 0.478
0 0.773
0 0.519
0 0.855
0 0.773
0 0.684
0 0.581
0 0.773
0 0.637
0 0.867
0 0.841
0 0.95
0 0.938
0 0.894
0 0.855
0 0.817
0 0.743
0 0.684
0 0.743
0 0.723
0 0.466
0 0.581
0 0.637
0 0.389
0 0.333
0 0.389
0 0.389
0 0.242
0 0.257
0 0.333
0 0.257
0 0.097
0 0.159
0 0.224
0 0.086
0 0.047
0 0.121
0 0.186
0 0.018
0 0.047
0 0.121
0 0.047
0 0
0 0.047
0 0.159
0 0.035
0 0.009
0 0.159
0 0.121
0 0.027
0 0.097
0 0.224
0 0.097
0 0.086
0 0.242
0 0.301
0 0.121
0 0.204
0 0.389
0 0.301
0 0.204
0 0.363
0 0.451
0 0.301
0 0.333
0 0.581
0 0.581
0 0.478
0 0.478
0 0.723
0 0.519
0 0.519
0 0.389
0 0.637
0 0.451
0 0.581
0 0.478
0 0.684
0 0.519
0 0.773
0 0.817
0 0.773
0 0.867
0 0.965
0 0.926
0 0.979
0 0.991
0 0.973
0 0.938
0 0.914
0 0.926
0 0.894
0 0.817
1 0.888
1 0.684
1 0.743
0 0.434
0 0.363
1 0.637
1 0.581
0 0.257
1 0.333
1 0.581
1 0.363
0 0.186
1 0.389
1 0.581
0 0.295
0 0.257
1 0.519
0 0.519
1 0.684
1 0.519
1 0.519
0 0.773
0 0.581
0 0.841
0 0.773
0 0.684
0 0.581
0 0.773
0 0.637
0 0.867
0 0.841
0 0.95
0 0.938
0 0.894
0 0.855
0 0.817
0 0.743
0 0.684
0 0.743
0 0.723
0 0.466
0 0.581
0 0.637
0 0.434
0 0.333
0 0.389
0 0.434
0 0.257
0 0.257
0 0.333
0 0.257
0 0.121
0 0.186
0 0.224
0 0.074
0 0.047
0 0.121
0 0.186
0 0.018
0 0.047
0 0.121
0 0.047
0 0
0 0.074
0 0.159
0 0.035
0 0.009
0 0.159
0 0.121
0 0.027
0 0.097
0 0.224
0 0.097
0 0.091
0 0.242
0 0.301
0 0.121
0 0.204
0 0.389
0 0.301
0 0.204
0 0.363
0 0.451
0 0.301
0 0.333
0 0.637
0 0.581
0 0.478
0 0.478
0 0.723
0 0.519
0 0.519
0 0.389
0 0.637
0 0.451
0 0.637
0 0.478
0 0.684
0 0.478
0 0.773
0 0.817
0 0.743
0 0.867
0 0.965
0 0.926
0 0.979
0 0.991
0 0.973
0 0.914
0 0.894
0 0.914
0 0.888
0 0.773
1 0.867
1 0.684
1 0.743
0 0.434
0 0.363
1 0.637
1 0.581
0 0.257
1 0.333
1 0.581
1 0.363
0 0.186
1 0.389
1 0.581
0 0.295
0 0.257
1 0.519
0 0.519
1 0.684
1 0.478
1 0.519
0 0.773
0 0.519
0 0.841
0 0.773
0 0.684
0 0.519
0 0.773
0 0.637
0 0.867
0 0.841
0 0.95
0 0.95
0 0.894
0 0.855
0 0.817
0 0.743
0 0.723
0 0.743
0 0.723
0 0.466
0 0.581
0 0.637
0 0.434
0 0.333
0 0.389
0 0.389
0 0.257
0 0.257
0 0.301
0 0.257
0 0.097
0 0.159
0 0.224
0 0.074
0 0.047
0 0.121
0 0.186
0 0.018
0 0.044
0 0.121
0 0.047
0 0
0 0.074
0 0.159
0 0.035
0 0.009
0 0.159
0 0.121
0 0.027
0 0.097
0 0.224
0 0.097
0 0.091
0 0.242
0 0.301
0 0.121
0 0.204
0 0.389
0 0.301
0 0.204
0 0.363
0 0.466
0 0.301
0 0.333
0 0.581
0 0.581
0 0.478
0 0.478
0 0.723
0 0.519
0 0.519
0 0.389
0 0.637
0 0.451
0 0.637
0 0.478
0 0.684
0 0.478
0 0.773
0 0.817
0 0.773
0 0.867
0 0.965
0 0.926
0 0.979
0 0.991
0 0.979
0 0.95
0 0.914
0 0.938
0 0.894
0 0.817
1 0.894
