0.976
0.976
0.95
0.906
0.906
0.938
0.906
0.82
0.853
0.82
0.785
0.72
0.785
0.82
0.578
0.619
0.619
0.619
0.44
0.499
0.578
0.324
0.286
0.472
0.401
0.186
0.286
0.401
0.186
0.08
0.227
0.186
0.032
0.094
0.109
0.109
0.015
0.094
0.133
0.003
0.027
0.186
0.065
0.015
0.109
0.159
0.032
0.065
0.227
0.186
0.05
0.133
0.257
0.186
0.159
0.36
0.44
0.257
0.36
0.537
0.499
0.401
0.658
0.72
0.578
0.72
0.499
0.499
0.764
0.658
0.853
0.785
0.853
0.658
0.499
0.764
0.658
0.401
0.578
0.72
0.36
0.324
0.687
0.578
0.286
0.499
0.805
0.537
0.36
0.687
0.888
0.938
0.95
0.991
0.976
0.873
0.888
0.764
0.853
0.537
0.764
0.44
0.36
0.257
0.537
0.687
0.537
0.286
0.324
0.472
0.245
0.159
0.401
0.962
0.962
0.95
0.906
0.906
0.929
0.906
0.82
0.853
0.82
0.805
0.72
0.785
0.805
0.537
0.619
0.619
0.578
0.44
0.537
0.578
0.286
0.286
0.499
0.36
0.186
0.324
0.36
0.159
0.094
0.245
0.227
0.032
0.094
0.133
0.109
0.024
0.159
0.133
0.003
0.05
0.227
0.05
0.015
0.133
0.186
0.032
0.065
0.227
0.186
0.05
0.133
0.257
0.186
0.133
0.324
0.401
0.245
0.324
0.537
0.472
0.401
0.619
0.687
0.578
0.687
0.472
0.472
0.687
0.619
0.82
0.764
0.785
0.619
0.472
0.72
0.687
0.36
0.537
0.687
0.401
0.324
0.687
0.578
0.286
0.472
0.805
0.537
0.401
0.72
0.906
0.888
0.938
0.962
0.95
0.82
0.888
0.72
0.873
0.578
0.658
0.44
0.36
0.257
0.537
0.658
0.537
0.324
0.286
0.44
0.286
0.109
0.36
0.976
0.976
0.962
0.929
0.906
0.938
0.929
0.853
0.853
0.82
0.785
0.72
0.785
0.805
0.578
0.619
0.619
0.578
0.401
0.499
0.578
0.286
0.286
0.44
0.36
0.159
0.257
0.324
0.133
0.08
0.186
0.186
0.027
0.08
0.08
0.08
0.003
0.109
0.094
0
0.032
0.159
0.05
0.003
0.109
0.159
0.032
0.065
0.227
0.186
0.065
0.133
0.286
0.186
0.159
0.36
0.44
0.257
0.36
0.537
0.499
0.401
0.658
0.72
0.619
0.72
0.472
0.499
0.72
0.619
0.82
0.764
0.82
0.658
0.472
0.72
0.687
0.36
0.537
0.72
0.44
0.324
0.687
0.658
0.257
0.44
0.82
0.499
0.324
0.658
0.879
0.888
0.962
0.997
0.991
0.879
0.888
0.764
0.879
0.578
0.72
0.44
0.324
0.245
0.499
0.619
0.499
0.257
0.286
0.401
0.257
0.109
0.401
0.684
0.743
0.434
0.363
0.637
0.581
0.257
0.301
0.519
0.363
0.159
0.389
0.519
0.204
0.242
0.519
0.478
0.637
0.519
0.478
0.773
0.519
0.855
0.773
0.684
0.581
0.773
0.637
0.867
0.841
0.95
0.938
0.894
0.855
0.817
0.743
0.684
0.743
0.723
0.466
0.581
0.637
0.389
0.333
0.389
0.389
0.242
0.257
0.333
0.257
0.097
0.159
0.224
0.086
0.047
0.121
0.186
0.018
0.047
0.121
0.047
0
0.047
0.159
0.035
0.009
0.159
0.121
0.027
0.097
0.224
0.097
0.086
0.242
0.301
0.121
0.204
0.389
0.301
0.204
0.363
0.451
0.301
0.333
0.581
0.581
0.478
0.478
0.723
0.519
0.519
0.389
0.637
0.451
0.581
0.478
0.684
0.519
0.773
0.817
0.773
0.867
0.965
0.926
0.979
0.991
0.973
0.938
0.914
0.926
0.894
0.817
0.888
0.684
0.743
0.434
0.363
0.637
0.581
0.257
0.333
0.581
0.363
0.186
0.389
0.581
0.295
0.257
0.519
0.519
0.684
0.519
0.519
0.773
0.581
0.841
0.773
0.684
0.581
0.773
0.637
0.867
0.841
0.95
0.938
0.894
0.855
0.817
0.743
0.684
0.743
0.723
0.466
0.581
0.637
0.434
0.333
0.389
0.434
0.257
0.257
0.333
0.257
0.121
0.186
0.224
0.074
0.047
0.121
0.186
0.018
0.047
0.121
0.047
0
0.074
0.159
0.035
0.009
0.159
0.121
0.027
0.097
0.224
0.097
0.091
0.242
0.301
0.121
0.204
0.389
0.301
0.204
0.363
0.451
0.301
0.333
0.637
0.581
0.478
0.478
0.723
0.519
0.519
0.389
0.637
0.451
0.637
0.478
0.684
0.478
0.773
0.817
0.743
0.867
0.965
0.926
0.979
0.991
0.973
0.914
0.894
0.914
0.888
0.773
0.867
0.684
0.743
0.434
0.363
0.637
0.581
0.257
0.333
0.581
0.363
0.186
0.389
0.581
0.295
0.257
0.519
0.519
0.684
0.478
0.519
0.773
0.519
0.841
0.773
0.684
0.519
0.773
0.637
0.867
0.841
0.95
0.95
0.894
0.855
0.817
0.743
0.723
0.743
0.723
0.466
0.581
0.637
0.434
0.333
0.389
0.389
0.257
0.257
0.301
0.257
0.097
0.159
0.224
0.074
0.047
0.121
0.186
0.018
0.044
0.121
0.047
0
0.074
0.159
0.035
0.009
0.159
0.121
0.027
0.097
0.224
0.097
0.091
0.242
0.301
0.121
0.204
0.389
0.301
0.204
0.363
0.466
0.301
0.333
0.581
0.581
0.478
0.478
0.723
0.519
0.519
0.389
0.637
0.451
0.637
0.478
0.684
0.478
0.773
0.817
0.773
0.867
0.965
0.926
0.979
0.991
0.979
0.95
0.914
0.938
0.894
0.817
0.894
