0.923
0.84
0.75
0.665
0.546
0.522
0.456
0.502
0.595
0.622
0.75
0.665
0.477
0.347
0.361
0.193
0.143
0.125
0.082
0.15
0.227
0.227
0.296
0.257
0.406
0.315
0.406
0.361
0.276
0.227
0.212
0.135
0.15
0.241
0.347
0.406
0.406
0.522
0.622
0.729
0.546
0.568
0.75
0.84
0.79
0.647
0.816
0.689
0.622
0.689
0.568
0.647
0.689
0.546
0.406
0.334
0.296
0.477
0.502
0.438
0.522
0.689
0.665
0.84
0.689
0.689
0.911
0.876
0.729
0.771
0.84
0.647
0.75
0.595
0.522
0.456
0.38
0.477
0.315
0.522
0.38
0.622
0.456
0.477
0.361
0.456
0.622
0.522
0.456
0.315
0.212
0.241
0.143
0.099
0.165
0.099
0.11
0.193
0.18
0.11
0.212
0.296
0.193
0.212
0.406
0.546
0.546
0.595
0.75
0.75
0.84
0.876
0.75
0.923
0.816
0.949
0.876
0.958
0.935
0.876
0.911
0.876
0.935
0.816
0.816
0.79
0.876
0.771
0.79
0.973
0.966
0.994
0.98
0.949
0.892
0.729
0.595
0.79
0.689
0.595
0.79
0.665
0.689
0.816
0.84
0.949
0.935
0.911
0.859
0.859
0.816
0.729
0.816
0.689
0.771
0.75
0.771
0.75
0.729
0.84
0.689
0.892
0.79
0.816
0.568
0.438
0.456
0.361
0.406
0.406
0.334
0.38
0.334
0.477
0.347
0.502
0.568
0.595
0.568
0.689
0.647
0.546
0.689
0.816
0.729
0.622
0.689
0.689
0.568
0.502
0.502
0.406
0.38
0.406
0.361
0.406
0.38
0.438
0.296
0.257
0.315
0.227
0.296
0.276
0.315
0.347
0.334
0.406
0.456
0.406
0.568
0.334
0.406
0.257
0.315
0.227
0.193
0.315
0.296
0.477
0.456
0.622
0.79
0.595
0.665
0.546
0.568
0.522
0.546
0.622
0.568
0.546
0.477
0.502
0.522
0.622
0.595
0.816
0.816
0.622
0.502
0.622
0.456
0.729
0.456
0.347
0.334
0.276
0.227
0.276
0.227
0.406
0.568
0.568
0.79
0.75
0.84
0.892
0.935
0.689
0.665
0.438
0.347
0.227
0.315
0.241
0.276
0.38
0.361
0.38
0.257
0.406
0.257
0.257
0.173
0.089
0.064
0.125
0.173
0.212
0.143
0.064
0.082
0.11
0.173
0.15
0.193
0.11
0.099
0.027
0.064
0.064
0.082
0.089
0.257
0.193
0.125
0.193
0.15
0.18
0.257
0.241
0.315
0.296
0.456
0.477
0.622
0.79
0.361
0.438
0.438
0.456
0.595
0.595
0.595
0.665
0.771
0.84
0.689
0.816
0.771
0.595
0.406
0.406
0.595
0.665
0.816
0.892
0.949
0.973
0.994
0.994
0.989
0.98
0.911
0.859
0.79
0.689
0.568
0.622
0.546
0.406
0.456
0.477
0.334
0.276
0.347
0.347
0.212
0.212
0.276
0.173
0.125
0.193
0.227
0.099
0.11
0.212
0.276
0.11
0.143
0.135
0.064
0.125
0.064
0.058
0.099
0.041
0.058
0.143
0.18
0.276
0.193
0.135
0.074
0.056
0.089
0.041
0.023
0.035
0.049
0.013
0.016
0.035
0.009
0
0.023
0.027
0.006
0
0.019
0.023
0
0.009
0.031
0.016
0.009
0.041
0.058
0.031
0.041
0.074
0.074
0.049
0.074
0.125
0.11
0.099
0.15
0.18
0.15
0.173
0.241
0.241
0.212
0.276
0.361
0.296
0.296
0.456
0.456
0.361
0.502
0.568
0.522
0.502
0.665
0.689
0.689
0.729
0.79
0.689
0.729
0.568
0.665
0.568
0.622
0.568
0.665
0.622
0.816
0.84
0.859
0.911
0.98
0.923
0.98
0.973
0.98
0.911
0.892
0.876
0.876
0.75
0.79
0.79
0.665
0.859
0.816
0.911
0.84
0.935
0.966
0.923
0.876
0.966
0.958
0.892
0.892
0.966
0.935
0.816
0.923
0.958
0.923
0.84
0.75
0.665
0.546
0.522
0.456
0.522
0.622
0.622
0.771
0.689
0.502
0.361
0.38
0.212
0.15
0.135
0.082
0.165
0.241
0.257
0.315
0.257
0.438
0.315
0.438
0.38
0.296
0.241
0.212
0.135
0.165
0.257
0.315
0.406
0.406
0.522
0.622
0.729
0.522
0.568
0.647
0.79
0.729
0.568
0.771
0.665
0.595
0.665
0.546
0.647
0.729
0.546
0.438
0.315
0.296
0.477
0.502
0.406
0.522
0.689
0.665
0.84
0.729
0.689
0.892
0.911
0.689
0.75
0.79
0.622
0.689
0.546
0.477
0.438
0.38
0.456
0.315
0.522
0.438
0.665
0.477
0.502
0.38
0.456
0.647
0.568
0.477
0.334
0.227
0.241
0.15
0.11
0.15
0.089
0.11
0.18
0.18
0.089
0.18
0.257
0.18
0.18
0.361
0.477
0.502
0.546
0.689
0.689
0.79
0.84
0.689
0.892
0.75
0.935
0.859
0.966
0.949
0.892
0.911
0.892
0.935
0.84
0.859
0.816
0.876
0.771
0.816
0.949
0.966
0.999
0.98
0.958
0.892
0.84
0.595
0.79
0.689
0.595
0.771
0.689
0.729
0.816
0.859
0.958
0.958
0.935
0.892
0.876
0.84
0.75
0.816
0.689
0.771
0.75
0.75
0.75
0.665
0.79
0.647
0.84
0.79
0.75
0.502
0.38
0.406
0.347
0.38
0.38
0.334
0.38
0.347
0.502
0.38
0.546
0.647
0.647
0.647
0.75
0.729
0.595
0.75
0.859
0.75
0.665
0.729
0.729
0.595
0.522
0.502
0.438
0.38
0.38
0.347
0.406
0.38
0.406
0.276
0.241
0.315
0.227
0.296
0.276
0.334
0.38
0.361
0.477
0.502
0.406
0.595
0.347
0.438
0.276
0.334
0.241
0.18
0.296
0.257
0.456
0.406
0.568
0.75
0.546
0.622
0.522
0.546
0.522
0.546
0.595
0.595
0.546
0.477
0.502
0.522
0.595
0.595
0.79
0.79
0.595
0.477
0.568
0.38
0.665
0.406
0.315
0.296
0.241
0.212
0.296
0.227
0.406
0.568
0.568
0.771
0.75
0.816
0.876
0.923
0.689
0.622
0.406
0.315
0.212
0.315
0.241
0.296
0.38
0.361
0.38
0.257
0.406
0.257
0.276
0.173
0.089
0.064
0.125
0.165
0.212
0.143
0.064
0.11
0.11
0.15
0.15
0.193
0.11
0.099
0.041
0.064
0.064
0.082
0.099
0.257
0.193
0.125
0.212
0.15
0.193
0.276
0.257
0.334
0.315
0.477
0.502
0.647
0.816
0.334
0.38
0.438
0.477
0.647
0.622
0.622
0.665
0.771
0.859
0.689
0.84
0.79
0.595
0.438
0.406
0.595
0.689
0.84
0.911
0.935
0.973
0.994
0.994
0.98
0.958
0.911
0.876
0.79
0.689
0.568
0.622
0.522
0.406
0.477
0.477
0.334
0.276
0.361
0.347
0.193
0.212
0.276
0.18
0.143
0.193
0.241
0.099
0.11
0.212
0.296
0.125
0.165
0.125
0.064
0.15
0.058
0.125
0.099
0.041
0.074
0.15
0.212
0.276
0.212
0.135
0.074
0.056
0.089
0.049
0.023
0.035
0.053
0.013
0.019
0.041
0.009
0
0.027
0.031
0.006
0.004
0.027
0.019
0.004
0.013
0.035
0.019
0.013
0.049
0.058
0.035
0.049
0.082
0.074
0.053
0.074
0.135
0.11
0.099
0.165
0.18
0.15
0.18
0.241
0.241
0.227
0.276
0.361
0.296
0.315
0.456
0.438
0.38
0.477
0.568
0.502
0.502
0.647
0.689
0.689
0.729
0.816
0.689
0.729
0.546
0.665
0.568
0.647
0.568
0.665
0.622
0.816
0.84
0.859
0.923
0.989
0.923
0.98
0.98
0.989
0.923
0.892
0.892
0.876
0.771
0.816
0.84
0.75
0.892
0.84
0.923
0.859
0.949
0.973
0.935
0.876
0.973
0.958
0.892
0.876
0.966
0.935
0.816
0.923
0.958
0.935
0.859
0.75
0.689
0.546
0.522
0.477
0.522
0.595
0.622
0.771
0.689
0.502
0.361
0.361
0.193
0.15
0.135
0.082
0.165
0.227
0.241
0.296
0.257
0.406
0.315
0.438
0.361
0.296
0.227
0.193
0.125
0.15
0.227
0.296
0.38
0.38
0.477
0.595
0.665
0.477
0.522
0.665
0.771
0.689
0.546
0.75
0.622
0.568
0.622
0.522
0.568
0.665
0.502
0.38
0.296
0.276
0.456
0.477
0.406
0.522
0.665
0.647
0.79
0.665
0.665
0.892
0.892
0.665
0.729
0.79
0.595
0.689
0.522
0.456
0.406
0.347
0.406
0.276
0.477
0.38
0.568
0.406
0.456
0.347
0.438
0.595
0.546
0.456
0.315
0.212
0.241
0.165
0.11
0.165
0.089
0.099
0.173
0.173
0.089
0.173
0.257
0.165
0.193
0.347
0.477
0.502
0.522
0.689
0.689
0.816
0.859
0.729
0.911
0.79
0.949
0.876
0.98
0.966
0.923
0.935
0.892
0.949
0.84
0.859
0.79
0.859
0.75
0.771
0.935
0.935
0.994
0.973
0.949
0.876
0.729
0.595
0.79
0.689
0.595
0.79
0.729
0.75
0.84
0.892
0.973
0.966
0.949
0.911
0.911
0.892
0.79
0.859
0.771
0.79
0.771
0.816
0.771
0.689
0.816
0.665
0.859
0.79
0.75
0.522
0.406
0.438
0.347
0.406
0.406
0.347
0.406
0.361
0.522
0.38
0.568
0.647
0.665
0.665
0.79
0.729
0.622
0.79
0.876
0.771
0.689
0.771
0.771
0.647
0.568
0.546
0.477
0.438
0.456
0.38
0.456
0.438
0.477
0.315
0.276
0.361
0.257
0.334
0.315
0.361
0.406
0.38
0.502
0.502
0.406
0.546
0.334
0.438
0.296
0.334
0.257
0.193
0.315
0.276
0.477
0.456
0.595
0.771
0.568
0.665
0.546
0.595
0.546
0.595
0.647
0.647
0.595
0.522
0.546
0.546
0.622
0.622
0.816
0.79
0.595
0.477
0.568
0.38
0.647
0.38
0.296
0.276
0.227
0.193
0.257
0.193
0.361
0.522
0.522
0.729
0.689
0.771
0.859
0.911
0.689
0.595
0.38
0.276
0.193
0.276
0.227
0.257
0.361
0.334
0.361
0.241
0.38
0.241
0.257
0.165
0.082
0.058
0.11
0.15
0.193
0.143
0.064
0.11
0.089
0.143
0.135
0.173
0.089
0.089
0.035
0.058
0.058
0.089
0.099
0.257
0.193
0.11
0.193
0.143
0.18
0.276
0.257
0.334
0.315
0.456
0.502
0.647
0.816
0.38
0.438
0.438
0.477
0.647
0.622
0.622
0.689
0.771
0.859
0.729
0.859
0.84
0.622
0.438
0.438
0.622
0.665
0.859
0.911
0.935
0.98
0.999
0.994
0.989
0.973
0.923
0.876
0.79
0.729
0.568
0.647
0.546
0.406
0.477
0.477
0.347
0.296
0.361
0.347
0.212
0.212
0.276
0.18
0.135
0.18
0.227
0.089
0.099
0.193
0.276
0.11
0.165
0.11
0.074
0.135
0.053
0.099
0.082
0.031
0.064
0.135
0.193
0.241
0.18
0.125
0.064
0.056
0.082
0.041
0.023
0.035
0.053
0.013
0.016
0.041
0.016
0.004
0.023
0.031
0.008
0
0.023
0.027
0.004
0.008
0.035
0.019
0.009
0.041
0.058
0.031
0.041
0.074
0.074
0.049
0.074
0.125
0.11
0.099
0.15
0.18
0.15
0.18
0.241
0.241
0.227
0.296
0.361
0.296
0.315
0.456
0.456
0.38
0.522
0.568
0.522
0.502
0.689
0.689
0.689
0.729
0.816
0.689
0.729
0.568
0.689
0.568
0.647
0.568
0.689
0.622
0.816
0.859
0.876
0.923
0.989
0.935
0.98
0.98
0.989
0.949
0.892
0.892
0.892
0.771
0.79
0.816
0.729
0.892
0.84
0.923
0.859
0.935
0.973
0.935
0.876
0.973
0.958
0.892
0.892
0.966
0.949
0.816
0.923
0.958
0.929
0.819
0.698
0.698
0.536
0.508
0.425
0.563
0.601
0.601
0.669
0.636
0.467
0.35
0.309
0.181
0.13
0.108
0.069
0.13
0.194
0.172
0.264
0.222
0.38
0.288
0.403
0.366
0.288
0.246
0.246
0.143
0.172
0.264
0.309
0.403
0.403
0.508
0.601
0.698
0.508
0.536
0.727
0.788
0.75
0.727
0.895
0.669
0.636
0.669
0.563
0.601
0.698
0.536
0.403
0.332
0.309
0.485
0.508
0.425
0.485
0.652
0.636
0.788
0.669
0.698
0.878
0.863
0.727
0.769
0.842
0.652
0.75
0.601
0.536
0.485
0.425
0.467
0.332
0.508
0.38
0.579
0.445
0.445
0.366
0.425
0.563
0.467
0.38
0.274
0.194
0.222
0.154
0.108
0.165
0.108
0.13
0.209
0.194
0.13
0.233
0.309
0.209
0.222
0.403
0.536
0.563
0.579
0.75
0.727
0.842
0.863
0.727
0.909
0.819
0.959
0.842
0.967
0.953
0.878
0.895
0.909
0.929
0.863
0.75
0.727
0.788
0.669
0.75
0.878
0.878
0.942
0.929
0.929
0.842
0.769
0.579
0.788
0.698
0.563
0.769
0.601
0.698
0.769
0.842
0.942
0.942
0.895
0.842
0.863
0.819
0.727
0.819
0.769
0.788
0.788
0.788
0.819
0.727
0.863
0.698
0.895
0.819
0.769
0.579
0.467
0.467
0.38
0.445
0.38
0.35
0.38
0.332
0.445
0.332
0.445
0.485
0.536
0.563
0.652
0.601
0.536
0.669
0.788
0.669
0.601
0.669
0.669
0.579
0.536
0.485
0.445
0.403
0.445
0.403
0.467
0.445
0.485
0.332
0.288
0.366
0.246
0.332
0.288
0.309
0.35
0.309
0.38
0.38
0.366
0.485
0.274
0.35
0.246
0.288
0.246
0.222
0.332
0.309
0.508
0.485
0.652
0.819
0.636
0.727
0.579
0.636
0.563
0.579
0.601
0.601
0.536
0.467
0.485
0.485
0.601
0.601
0.788
0.788
0.636
0.508
0.636
0.445
0.698
0.467
0.309
0.35
0.332
0.246
0.288
0.233
0.38
0.485
0.536
0.788
0.727
0.819
0.895
0.909
0.698
0.636
0.425
0.309
0.233
0.309
0.246
0.274
0.366
0.35
0.38
0.264
0.403
0.288
0.309
0.209
0.108
0.087
0.13
0.181
0.209
0.13
0.059
0.098
0.121
0.172
0.172
0.222
0.143
0.121
0.045
0.069
0.059
0.059
0.087
0.209
0.181
0.108
0.194
0.165
0.194
0.274
0.264
0.332
0.274
0.425
0.445
0.563
0.75
0.992
0.959
0.942
0.878
0.75
0.601
0.652
0.636
0.819
0.788
0.698
0.819
0.788
0.601
0.425
0.403
0.601
0.601
0.842
0.895
0.929
0.967
0.987
0.999
0.996
0.987
0.929
0.909
0.819
0.698
0.698
0.652
0.652
0.485
0.485
0.508
0.38
0.309
0.403
0.38
0.233
0.233
0.288
0.194
0.143
0.181
0.209
0.103
0.087
0.154
0.143
0.053
0.077
0.154
0.077
0.13
0.077
0.077
0.108
0.053
0.069
0.154
0.172
0.264
0.209
0.154
0.087
0.059
0.098
0.049
0.034
0.036
0.045
0.014
0.019
0.036
0.011
0.004
0.025
0.025
0.004
0.002
0.022
0.022
0
0.009
0.031
0.014
0.011
0.036
0.053
0.025
0.045
0.077
0.059
0.049
0.087
0.121
0.108
0.098
0.172
0.181
0.154
0.209
0.246
0.233
0.233
0.288
0.366
0.288
0.332
0.445
0.425
0.403
0.536
0.601
0.536
0.508
0.669
0.75
0.669
0.769
0.819
0.669
0.727
0.536
0.652
0.485
0.563
0.536
0.636
0.636
0.819
0.842
0.878
0.929
0.987
0.909
0.977
0.967
0.977
0.909
0.842
0.909
0.878
0.75
0.819
0.863
0.727
0.878
0.788
0.842
0.842
0.929
0.961
0.929
0.895
0.961
0.967
0.953
0.959
0.992
0.982
0.909
0.967
0.982
0.929
0.819
0.698
0.698
0.508
0.485
0.425
0.536
0.601
0.579
0.669
0.636
0.467
0.332
0.309
0.172
0.121
0.108
0.069
0.13
0.194
0.165
0.246
0.222
0.366
0.288
0.403
0.35
0.274
0.246
0.233
0.13
0.165
0.264
0.274
0.38
0.38
0.508
0.579
0.669
0.508
0.536
0.698
0.75
0.75
0.727
0.895
0.669
0.636
0.652
0.563
0.601
0.698
0.536
0.403
0.332
0.288
0.467
0.508
0.425
0.467
0.652
0.636
0.769
0.669
0.698
0.878
0.863
0.698
0.769
0.842
0.652
0.727
0.601
0.536
0.467
0.425
0.445
0.309
0.508
0.35
0.579
0.445
0.425
0.35
0.403
0.563
0.467
0.38
0.264
0.181
0.209
0.154
0.108
0.154
0.103
0.121
0.209
0.181
0.121
0.222
0.288
0.181
0.222
0.403
0.508
0.536
0.563
0.727
0.727
0.842
0.863
0.727
0.909
0.788
0.953
0.842
0.961
0.942
0.863
0.878
0.895
0.942
0.878
0.769
0.75
0.788
0.669
0.75
0.895
0.909
0.929
0.909
0.895
0.819
0.75
0.563
0.769
0.669
0.536
0.75
0.601
0.698
0.75
0.819
0.942
0.929
0.878
0.842
0.842
0.819
0.727
0.819
0.769
0.788
0.788
0.788
0.788
0.727
0.863
0.698
0.895
0.819
0.769
0.579
0.445
0.467
0.38
0.425
0.38
0.35
0.366
0.332
0.445
0.332
0.445
0.485
0.536
0.536
0.652
0.601
0.536
0.669
0.769
0.669
0.601
0.669
0.669
0.579
0.536
0.485
0.445
0.403
0.445
0.403
0.467
0.467
0.508
0.35
0.288
0.366
0.246
0.309
0.274
0.309
0.35
0.309
0.38
0.38
0.366
0.485
0.274
0.35
0.233
0.274
0.233
0.209
0.332
0.309
0.508
0.467
0.636
0.788
0.636
0.698
0.579
0.601
0.563
0.579
0.601
0.579
0.536
0.445
0.485
0.467
0.579
0.579
0.769
0.788
0.601
0.508
0.601
0.445
0.669
0.445
0.309
0.35
0.309
0.246
0.274
0.222
0.38
0.485
0.536
0.769
0.727
0.788
0.878
0.909
0.698
0.636
0.425
0.309
0.233
0.309
0.246
0.274
0.366
0.35
0.366
0.264
0.403
0.274
0.309
0.194
0.108
0.077
0.13
0.154
0.209
0.13
0.059
0.098
0.121
0.172
0.172
0.222
0.143
0.121
0.036
0.059
0.059
0.059
0.087
0.194
0.172
0.103
0.181
0.154
0.181
0.264
0.246
0.332
0.274
0.425
0.425
0.508
0.727
0.992
0.961
0.895
0.863
0.75
0.579
0.652
0.601
0.788
0.769
0.669
0.788
0.788
0.601
0.425
0.425
0.636
0.601
0.842
0.878
0.929
0.967
0.987
0.999
0.996
0.987
0.942
0.909
0.819
0.727
0.75
0.669
0.652
0.485
0.508
0.536
0.403
0.332
0.403
0.38
0.246
0.233
0.288
0.194
0.143
0.181
0.194
0.103
0.087
0.143
0.13
0.053
0.077
0.154
0.069
0.13
0.077
0.077
0.108
0.053
0.069
0.143
0.181
0.264
0.194
0.143
0.087
0.059
0.098
0.049
0.031
0.036
0.045
0.014
0.019
0.036
0.011
0.004
0.025
0.025
0.007
0
0.019
0.022
0
0.008
0.031
0.014
0.009
0.036
0.053
0.025
0.036
0.069
0.059
0.045
0.087
0.108
0.103
0.087
0.165
0.172
0.143
0.194
0.246
0.233
0.222
0.309
0.35
0.288
0.35
0.445
0.425
0.425
0.536
0.601
0.536
0.508
0.669
0.75
0.669
0.769
0.819
0.669
0.727
0.536
0.669
0.508
0.579
0.536
0.652
0.636
0.842
0.842
0.878
0.929
0.987
0.909
0.977
0.967
0.982
0.929
0.842
0.909
0.878
0.75
0.842
0.863
0.698
0.878
0.788
0.842
0.819
0.929
0.961
0.929
0.895
0.961
0.967
0.942
0.953
0.992
0.982
0.909
0.977
0.982
0.909
0.788
0.669
0.669
0.508
0.508
0.425
0.536
0.601
0.601
0.669
0.652
0.485
0.35
0.309
0.181
0.13
0.108
0.069
0.143
0.194
0.172
0.264
0.233
0.38
0.288
0.403
0.35
0.288
0.246
0.246
0.143
0.165
0.264
0.332
0.38
0.38
0.508
0.601
0.698
0.508
0.536
0.698
0.769
0.727
0.698
0.878
0.652
0.601
0.669
0.563
0.601
0.698
0.536
0.403
0.332
0.288
0.485
0.485
0.425
0.485
0.652
0.636
0.788
0.669
0.669
0.878
0.863
0.698
0.75
0.819
0.652
0.727
0.579
0.508
0.467
0.403
0.467
0.332
0.508
0.38
0.579
0.445
0.445
0.366
0.425
0.579
0.485
0.403
0.274
0.194
0.222
0.154
0.108
0.165
0.103
0.121
0.209
0.194
0.121
0.222
0.288
0.209
0.209
0.38
0.508
0.536
0.563
0.727
0.698
0.842
0.863
0.727
0.909
0.788
0.953
0.842
0.967
0.953
0.878
0.895
0.909
0.942
0.863
0.75
0.727
0.819
0.698
0.75
0.895
0.878
0.942
0.942
0.929
0.863
0.788
0.579
0.788
0.698
0.563
0.769
0.601
0.698
0.769
0.842
0.953
0.942
0.895
0.863
0.863
0.819
0.727
0.819
0.769
0.788
0.788
0.788
0.788
0.698
0.842
0.669
0.878
0.788
0.75
0.563
0.445
0.467
0.366
0.425
0.38
0.35
0.38
0.332
0.445
0.332
0.467
0.508
0.563
0.563
0.669
0.601
0.536
0.698
0.788
0.698
0.636
0.669
0.698
0.579
0.563
0.508
0.445
0.403
0.445
0.403
0.467
0.445
0.485
0.332
0.288
0.366
0.246
0.309
0.288
0.309
0.366
0.309
0.403
0.403
0.366
0.485
0.274
0.35
0.246
0.288
0.246
0.209
0.309
0.288
0.485
0.467
0.601
0.788
0.601
0.698
0.579
0.601
0.563
0.579
0.601
0.601
0.536
0.467
0.485
0.485
0.601
0.601
0.769
0.788
0.601
0.508
0.601
0.425
0.652
0.425
0.288
0.332
0.309
0.246
0.274
0.233
0.38
0.508
0.536
0.75
0.727
0.788
0.895
0.895
0.698
0.601
0.403
0.309
0.233
0.309
0.246
0.274
0.366
0.35
0.38
0.264
0.403
0.274
0.288
0.194
0.108
0.087
0.13
0.181
0.209
0.13
0.059
0.098
0.121
0.172
0.165
0.222
0.143
0.121
0.036
0.069
0.059
0.069
0.087
0.209
0.181
0.108
0.194
0.165
0.181
0.264
0.246
0.332
0.274
0.425
0.445
0.563
0.75
0.996
0.961
0.942
0.863
0.769
0.579
0.652
0.636
0.788
0.769
0.698
0.788
0.788
0.579
0.425
0.38
0.601
0.579
0.842
0.863
0.909
0.967
0.982
0.998
0.992
0.982
0.909
0.909
0.819
0.698
0.698
0.652
0.652
0.485
0.485
0.508
0.38
0.309
0.38
0.366
0.222
0.233
0.288
0.194
0.143
0.181
0.194
0.103
0.087
0.154
0.13
0.053
0.077
0.143
0.077
0.13
0.077
0.077
0.108
0.053
0.069
0.154
0.172
0.264
0.209
0.154
0.087
0.059
0.098
0.049
0.034
0.036
0.049
0.018
0.019
0.036
0.014
0.004
0.025
0.025
0.007
0.002
0.022
0.022
0.002
0.009
0.031
0.018
0.011
0.036
0.053
0.031
0.036
0.077
0.069
0.045
0.087
0.121
0.108
0.087
0.165
0.181
0.143
0.194
0.246
0.233
0.222
0.288
0.35
0.288
0.332
0.445
0.403
0.403
0.508
0.579
0.508
0.508
0.669
0.75
0.669
0.769
0.819
0.652
0.727
0.508
0.652
0.485
0.563
0.508
0.601
0.601
0.819
0.819
0.878
0.909
0.982
0.909
0.967
0.967
0.977
0.929
0.842
0.909
0.863
0.75
0.819
0.863
0.727
0.878
0.788
0.842
0.842
0.909
0.961
0.909
0.895
0.961
0.967
0.942
0.953
0.992
0.977
0.909
0.967
0.977
