0 0.923
0 0.84
0 0.75
0 0.665
0 0.546
0 0.522
0 0.456
0 0.502
0 0.595
0 0.622
0 0.75
0 0.665
0 0.477
0 0.347
0 0.361
0 0.193
0 0.143
0 0.125
0 0.082
0 0.15
0 0.227
0 0.227
0 0.296
0 0.257
0 0.406
0 0.315
0 0.406
0 0.361
0 0.276
0 0.227
0 0.212
0 0.135
0 0.15
0 0.241
0 0.347
0 0.406
0 0.406
0 0.522
0 0.622
0 0.729
0 0.546
0 0.568
0 0.75
0 0.84
0 0.79
0 0.647
0 0.816
0 0.689
0 0.622
0 0.689
0 0.568
0 0.647
0 0.689
0 0.546
0 0.406
0 0.334
0 0.296
0 0.477
0 0.502
0 0.438
0 0.522
0 0.689
0 0.665
0 0.84
0 0.689
0 0.689
0 0.911
0 0.876
0 0.729
0 0.771
0 0.84
0 0.647
0 0.75
0 0.595
0 0.522
0 0.456
0 0.38
0 0.477
0 0.315
0 0.522
0 0.38
0 0.622
0 0.456
0 0.477
0 0.361
0 0.456
0 0.622
0 0.522
0 0.456
0 0.315
0 0.212
0 0.241
0 0.143
0 0.099
0 0.165
0 0.099
0 0.11
0 0.193
0 0.18
0 0.11
0 0.212
0 0.296
0 0.193
0 0.212
0 0.406
0 0.546
0 0.546
0 0.595
0 0.75
0 0.75
0 0.84
0 0.876
0 0.75
0 0.923
0 0.816
0 0.949
0 0.876
0 0.958
0 0.935
1 0.876
1 0.911
0 0.876
1 0.935
1 0.816
1 0.816
1 0.79
1 0.876
0 0.771
0 0.79
1 0.973
0 0.966
1 0.994
1 0.98
1 0.949
0 0.892
0 0.729
0 0.595
0 0.79
0 0.689
0 0.595
0 0.79
1 0.665
0 0.689
1 0.816
0 0.84
1 0.949
1 0.935
1 0.911
1 0.859
1 0.859
0 0.816
0 0.729
0 0.816
0 0.689
0 0.771
0 0.75
0 0.771
0 0.75
0 0.729
0 0.84
0 0.689
0 0.892
0 0.79
0 0.816
0 0.568
0 0.438
0 0.456
0 0.361
0 0.406
0 0.406
0 0.334
0 0.38
0 0.334
0 0.477
0 0.347
0 0.502
0 0.568
0 0.595
0 0.568
1 0.689
1 0.647
0 0.546
1 0.689
1 0.816
1 0.729
0 0.622
0 0.689
0 0.689
0 0.568
0 0.502
0 0.502
0 0.406
0 0.38
0 0.406
0 0.361
0 0.406
0 0.38
0 0.438
0 0.296
0 0.257
0 0.315
0 0.227
0 0.296
0 0.276
0 0.315
0 0.347
0 0.334
0 0.406
0 0.456
0 0.406
0 0.568
0 0.334
0 0.406
0 0.257
0 0.315
0 0.227
0 0.193
0 0.315
0 0.296
0 0.477
0 0.456
0 0.622
0 0.79
0 0.595
0 0.665
0 0.546
0 0.568
0 0.522
0 0.546
0 0.622
0 0.568
0 0.546
0 0.477
0 0.502
0 0.522
0 0.622
0 0.595
0 0.816
0 0.816
0 0.622
0 0.502
0 0.622
0 0.456
0 0.729
0 0.456
0 0.347
0 0.334
0 0.276
0 0.227
0 0.276
0 0.227
0 0.406
0 0.568
0 0.568
0 0.79
0 0.75
0 0.84
0 0.892
0 0.935
0 0.689
0 0.665
0 0.438
0 0.347
0 0.227
0 0.315
0 0.241
0 0.276
0 0.38
0 0.361
0 0.38
0 0.257
0 0.406
0 0.257
0 0.257
0 0.173
0 0.089
0 0.064
0 0.125
0 0.173
0 0.212
0 0.143
0 0.064
0 0.082
0 0.11
0 0.173
0 0.15
0 0.193
0 0.11
0 0.099
0 0.027
0 0.064
0 0.064
0 0.082
0 0.089
0 0.257
0 0.193
0 0.125
0 0.193
0 0.15
0 0.18
0 0.257
0 0.241
0 0.315
0 0.296
0 0.456
0 0.477
0 0.622
0 0.79
0 0.361
0 0.438
0 0.438
0 0.456
0 0.595
0 0.595
0 0.595
0 0.665
0 0.771
0 0.84
0 0.689
0 0.816
1 0.771
1 0.595
1 0.406
0 0.406
0 0.595
0 0.665
0 0.816
0 0.892
0 0.949
0 0.973
0 0.994
0 0.994
0 0.989
0 0.98
0 0.911
0 0.859
0 0.79
0 0.689
1 0.568
0 0.622
0 0.546
0 0.406
1 0.456
1 0.477
0 0.334
0 0.276
1 0.347
0 0.347
0 0.212
0 0.212
0 0.276
1 0.173
0 0.125
1 0.193
1 0.227
0 0.099
0 0.11
1 0.212
0 0.276
1 0.11
0 0.143
0 0.135
0 0.064
0 0.125
0 0.064
0 0.058
0 0.099
0 0.041
0 0.058
0 0.143
0 0.18
0 0.276
0 0.193
0 0.135
0 0.074
0 0.056
0 0.089
0 0.041
0 0.023
0 0.035
0 0.049
0 0.013
0 0.016
0 0.035
0 0.009
0 0
0 0.023
0 0.027
0 0.006
0 0
0 0.019
0 0.023
0 0
0 0.009
0 0.031
0 0.016
0 0.009
0 0.041
0 0.058
0 0.031
0 0.041
0 0.074
0 0.074
0 0.049
0 0.074
0 0.125
0 0.11
0 0.099
0 0.15
0 0.18
0 0.15
0 0.173
0 0.241
0 0.241
0 0.212
0 0.276
0 0.361
0 0.296
0 0.296
0 0.456
0 0.456
0 0.361
0 0.502
0 0.568
0 0.522
0 0.502
0 0.665
0 0.689
0 0.689
0 0.729
0 0.79
0 0.689
0 0.729
0 0.568
0 0.665
0 0.568
0 0.622
0 0.568
0 0.665
0 0.622
0 0.816
0 0.84
0 0.859
0 0.911
0 0.98
0 0.923
0 0.98
0 0.973
0 0.98
0 0.911
0 0.892
0 0.876
0 0.876
0 0.75
0 0.79
0 0.79
0 0.665
0 0.859
0 0.816
0 0.911
0 0.84
0 0.935
0 0.966
0 0.923
0 0.876
0 0.966
0 0.958
0 0.892
0 0.892
0 0.966
0 0.935
0 0.816
0 0.923
0 0.958
0 0.923
0 0.84
0 0.75
0 0.665
0 0.546
0 0.522
0 0.456
0 0.522
0 0.622
0 0.622
0 0.771
0 0.689
0 0.502
0 0.361
0 0.38
0 0.212
0 0.15
0 0.135
0 0.082
0 0.165
0 0.241
0 0.257
0 0.315
0 0.257
0 0.438
0 0.315
0 0.438
0 0.38
0 0.296
0 0.241
0 0.212
0 0.135
0 0.165
0 0.257
0 0.315
0 0.406
0 0.406
0 0.522
0 0.622
0 0.729
0 0.522
0 0.568
0 0.647
0 0.79
0 0.729
0 0.568
0 0.771
0 0.665
0 0.595
0 0.665
0 0.546
0 0.647
0 0.729
0 0.546
0 0.438
0 0.315
0 0.296
0 0.477
0 0.502
0 0.406
0 0.522
0 0.689
0 0.665
0 0.84
0 0.729
0 0.689
0 0.892
0 0.911
0 0.689
0 0.75
0 0.79
0 0.622
0 0.689
0 0.546
0 0.477
0 0.438
0 0.38
0 0.456
0 0.315
0 0.522
0 0.438
0 0.665
0 0.477
0 0.502
0 0.38
0 0.456
0 0.647
0 0.568
0 0.477
0 0.334
0 0.227
0 0.241
0 0.15
0 0.11
0 0.15
0 0.089
0 0.11
0 0.18
0 0.18
0 0.089
0 0.18
0 0.257
0 0.18
0 0.18
0 0.361
0 0.477
0 0.502
0 0.546
0 0.689
0 0.689
0 0.79
0 0.84
0 0.689
0 0.892
0 0.75
0 0.935
0 0.859
0 0.966
0 0.949
1 0.892
1 0.911
0 0.892
1 0.935
1 0.84
1 0.859
1 0.816
1 0.876
0 0.771
0 0.816
1 0.949
0 0.966
1 0.999
1 0.98
1 0.958
0 0.892
0 0.84
0 0.595
0 0.79
0 0.689
0 0.595
0 0.771
1 0.689
0 0.729
1 0.816
0 0.859
1 0.958
1 0.958
1 0.935
1 0.892
1 0.876
0 0.84
0 0.75
0 0.816
0 0.689
0 0.771
0 0.75
0 0.75
0 0.75
0 0.665
0 0.79
0 0.647
0 0.84
0 0.79
0 0.75
0 0.502
0 0.38
0 0.406
0 0.347
0 0.38
0 0.38
0 0.334
0 0.38
0 0.347
0 0.502
0 0.38
0 0.546
0 0.647
0 0.647
0 0.647
1 0.75
1 0.729
0 0.595
1 0.75
1 0.859
1 0.75
0 0.665
0 0.729
0 0.729
0 0.595
0 0.522
0 0.502
0 0.438
0 0.38
0 0.38
0 0.347
0 0.406
0 0.38
0 0.406
0 0.276
0 0.241
0 0.315
0 0.227
0 0.296
0 0.276
0 0.334
0 0.38
0 0.361
0 0.477
0 0.502
0 0.406
0 0.595
0 0.347
0 0.438
0 0.276
0 0.334
0 0.241
0 0.18
0 0.296
0 0.257
0 0.456
0 0.406
0 0.568
0 0.75
0 0.546
0 0.622
0 0.522
0 0.546
0 0.522
0 0.546
0 0.595
0 0.595
0 0.546
0 0.477
0 0.502
0 0.522
0 0.595
0 0.595
0 0.79
0 0.79
0 0.595
0 0.477
0 0.568
0 0.38
0 0.665
0 0.406
0 0.315
0 0.296
0 0.241
0 0.212
0 0.296
0 0.227
0 0.406
0 0.568
0 0.568
0 0.771
0 0.75
0 0.816
0 0.876
0 0.923
0 0.689
0 0.622
0 0.406
0 0.315
0 0.212
0 0.315
0 0.241
0 0.296
0 0.38
0 0.361
0 0.38
0 0.257
0 0.406
0 0.257
0 0.276
0 0.173
0 0.089
0 0.064
0 0.125
0 0.165
0 0.212
0 0.143
0 0.064
0 0.11
0 0.11
0 0.15
0 0.15
0 0.193
0 0.11
0 0.099
0 0.041
0 0.064
0 0.064
0 0.082
0 0.099
0 0.257
0 0.193
0 0.125
0 0.212
0 0.15
0 0.193
0 0.276
0 0.257
0 0.334
0 0.315
0 0.477
0 0.502
0 0.647
0 0.816
0 0.334
0 0.38
0 0.438
0 0.477
0 0.647
0 0.622
0 0.622
0 0.665
0 0.771
0 0.859
0 0.689
0 0.84
1 0.79
1 0.595
1 0.438
0 0.406
0 0.595
0 0.689
0 0.84
0 0.911
0 0.935
0 0.973
0 0.994
0 0.994
0 0.98
0 0.958
0 0.911
0 0.876
0 0.79
0 0.689
1 0.568
0 0.622
0 0.522
0 0.406
1 0.477
1 0.477
0 0.334
0 0.276
1 0.361
0 0.347
0 0.193
0 0.212
0 0.276
1 0.18
0 0.143
1 0.193
1 0.241
0 0.099
0 0.11
1 0.212
0 0.296
1 0.125
0 0.165
0 0.125
0 0.064
0 0.15
0 0.058
0 0.125
0 0.099
0 0.041
0 0.074
0 0.15
0 0.212
0 0.276
0 0.212
0 0.135
0 0.074
0 0.056
0 0.089
0 0.049
0 0.023
0 0.035
0 0.053
0 0.013
0 0.019
0 0.041
0 0.009
0 0
0 0.027
0 0.031
0 0.006
0 0.004
0 0.027
0 0.019
0 0.004
0 0.013
0 0.035
0 0.019
0 0.013
0 0.049
0 0.058
0 0.035
0 0.049
0 0.082
0 0.074
0 0.053
0 0.074
0 0.135
0 0.11
0 0.099
0 0.165
0 0.18
0 0.15
0 0.18
0 0.241
0 0.241
0 0.227
0 0.276
0 0.361
0 0.296
0 0.315
0 0.456
0 0.438
0 0.38
0 0.477
0 0.568
0 0.502
0 0.502
0 0.647
0 0.689
0 0.689
0 0.729
0 0.816
0 0.689
0 0.729
0 0.546
0 0.665
0 0.568
0 0.647
0 0.568
0 0.665
0 0.622
0 0.816
0 0.84
0 0.859
0 0.923
0 0.989
0 0.923
0 0.98
0 0.98
0 0.989
0 0.923
0 0.892
0 0.892
0 0.876
0 0.771
0 0.816
0 0.84
0 0.75
0 0.892
0 0.84
0 0.923
0 0.859
0 0.949
0 0.973
0 0.935
0 0.876
0 0.973
0 0.958
0 0.892
0 0.876
0 0.966
0 0.935
0 0.816
0 0.923
0 0.958
0 0.935
0 0.859
0 0.75
0 0.689
0 0.546
0 0.522
0 0.477
0 0.522
0 0.595
0 0.622
0 0.771
0 0.689
0 0.502
0 0.361
0 0.361
0 0.193
0 0.15
0 0.135
0 0.082
0 0.165
0 0.227
0 0.241
0 0.296
0 0.257
0 0.406
0 0.315
0 0.438
0 0.361
0 0.296
0 0.227
0 0.193
0 0.125
0 0.15
0 0.227
0 0.296
0 0.38
0 0.38
0 0.477
0 0.595
0 0.665
0 0.477
0 0.522
0 0.665
0 0.771
0 0.689
0 0.546
0 0.75
0 0.622
0 0.568
0 0.622
0 0.522
0 0.568
0 0.665
0 0.502
0 0.38
0 0.296
0 0.276
0 0.456
0 0.477
0 0.406
0 0.522
0 0.665
0 0.647
0 0.79
0 0.665
0 0.665
0 0.892
0 0.892
0 0.665
0 0.729
0 0.79
0 0.595
0 0.689
0 0.522
0 0.456
0 0.406
0 0.347
0 0.406
0 0.276
0 0.477
0 0.38
0 0.568
0 0.406
0 0.456
0 0.347
0 0.438
0 0.595
0 0.546
0 0.456
0 0.315
0 0.212
0 0.241
0 0.165
0 0.11
0 0.165
0 0.089
0 0.099
0 0.173
0 0.173
0 0.089
0 0.173
0 0.257
0 0.165
0 0.193
0 0.347
0 0.477
0 0.502
0 0.522
0 0.689
0 0.689
0 0.816
0 0.859
0 0.729
0 0.911
0 0.79
0 0.949
0 0.876
0 0.98
0 0.966
1 0.923
1 0.935
0 0.892
1 0.949
1 0.84
1 0.859
1 0.79
1 0.859
0 0.75
0 0.771
1 0.935
0 0.935
1 0.994
1 0.973
1 0.949
0 0.876
0 0.729
0 0.595
0 0.79
0 0.689
0 0.595
0 0.79
1 0.729
0 0.75
1 0.84
0 0.892
1 0.973
1 0.966
1 0.949
1 0.911
1 0.911
0 0.892
0 0.79
0 0.859
0 0.771
0 0.79
0 0.771
0 0.816
0 0.771
0 0.689
0 0.816
0 0.665
0 0.859
0 0.79
0 0.75
0 0.522
0 0.406
0 0.438
0 0.347
0 0.406
0 0.406
0 0.347
0 0.406
0 0.361
0 0.522
0 0.38
0 0.568
0 0.647
0 0.665
0 0.665
1 0.79
1 0.729
0 0.622
1 0.79
1 0.876
1 0.771
0 0.689
0 0.771
0 0.771
0 0.647
0 0.568
0 0.546
0 0.477
0 0.438
0 0.456
0 0.38
0 0.456
0 0.438
0 0.477
0 0.315
0 0.276
0 0.361
0 0.257
0 0.334
0 0.315
0 0.361
0 0.406
0 0.38
0 0.502
0 0.502
0 0.406
0 0.546
0 0.334
0 0.438
0 0.296
0 0.334
0 0.257
0 0.193
0 0.315
0 0.276
0 0.477
0 0.456
0 0.595
0 0.771
0 0.568
0 0.665
0 0.546
0 0.595
0 0.546
0 0.595
0 0.647
0 0.647
0 0.595
0 0.522
0 0.546
0 0.546
0 0.622
0 0.622
0 0.816
0 0.79
0 0.595
0 0.477
0 0.568
0 0.38
0 0.647
0 0.38
0 0.296
0 0.276
0 0.227
0 0.193
0 0.257
0 0.193
0 0.361
0 0.522
0 0.522
0 0.729
0 0.689
0 0.771
0 0.859
0 0.911
0 0.689
0 0.595
0 0.38
0 0.276
0 0.193
0 0.276
0 0.227
0 0.257
0 0.361
0 0.334
0 0.361
0 0.241
0 0.38
0 0.241
0 0.257
0 0.165
0 0.082
0 0.058
0 0.11
0 0.15
0 0.193
0 0.143
0 0.064
0 0.11
0 0.089
0 0.143
0 0.135
0 0.173
0 0.089
0 0.089
0 0.035
0 0.058
0 0.058
0 0.089
0 0.099
0 0.257
0 0.193
0 0.11
0 0.193
0 0.143
0 0.18
0 0.276
0 0.257
0 0.334
0 0.315
0 0.456
0 0.502
0 0.647
0 0.816
0 0.38
0 0.438
0 0.438
0 0.477
0 0.647
0 0.622
0 0.622
0 0.689
0 0.771
0 0.859
0 0.729
0 0.859
1 0.84
1 0.622
1 0.438
0 0.438
0 0.622
0 0.665
0 0.859
0 0.911
0 0.935
0 0.98
0 0.999
0 0.994
0 0.989
0 0.973
0 0.923
0 0.876
0 0.79
0 0.729
1 0.568
0 0.647
0 0.546
0 0.406
1 0.477
1 0.477
0 0.347
0 0.296
1 0.361
0 0.347
0 0.212
0 0.212
0 0.276
1 0.18
0 0.135
1 0.18
1 0.227
0 0.089
0 0.099
1 0.193
0 0.276
1 0.11
0 0.165
0 0.11
0 0.074
0 0.135
0 0.053
0 0.099
0 0.082
0 0.031
0 0.064
0 0.135
0 0.193
0 0.241
0 0.18
0 0.125
0 0.064
0 0.056
0 0.082
0 0.041
0 0.023
0 0.035
0 0.053
0 0.013
0 0.016
0 0.041
0 0.016
0 0.004
0 0.023
0 0.031
0 0.008
0 0
0 0.023
0 0.027
0 0.004
0 0.008
0 0.035
0 0.019
0 0.009
0 0.041
0 0.058
0 0.031
0 0.041
0 0.074
0 0.074
0 0.049
0 0.074
0 0.125
0 0.11
0 0.099
0 0.15
0 0.18
0 0.15
0 0.18
0 0.241
0 0.241
0 0.227
0 0.296
0 0.361
0 0.296
0 0.315
0 0.456
0 0.456
0 0.38
0 0.522
0 0.568
0 0.522
0 0.502
0 0.689
0 0.689
0 0.689
0 0.729
0 0.816
0 0.689
0 0.729
0 0.568
0 0.689
0 0.568
0 0.647
0 0.568
0 0.689
0 0.622
0 0.816
0 0.859
0 0.876
0 0.923
0 0.989
0 0.935
0 0.98
0 0.98
0 0.989
0 0.949
0 0.892
0 0.892
0 0.892
0 0.771
0 0.79
0 0.816
0 0.729
0 0.892
0 0.84
0 0.923
0 0.859
0 0.935
0 0.973
0 0.935
0 0.876
0 0.973
0 0.958
0 0.892
0 0.892
0 0.966
0 0.949
0 0.816
0 0.923
0 0.958
0 0.929
0 0.819
0 0.698
0 0.698
0 0.536
0 0.508
0 0.425
0 0.563
0 0.601
0 0.601
0 0.669
0 0.636
0 0.467
0 0.35
0 0.309
0 0.181
0 0.13
0 0.108
0 0.069
0 0.13
0 0.194
0 0.172
0 0.264
0 0.222
0 0.38
0 0.288
0 0.403
0 0.366
0 0.288
0 0.246
0 0.246
0 0.143
0 0.172
0 0.264
0 0.309
0 0.403
0 0.403
0 0.508
0 0.601
0 0.698
0 0.508
0 0.536
0 0.727
0 0.788
0 0.75
0 0.727
0 0.895
0 0.669
0 0.636
0 0.669
0 0.563
0 0.601
0 0.698
0 0.536
0 0.403
0 0.332
0 0.309
0 0.485
0 0.508
0 0.425
0 0.485
0 0.652
0 0.636
0 0.788
0 0.669
0 0.698
0 0.878
0 0.863
0 0.727
0 0.769
0 0.842
0 0.652
0 0.75
0 0.601
0 0.536
0 0.485
0 0.425
0 0.467
0 0.332
0 0.508
0 0.38
0 0.579
0 0.445
0 0.445
0 0.366
0 0.425
0 0.563
0 0.467
0 0.38
0 0.274
0 0.194
0 0.222
0 0.154
0 0.108
0 0.165
0 0.108
0 0.13
0 0.209
0 0.194
0 0.13
0 0.233
0 0.309
0 0.209
0 0.222
0 0.403
0 0.536
0 0.563
0 0.579
0 0.75
0 0.727
0 0.842
0 0.863
0 0.727
0 0.909
0 0.819
0 0.959
0 0.842
1 0.967
1 0.953
0 0.878
0 0.895
0 0.909
0 0.929
0 0.863
0 0.75
0 0.727
0 0.788
0 0.669
0 0.75
0 0.878
0 0.878
0 0.942
0 0.929
0 0.929
0 0.842
0 0.769
0 0.579
0 0.788
0 0.698
0 0.563
0 0.769
0 0.601
0 0.698
0 0.769
0 0.842
1 0.942
0 0.942
0 0.895
1 0.842
0 0.863
1 0.819
1 0.727
1 0.819
1 0.769
1 0.788
0 0.788
0 0.788
0 0.819
0 0.727
0 0.863
0 0.698
0 0.895
0 0.819
0 0.769
0 0.579
0 0.467
0 0.467
0 0.38
0 0.445
0 0.38
0 0.35
0 0.38
0 0.332
0 0.445
0 0.332
0 0.445
0 0.485
0 0.536
0 0.563
0 0.652
0 0.601
0 0.536
0 0.669
0 0.788
0 0.669
0 0.601
0 0.669
0 0.669
0 0.579
0 0.536
0 0.485
0 0.445
0 0.403
0 0.445
0 0.403
0 0.467
0 0.445
0 0.485
0 0.332
0 0.288
0 0.366
0 0.246
0 0.332
0 0.288
0 0.309
0 0.35
0 0.309
0 0.38
0 0.38
0 0.366
0 0.485
0 0.274
0 0.35
0 0.246
0 0.288
0 0.246
0 0.222
0 0.332
0 0.309
0 0.508
0 0.485
0 0.652
0 0.819
0 0.636
0 0.727
0 0.579
0 0.636
0 0.563
0 0.579
0 0.601
0 0.601
0 0.536
0 0.467
0 0.485
0 0.485
0 0.601
0 0.601
0 0.788
0 0.788
0 0.636
0 0.508
0 0.636
0 0.445
0 0.698
0 0.467
0 0.309
0 0.35
0 0.332
0 0.246
0 0.288
0 0.233
0 0.38
0 0.485
0 0.536
0 0.788
0 0.727
0 0.819
0 0.895
0 0.909
0 0.698
0 0.636
0 0.425
0 0.309
0 0.233
0 0.309
0 0.246
0 0.274
0 0.366
0 0.35
0 0.38
0 0.264
0 0.403
0 0.288
0 0.309
0 0.209
0 0.108
0 0.087
0 0.13
0 0.181
0 0.209
0 0.13
0 0.059
0 0.098
0 0.121
0 0.172
0 0.172
0 0.222
0 0.143
0 0.121
0 0.045
0 0.069
0 0.059
0 0.059
0 0.087
0 0.209
0 0.181
0 0.108
0 0.194
0 0.165
0 0.194
0 0.274
0 0.264
0 0.332
0 0.274
0 0.425
0 0.445
0 0.563
0 0.75
0 0.992
0 0.959
0 0.942
0 0.878
0 0.75
0 0.601
0 0.652
0 0.636
0 0.819
0 0.788
0 0.698
0 0.819
0 0.788
0 0.601
0 0.425
0 0.403
0 0.601
0 0.601
0 0.842
0 0.895
0 0.929
0 0.967
0 0.987
0 0.999
0 0.996
0 0.987
0 0.929
0 0.909
0 0.819
0 0.698
0 0.698
0 0.652
0 0.652
0 0.485
0 0.485
0 0.508
0 0.38
0 0.309
0 0.403
0 0.38
0 0.233
0 0.233
0 0.288
0 0.194
0 0.143
0 0.181
0 0.209
0 0.103
0 0.087
0 0.154
0 0.143
0 0.053
0 0.077
0 0.154
0 0.077
0 0.13
0 0.077
0 0.077
0 0.108
0 0.053
0 0.069
0 0.154
0 0.172
0 0.264
0 0.209
0 0.154
0 0.087
0 0.059
0 0.098
0 0.049
0 0.034
0 0.036
0 0.045
0 0.014
0 0.019
0 0.036
0 0.011
0 0.004
0 0.025
0 0.025
0 0.004
0 0.002
0 0.022
0 0.022
0 0
0 0.009
0 0.031
0 0.014
0 0.011
0 0.036
0 0.053
0 0.025
0 0.045
0 0.077
0 0.059
0 0.049
0 0.087
0 0.121
0 0.108
0 0.098
0 0.172
0 0.181
0 0.154
0 0.209
0 0.246
0 0.233
0 0.233
0 0.288
0 0.366
0 0.288
0 0.332
0 0.445
0 0.425
0 0.403
0 0.536
0 0.601
0 0.536
0 0.508
0 0.669
0 0.75
0 0.669
0 0.769
0 0.819
0 0.669
0 0.727
0 0.536
0 0.652
0 0.485
0 0.563
0 0.536
0 0.636
0 0.636
0 0.819
0 0.842
0 0.878
0 0.929
0 0.987
0 0.909
0 0.977
0 0.967
0 0.977
0 0.909
0 0.842
0 0.909
0 0.878
0 0.75
0 0.819
0 0.863
0 0.727
0 0.878
0 0.788
0 0.842
0 0.842
0 0.929
0 0.961
0 0.929
0 0.895
0 0.961
0 0.967
0 0.953
0 0.959
0 0.992
0 0.982
0 0.909
0 0.967
0 0.982
0 0.929
0 0.819
0 0.698
0 0.698
0 0.508
0 0.485
0 0.425
0 0.536
0 0.601
0 0.579
0 0.669
0 0.636
0 0.467
0 0.332
0 0.309
0 0.172
0 0.121
0 0.108
0 0.069
0 0.13
0 0.194
0 0.165
0 0.246
0 0.222
0 0.366
0 0.288
0 0.403
0 0.35
0 0.274
0 0.246
0 0.233
0 0.13
0 0.165
0 0.264
0 0.274
0 0.38
0 0.38
0 0.508
0 0.579
0 0.669
0 0.508
0 0.536
0 0.698
0 0.75
0 0.75
0 0.727
0 0.895
0 0.669
0 0.636
0 0.652
0 0.563
0 0.601
0 0.698
0 0.536
0 0.403
0 0.332
0 0.288
0 0.467
0 0.508
0 0.425
0 0.467
0 0.652
0 0.636
0 0.769
0 0.669
0 0.698
0 0.878
0 0.863
0 0.698
0 0.769
0 0.842
0 0.652
0 0.727
0 0.601
0 0.536
0 0.467
0 0.425
0 0.445
0 0.309
0 0.508
0 0.35
0 0.579
0 0.445
0 0.425
0 0.35
0 0.403
0 0.563
0 0.467
0 0.38
0 0.264
0 0.181
0 0.209
0 0.154
0 0.108
0 0.154
0 0.103
0 0.121
0 0.209
0 0.181
0 0.121
0 0.222
0 0.288
0 0.181
0 0.222
0 0.403
0 0.508
0 0.536
0 0.563
0 0.727
0 0.727
0 0.842
0 0.863
0 0.727
0 0.909
0 0.788
0 0.953
0 0.842
1 0.961
1 0.942
0 0.863
0 0.878
0 0.895
0 0.942
0 0.878
0 0.769
0 0.75
0 0.788
0 0.669
0 0.75
0 0.895
0 0.909
0 0.929
0 0.909
0 0.895
0 0.819
0 0.75
0 0.563
0 0.769
0 0.669
0 0.536
0 0.75
0 0.601
0 0.698
0 0.75
0 0.819
1 0.942
0 0.929
0 0.878
1 0.842
0 0.842
1 0.819
1 0.727
1 0.819
1 0.769
1 0.788
0 0.788
0 0.788
0 0.788
0 0.727
0 0.863
0 0.698
0 0.895
0 0.819
0 0.769
0 0.579
0 0.445
0 0.467
0 0.38
0 0.425
0 0.38
0 0.35
0 0.366
0 0.332
0 0.445
0 0.332
0 0.445
0 0.485
0 0.536
0 0.536
0 0.652
0 0.601
0 0.536
0 0.669
0 0.769
0 0.669
0 0.601
0 0.669
0 0.669
0 0.579
0 0.536
0 0.485
0 0.445
0 0.403
0 0.445
0 0.403
0 0.467
0 0.467
0 0.508
0 0.35
0 0.288
0 0.366
0 0.246
0 0.309
0 0.274
0 0.309
0 0.35
0 0.309
0 0.38
0 0.38
0 0.366
0 0.485
0 0.274
0 0.35
0 0.233
0 0.274
0 0.233
0 0.209
0 0.332
0 0.309
0 0.508
0 0.467
0 0.636
0 0.788
0 0.636
0 0.698
0 0.579
0 0.601
0 0.563
0 0.579
0 0.601
0 0.579
0 0.536
0 0.445
0 0.485
0 0.467
0 0.579
0 0.579
0 0.769
0 0.788
0 0.601
0 0.508
0 0.601
0 0.445
0 0.669
0 0.445
0 0.309
0 0.35
0 0.309
0 0.246
0 0.274
0 0.222
0 0.38
0 0.485
0 0.536
0 0.769
0 0.727
0 0.788
0 0.878
0 0.909
0 0.698
0 0.636
0 0.425
0 0.309
0 0.233
0 0.309
0 0.246
0 0.274
0 0.366
0 0.35
0 0.366
0 0.264
0 0.403
0 0.274
0 0.309
0 0.194
0 0.108
0 0.077
0 0.13
0 0.154
0 0.209
0 0.13
0 0.059
0 0.098
0 0.121
0 0.172
0 0.172
0 0.222
0 0.143
0 0.121
0 0.036
0 0.059
0 0.059
0 0.059
0 0.087
0 0.194
0 0.172
0 0.103
0 0.181
0 0.154
0 0.181
0 0.264
0 0.246
0 0.332
0 0.274
0 0.425
0 0.425
0 0.508
0 0.727
0 0.992
0 0.961
0 0.895
0 0.863
0 0.75
0 0.579
0 0.652
0 0.601
0 0.788
0 0.769
0 0.669
0 0.788
0 0.788
0 0.601
0 0.425
0 0.425
0 0.636
0 0.601
0 0.842
0 0.878
0 0.929
0 0.967
0 0.987
0 0.999
0 0.996
0 0.987
0 0.942
0 0.909
0 0.819
0 0.727
0 0.75
0 0.669
0 0.652
0 0.485
0 0.508
0 0.536
0 0.403
0 0.332
0 0.403
0 0.38
0 0.246
0 0.233
0 0.288
0 0.194
0 0.143
0 0.181
0 0.194
0 0.103
0 0.087
0 0.143
0 0.13
0 0.053
0 0.077
0 0.154
0 0.069
0 0.13
0 0.077
0 0.077
0 0.108
0 0.053
0 0.069
0 0.143
0 0.181
0 0.264
0 0.194
0 0.143
0 0.087
0 0.059
0 0.098
0 0.049
0 0.031
0 0.036
0 0.045
0 0.014
0 0.019
0 0.036
0 0.011
0 0.004
0 0.025
0 0.025
0 0.007
0 0
0 0.019
0 0.022
0 0
0 0.008
0 0.031
0 0.014
0 0.009
0 0.036
0 0.053
0 0.025
0 0.036
0 0.069
0 0.059
0 0.045
0 0.087
0 0.108
0 0.103
0 0.087
0 0.165
0 0.172
0 0.143
0 0.194
0 0.246
0 0.233
0 0.222
0 0.309
0 0.35
0 0.288
0 0.35
0 0.445
0 0.425
0 0.425
0 0.536
0 0.601
0 0.536
0 0.508
0 0.669
0 0.75
0 0.669
0 0.769
0 0.819
0 0.669
0 0.727
0 0.536
0 0.669
0 0.508
0 0.579
0 0.536
0 0.652
0 0.636
0 0.842
0 0.842
0 0.878
0 0.929
0 0.987
0 0.909
0 0.977
0 0.967
0 0.982
0 0.929
0 0.842
0 0.909
0 0.878
0 0.75
0 0.842
0 0.863
0 0.698
0 0.878
0 0.788
0 0.842
0 0.819
0 0.929
0 0.961
0 0.929
0 0.895
0 0.961
0 0.967
0 0.942
0 0.953
0 0.992
0 0.982
0 0.909
0 0.977
0 0.982
0 0.909
0 0.788
0 0.669
0 0.669
0 0.508
0 0.508
0 0.425
0 0.536
0 0.601
0 0.601
0 0.669
0 0.652
0 0.485
0 0.35
0 0.309
0 0.181
0 0.13
0 0.108
0 0.069
0 0.143
0 0.194
0 0.172
0 0.264
0 0.233
0 0.38
0 0.288
0 0.403
0 0.35
0 0.288
0 0.246
0 0.246
0 0.143
0 0.165
0 0.264
0 0.332
0 0.38
0 0.38
0 0.508
0 0.601
0 0.698
0 0.508
0 0.536
0 0.698
0 0.769
0 0.727
0 0.698
0 0.878
0 0.652
0 0.601
0 0.669
0 0.563
0 0.601
0 0.698
0 0.536
0 0.403
0 0.332
0 0.288
0 0.485
0 0.485
0 0.425
0 0.485
0 0.652
0 0.636
0 0.788
0 0.669
0 0.669
0 0.878
0 0.863
0 0.698
0 0.75
0 0.819
0 0.652
0 0.727
0 0.579
0 0.508
0 0.467
0 0.403
0 0.467
0 0.332
0 0.508
0 0.38
0 0.579
0 0.445
0 0.445
0 0.366
0 0.425
0 0.579
0 0.485
0 0.403
0 0.274
0 0.194
0 0.222
0 0.154
0 0.108
0 0.165
0 0.103
0 0.121
0 0.209
0 0.194
0 0.121
0 0.222
0 0.288
0 0.209
0 0.209
0 0.38
0 0.508
0 0.536
0 0.563
0 0.727
0 0.698
0 0.842
0 0.863
0 0.727
0 0.909
0 0.788
0 0.953
0 0.842
1 0.967
1 0.953
0 0.878
0 0.895
0 0.909
0 0.942
0 0.863
0 0.75
0 0.727
0 0.819
0 0.698
0 0.75
0 0.895
0 0.878
0 0.942
0 0.942
0 0.929
0 0.863
0 0.788
0 0.579
0 0.788
0 0.698
0 0.563
0 0.769
0 0.601
0 0.698
0 0.769
0 0.842
1 0.953
0 0.942
0 0.895
1 0.863
0 0.863
1 0.819
1 0.727
1 0.819
1 0.769
1 0.788
0 0.788
0 0.788
0 0.788
0 0.698
0 0.842
0 0.669
0 0.878
0 0.788
0 0.75
0 0.563
0 0.445
0 0.467
0 0.366
0 0.425
0 0.38
0 0.35
0 0.38
0 0.332
0 0.445
0 0.332
0 0.467
0 0.508
0 0.563
0 0.563
0 0.669
0 0.601
0 0.536
0 0.698
0 0.788
0 0.698
0 0.636
0 0.669
0 0.698
0 0.579
0 0.563
0 0.508
0 0.445
0 0.403
0 0.445
0 0.403
0 0.467
0 0.445
0 0.485
0 0.332
0 0.288
0 0.366
0 0.246
0 0.309
0 0.288
0 0.309
0 0.366
0 0.309
0 0.403
0 0.403
0 0.366
0 0.485
0 0.274
0 0.35
0 0.246
0 0.288
0 0.246
0 0.209
0 0.309
0 0.288
0 0.485
0 0.467
0 0.601
0 0.788
0 0.601
0 0.698
0 0.579
0 0.601
0 0.563
0 0.579
0 0.601
0 0.601
0 0.536
0 0.467
0 0.485
0 0.485
0 0.601
0 0.601
0 0.769
0 0.788
0 0.601
0 0.508
0 0.601
0 0.425
0 0.652
0 0.425
0 0.288
0 0.332
0 0.309
0 0.246
0 0.274
0 0.233
0 0.38
0 0.508
0 0.536
0 0.75
0 0.727
0 0.788
0 0.895
0 0.895
0 0.698
0 0.601
0 0.403
0 0.309
0 0.233
0 0.309
0 0.246
0 0.274
0 0.366
0 0.35
0 0.38
0 0.264
0 0.403
0 0.274
0 0.288
0 0.194
0 0.108
0 0.087
0 0.13
0 0.181
0 0.209
0 0.13
0 0.059
0 0.098
0 0.121
0 0.172
0 0.165
0 0.222
0 0.143
0 0.121
0 0.036
0 0.069
0 0.059
0 0.069
0 0.087
0 0.209
0 0.181
0 0.108
0 0.194
0 0.165
0 0.181
0 0.264
0 0.246
0 0.332
0 0.274
0 0.425
0 0.445
0 0.563
0 0.75
0 0.996
0 0.961
0 0.942
0 0.863
0 0.769
0 0.579
0 0.652
0 0.636
0 0.788
0 0.769
0 0.698
0 0.788
0 0.788
0 0.579
0 0.425
0 0.38
0 0.601
0 0.579
0 0.842
0 0.863
0 0.909
0 0.967
0 0.982
0 0.998
0 0.992
0 0.982
0 0.909
0 0.909
0 0.819
0 0.698
0 0.698
0 0.652
0 0.652
0 0.485
0 0.485
0 0.508
0 0.38
0 0.309
0 0.38
0 0.366
0 0.222
0 0.233
0 0.288
0 0.194
0 0.143
0 0.181
0 0.194
0 0.103
0 0.087
0 0.154
0 0.13
0 0.053
0 0.077
0 0.143
0 0.077
0 0.13
0 0.077
0 0.077
0 0.108
0 0.053
0 0.069
0 0.154
0 0.172
0 0.264
0 0.209
0 0.154
0 0.087
0 0.059
0 0.098
0 0.049
0 0.034
0 0.036
0 0.049
0 0.018
0 0.019
0 0.036
0 0.014
0 0.004
0 0.025
0 0.025
0 0.007
0 0.002
0 0.022
0 0.022
0 0.002
0 0.009
0 0.031
0 0.018
0 0.011
0 0.036
0 0.053
0 0.031
0 0.036
0 0.077
0 0.069
0 0.045
0 0.087
0 0.121
0 0.108
0 0.087
0 0.165
0 0.181
0 0.143
0 0.194
0 0.246
0 0.233
0 0.222
0 0.288
0 0.35
0 0.288
0 0.332
0 0.445
0 0.403
0 0.403
0 0.508
0 0.579
0 0.508
0 0.508
0 0.669
0 0.75
0 0.669
0 0.769
0 0.819
0 0.652
0 0.727
0 0.508
0 0.652
0 0.485
0 0.563
0 0.508
0 0.601
0 0.601
0 0.819
0 0.819
0 0.878
0 0.909
0 0.982
0 0.909
0 0.967
0 0.967
0 0.977
0 0.929
0 0.842
0 0.909
0 0.863
0 0.75
0 0.819
0 0.863
0 0.727
0 0.878
0 0.788
0 0.842
0 0.842
0 0.909
0 0.961
0 0.909
0 0.895
0 0.961
0 0.967
0 0.942
0 0.953
0 0.992
0 0.977
0 0.909
0 0.967
0 0.977
