0 0.850
0 0.822
0 0.639
0 0.602
0 0.452
0 0.482
0 0.243
0 0.314
0 0.347
0 0.357
0 0.314
0 0.291
0 0.261
0 0.227
0 0.134
0 0.085
0 0.048
0 0.026
0 0.048
0 0.034
0 0.063
0 0.090
0 0.119
0 0.185
0 0.119
0 0.085
0 0.048
0 0.085
0 0.043
0 0.026
0 0.048
0 0.056
0 0.098
0 0.155
0 0.172
1 0.272
0 0.396
0 0.357
0 0.544
0 0.452
0 0.694
0 0.694
0 0.519
0 0.564
0 0.396
0 0.436
0 0.370
0 0.357
0 0.370
0 0.412
0 0.291
0 0.193
0 0.124
0 0.134
0 0.164
0 0.134
0 0.063
0 0.119
0 0.134
0 0.072
0 0.043
0 0.108
1 0.098
0 0.043
0 0.056
1 0.124
0 0.078
0 0.034
0 0.108
0 0.124
0 0.063
0 0.098
1 0.155
1 0.227
0 0.211
1 0.357
1 0.347
1 0.452
0 0.504
0 0.482
1 0.665
0 0.694
0 0.519
0 0.564
0 0.426
0 0.504
1 0.564
1 0.412
1 0.314
1 0.243
1 0.314
1 0.200
0 0.291
0 0.220
0 0.200
0 0.302
0 0.261
0 0.185
0 0.220
0 0.227
0 0.302
0 0.243
0 0.172
0 0.200
0 0.134
0 0.146
0 0.098
0 0.082
0 0.082
0 0.056
0 0.078
0 0.114
0 0.098
0 0.155
0 0.172
0 0.272
0 0.347
0 0.452
0 0.519
0 0.665
0 0.716
0 0.783
0 0.544
0 0.679
0 0.469
0 0.544
0 0.544
0 0.621
0 0.544
0 0.679
0 0.583
0 0.436
0 0.370
0 0.272
0 0.220
0 0.155
0 0.164
0 0.185
0 0.261
0 0.243
0 0.200
0 0.272
0 0.185
0 0.291
0 0.272
0 0.396
0 0.482
0 0.639
0 0.602
0 0.482
0 0.469
0 0.436
0 0.452
0 0.452
0 0.621
0 0.694
0 0.694
0 0.822
0 0.850
0 0.795
0 0.716
0 0.758
0 0.583
0 0.602
0 0.482
0 0.694
0 0.783
0 0.822
1 0.733
1 0.807
0 0.639
0 0.564
0 0.544
0 0.694
0 0.544
0 0.694
0 0.602
0 0.733
0 0.807
0 0.807
0 0.758
0 0.795
0 0.807
0 0.733
0 0.795
0 0.694
0 0.783
1 0.716
0 0.845
1 0.822
1 0.963
1 0.934
1 0.941
1 0.865
1 0.795
1 0.850
0 0.783
0 0.884
0 0.850
0 0.911
0 0.975
0 0.963
0 0.911
0 0.865
1 0.963
0 0.951
0 0.865
0 0.904
0 0.951
0 0.911
0 0.865
0 0.951
0 0.963
0 0.896
0 0.896
0 0.975
0 0.941
0 0.865
1 0.923
1 0.975
1 0.975
0 0.975
0 0.957
0 0.975
0 0.911
0 0.904
0 0.884
0 0.807
1 0.839
1 0.758
1 0.694
1 0.583
0 0.602
0 0.452
0 0.583
0 0.733
0 0.665
0 0.583
0 0.452
0 0.504
0 0.357
0 0.482
0 0.436
0 0.370
0 0.482
0 0.396
0 0.583
0 0.564
0 0.744
0 0.839
0 0.807
0 0.911
0 0.934
0 0.865
0 0.845
1 0.970
0 0.970
1 0.975
0 0.975
1 0.951
0 0.934
0 0.934
0 0.845
0 0.850
0 0.758
1 0.758
1 0.639
1 0.564
0 0.482
1 0.426
1 0.314
1 0.314
1 0.261
1 0.172
1 0.272
0 0.146
1 0.227
0 0.220
1 0.172
0 0.243
1 0.227
0 0.396
1 0.370
1 0.370
1 0.504
0 0.504
1 0.639
0 0.694
1 0.758
0 0.639
1 0.770
0 0.602
0 0.679
0 0.602
0 0.621
0 0.679
0 0.583
0 0.621
0 0.694
0 0.564
0 0.744
0 0.744
0 0.850
0 0.896
1 0.975
1 0.975
0 0.951
0 0.941
0 0.865
0 0.850
0 0.744
0 0.583
0 0.469
0 0.357
0 0.314
0 0.272
0 0.227
0 0.357
0 0.314
0 0.200
0 0.302
0 0.370
0 0.314
0 0.211
0 0.396
0 0.347
0 0.227
0 0.227
0 0.146
0 0.185
0 0.134
0 0.172
0 0.227
0 0.227
0 0.272
0 0.412
0 0.504
0 0.639
0 0.758
0 0.783
0 0.923
0 0.795
0 0.822
0 0.665
0 0.602
0 0.452
0 0.482
0 0.243
0 0.314
0 0.347
0 0.370
0 0.302
0 0.291
0 0.243
0 0.227
0 0.134
0 0.090
0 0.056
0 0.026
0 0.048
0 0.034
0 0.063
0 0.090
0 0.124
0 0.193
0 0.124
0 0.108
0 0.056
0 0.090
0 0.056
0 0.031
0 0.056
0 0.056
0 0.090
0 0.146
0 0.164
1 0.272
0 0.370
0 0.370
0 0.544
0 0.436
0 0.679
0 0.694
0 0.519
0 0.583
0 0.412
0 0.436
0 0.370
0 0.370
0 0.396
0 0.426
0 0.302
0 0.200
0 0.146
0 0.134
0 0.172
0 0.146
0 0.078
0 0.124
0 0.146
0 0.072
0 0.056
0 0.119
1 0.108
0 0.048
0 0.072
1 0.164
0 0.108
0 0.043
0 0.119
0 0.164
0 0.090
0 0.119
1 0.185
1 0.291
0 0.272
1 0.426
1 0.436
1 0.519
0 0.583
0 0.564
0 0.744
0 0.602
0 0.482
1 0.564
1 0.639
1 0.469
1 0.370
1 0.302
1 0.370
1 0.243
0 0.337
0 0.243
0 0.220
0 0.314
0 0.243
0 0.193
0 0.243
0 0.261
0 0.337
0 0.261
0 0.185
0 0.200
0 0.124
0 0.146
0 0.098
0 0.082
0 0.078
0 0.048
0 0.072
0 0.108
0 0.090
0 0.155
0 0.172
0 0.261
0 0.337
0 0.436
0 0.519
0 0.639
0 0.716
0 0.783
0 0.544
0 0.679
0 0.482
0 0.564
0 0.544
0 0.621
0 0.544
0 0.665
0 0.564
0 0.436
0 0.357
0 0.272
0 0.211
0 0.134
0 0.155
0 0.172
0 0.261
0 0.227
0 0.200
0 0.272
0 0.200
0 0.314
0 0.314
0 0.426
0 0.519
0 0.679
0 0.639
0 0.504
0 0.482
0 0.452
0 0.452
0 0.452
0 0.621
0 0.694
0 0.694
0 0.822
0 0.839
0 0.795
0 0.733
0 0.758
0 0.583
0 0.639
0 0.519
0 0.733
0 0.807
0 0.839
1 0.733
1 0.807
0 0.639
0 0.583
0 0.564
0 0.716
0 0.564
0 0.694
0 0.602
0 0.744
0 0.795
0 0.822
0 0.770
0 0.795
0 0.822
0 0.744
0 0.807
0 0.733
0 0.807
1 0.744
0 0.865
1 0.839
1 0.963
1 0.941
1 0.948
1 0.904
1 0.822
1 0.865
0 0.807
0 0.896
0 0.884
0 0.923
0 0.975
0 0.970
0 0.911
0 0.884
0 0.970
0 0.957
0 0.884
0 0.911
0 0.957
0 0.923
0 0.865
0 0.951
0 0.970
0 0.896
0 0.896
0 0.975
0 0.934
0 0.850
0 0.904
1 0.975
1 0.975
0 0.975
0 0.963
0 0.975
0 0.923
0 0.911
0 0.904
0 0.839
0 0.850
1 0.783
1 0.744
1 0.639
0 0.679
0 0.482
0 0.621
0 0.758
0 0.694
0 0.621
0 0.482
0 0.544
0 0.412
0 0.519
0 0.452
0 0.426
0 0.519
0 0.426
0 0.621
0 0.602
0 0.770
0 0.865
0 0.839
0 0.923
0 0.941
0 0.884
0 0.850
0 0.975
0 0.975
1 0.975
1 0.975
0 0.957
0 0.941
0 0.948
0 0.865
0 0.884
0 0.783
1 0.783
1 0.694
1 0.621
0 0.544
1 0.469
1 0.357
1 0.302
1 0.243
1 0.193
1 0.314
0 0.172
1 0.291
0 0.291
0 0.211
0 0.302
1 0.272
0 0.436
1 0.412
1 0.412
1 0.544
0 0.544
1 0.679
0 0.733
1 0.783
0 0.679
1 0.795
0 0.621
0 0.694
0 0.621
0 0.639
0 0.694
0 0.583
0 0.639
0 0.716
0 0.602
0 0.758
0 0.770
0 0.865
0 0.904
1 0.975
1 0.975
0 0.957
0 0.948
0 0.884
0 0.884
0 0.770
0 0.621
0 0.504
1 0.396
0 0.337
0 0.291
0 0.243
0 0.370
0 0.347
0 0.200
0 0.302
0 0.396
0 0.314
0 0.211
0 0.396
0 0.357
0 0.227
0 0.227
0 0.146
0 0.172
0 0.146
0 0.172
0 0.220
0 0.220
0 0.272
0 0.396
0 0.482
0 0.639
0 0.744
0 0.783
0 0.923
0 0.807
0 0.822
0 0.639
0 0.602
0 0.452
0 0.482
0 0.243
0 0.314
0 0.347
0 0.370
0 0.314
0 0.291
0 0.227
0 0.220
0 0.124
0 0.098
0 0.048
0 0.026
0 0.048
0 0.034
0 0.063
0 0.098
0 0.124
0 0.200
0 0.124
0 0.090
0 0.063
0 0.098
0 0.063
0 0.033
0 0.063
0 0.063
0 0.108
0 0.155
0 0.200
1 0.314
0 0.370
0 0.370
0 0.544
0 0.436
0 0.679
0 0.694
0 0.504
0 0.564
0 0.412
0 0.436
0 0.370
0 0.357
0 0.370
0 0.396
0 0.272
0 0.193
0 0.114
0 0.134
0 0.164
0 0.134
0 0.072
0 0.124
0 0.124
0 0.063
0 0.048
0 0.108
1 0.098
0 0.043
0 0.063
1 0.146
0 0.085
0 0.043
0 0.114
0 0.134
0 0.072
0 0.119
1 0.172
1 0.261
0 0.291
1 0.396
1 0.436
1 0.519
0 0.544
0 0.519
0 0.583
0 0.452
1 0.519
1 0.583
1 0.436
1 0.347
1 0.272
1 0.337
1 0.220
0 0.302
0 0.243
0 0.211
0 0.302
0 0.261
0 0.193
0 0.243
0 0.243
0 0.337
0 0.261
0 0.193
0 0.211
0 0.134
0 0.155
0 0.098
0 0.082
0 0.078
0 0.048
0 0.078
0 0.108
0 0.085
0 0.155
0 0.164
0 0.261
0 0.337
0 0.436
0 0.504
0 0.639
0 0.716
0 0.770
0 0.519
0 0.679
0 0.469
0 0.544
0 0.519
0 0.602
0 0.519
0 0.665
0 0.564
0 0.426
0 0.357
0 0.272
0 0.211
0 0.146
0 0.164
0 0.185
0 0.261
0 0.243
0 0.211
0 0.291
0 0.193
0 0.302
0 0.291
0 0.412
0 0.504
0 0.665
0 0.602
0 0.482
0 0.482
0 0.452
0 0.452
0 0.469
0 0.639
0 0.694
0 0.694
0 0.822
0 0.845
0 0.795
0 0.716
0 0.758
0 0.583
0 0.621
0 0.504
0 0.716
0 0.783
0 0.822
0 0.716
0 0.795
0 0.621
0 0.564
0 0.564
0 0.694
0 0.544
0 0.694
0 0.602
0 0.733
0 0.807
0 0.807
0 0.770
0 0.795
0 0.822
0 0.744
0 0.807
0 0.716
0 0.807
1 0.733
0 0.850
1 0.822
1 0.963
1 0.934
1 0.948
1 0.884
1 0.807
1 0.850
0 0.795
0 0.884
0 0.865
0 0.923
0 0.975
0 0.970
0 0.911
0 0.884
0 0.963
0 0.963
0 0.884
0 0.911
0 0.951
0 0.911
0 0.865
0 0.951
0 0.963
0 0.884
0 0.896
0 0.975
0 0.934
0 0.850
0 0.904
1 0.975
1 0.975
0 0.975
0 0.957
0 0.975
0 0.911
0 0.904
0 0.896
0 0.822
0 0.845
1 0.770
1 0.716
1 0.602
0 0.639
0 0.452
0 0.602
0 0.744
0 0.679
0 0.602
0 0.469
0 0.519
0 0.396
0 0.504
0 0.452
0 0.412
0 0.504
0 0.412
0 0.602
1 0.583
0 0.758
0 0.850
0 0.822
0 0.923
0 0.934
0 0.865
0 0.845
0 0.975
0 0.970
0 0.975
1 0.975
0 0.957
0 0.941
0 0.941
0 0.850
0 0.865
0 0.770
1 0.770
1 0.665
1 0.583
0 0.504
1 0.436
1 0.337
1 0.302
1 0.243
1 0.185
1 0.314
0 0.172
1 0.302
0 0.261
1 0.193
0 0.272
1 0.261
0 0.412
1 0.396
1 0.412
1 0.519
0 0.519
1 0.679
0 0.733
1 0.770
0 0.665
1 0.783
0 0.621
0 0.694
0 0.621
0 0.665
0 0.694
0 0.583
0 0.639
0 0.694
0 0.583
0 0.744
1 0.758
1 0.850
1 0.896
1 0.975
1 0.975
0 0.951
0 0.941
0 0.865
0 0.865
0 0.744
0 0.602
1 0.482
0 0.370
0 0.314
0 0.272
0 0.227
0 0.357
0 0.337
0 0.200
0 0.302
0 0.370
0 0.314
0 0.211
0 0.396
0 0.347
0 0.227
0 0.227
0 0.134
0 0.172
0 0.134
0 0.172
0 0.200
0 0.227
0 0.272
0 0.412
0 0.482
0 0.639
0 0.758
0 0.783
0 0.923
0 0.807
0 0.482
0 0.519
0 0.370
0 0.227
0 0.314
0 0.469
0 0.519
0 0.482
0 0.639
0 0.665
0 0.744
0 0.665
0 0.716
0 0.679
0 0.544
0 0.583
0 0.621
0 0.436
0 0.370
0 0.347
0 0.314
0 0.272
0 0.200
0 0.227
0 0.164
0 0.124
1 0.013
0 0.019
1 0.026
1 0.006
0 0.000
0 0.013
1 0.013
0 0.001
0 0.004
0 0.021
0 0.013
0 0.009
0 0.025
0 0.040
0 0.034
0 0.040
0 0.063
0 0.114
0 0.085
0 0.098
0 0.164
0 0.185
0 0.155
0 0.243
0 0.272
0 0.314
0 0.337
0 0.370
0 0.436
0 0.396
0 0.337
0 0.347
0 0.436
0 0.370
0 0.519
0 0.519
0 0.679
0 0.665
0 0.770
0 0.716
0 0.795
0 0.770
0 0.822
1 0.896
0 0.822
0 0.733
0 0.822
1 0.911
1 0.850
1 0.934
1 0.865
1 0.934
1 0.911
0 0.795
0 0.744
1 0.865
1 0.865
0 0.758
0 0.639
0 0.504
0 0.469
0 0.679
0 0.639
0 0.426
1 0.519
0 0.716
0 0.564
1 0.469
0 0.544
0 0.639
0 0.412
1 0.370
0 0.564
0 0.519
0 0.357
1 0.469
0 0.602
0 0.482
0 0.412
0 0.583
0 0.665
0 0.564
0 0.583
0 0.370
0 0.227
0 0.314
0 0.469
0 0.504
0 0.469
0 0.639
0 0.639
0 0.733
0 0.639
0 0.716
0 0.665
0 0.519
0 0.583
0 0.621
0 0.436
0 0.370
0 0.347
0 0.314
0 0.272
0 0.211
0 0.211
0 0.124
1 0.013
0 0.024
1 0.031
1 0.006
0 0.001
1 0.013
0 0.009
0 0.001
0 0.006
0 0.021
0 0.013
0 0.009
0 0.025
0 0.040
0 0.034
0 0.043
0 0.063
0 0.114
0 0.090
0 0.098
0 0.172
0 0.172
0 0.155
0 0.243
0 0.291
0 0.314
0 0.337
0 0.370
0 0.452
0 0.396
0 0.314
0 0.347
0 0.436
0 0.370
0 0.519
0 0.544
0 0.694
0 0.679
0 0.783
0 0.716
0 0.795
0 0.770
0 0.822
1 0.896
0 0.822
0 0.716
0 0.807
1 0.911
1 0.845
1 0.923
1 0.865
1 0.923
1 0.884
0 0.770
0 0.744
1 0.865
1 0.850
0 0.744
0 0.621
0 0.482
0 0.452
0 0.665
0 0.621
0 0.426
1 0.482
0 0.694
0 0.564
1 0.452
0 0.519
0 0.639
0 0.412
1 0.370
0 0.564
0 0.519
0 0.357
1 0.469
0 0.602
0 0.482
0 0.412
0 0.602
0 0.639
0 0.519
0 0.544
0 0.482
0 0.519
0 0.370
0 0.243
0 0.314
1 0.482
0 0.504
0 0.469
0 0.639
0 0.639
0 0.733
0 0.665
0 0.716
0 0.679
0 0.544
0 0.583
0 0.621
0 0.426
0 0.396
0 0.347
0 0.314
0 0.272
1 0.019
0 0.021
1 0.026
1 0.006
0 0.000
1 0.009
0 0.013
0 0.001
0 0.004
0 0.021
0 0.013
0 0.009
0 0.026
0 0.040
0 0.033
0 0.034
0 0.072
0 0.114
0 0.085
0 0.090
0 0.164
0 0.185
0 0.146
0 0.243
0 0.272
0 0.302
0 0.337
0 0.370
0 0.426
0 0.357
0 0.272
0 0.302
0 0.412
0 0.396
0 0.519
0 0.519
0 0.679
0 0.665
0 0.770
0 0.716
0 0.795
0 0.770
0 0.822
1 0.884
0 0.807
0 0.716
0 0.822
1 0.911
1 0.850
1 0.923
1 0.865
1 0.923
1 0.904
0 0.783
0 0.758
1 0.865
1 0.850
0 0.744
0 0.621
0 0.504
0 0.469
0 0.665
0 0.621
0 0.426
1 0.504
0 0.716
0 0.564
0 0.452
0 0.544
0 0.639
0 0.412
1 0.370
0 0.564
0 0.519
0 0.357
0 0.469
0 0.602
0 0.482
0 0.396
0 0.583
0 0.639
0 0.544
0 0.564
0 0.897
0 0.831
0 0.649
0 0.626
0 0.453
0 0.532
0 0.305
0 0.359
0 0.382
0 0.397
0 0.321
0 0.305
0 0.260
0 0.243
0 0.128
0 0.111
0 0.050
0 0.026
0 0.050
0 0.031
0 0.034
0 0.081
0 0.111
0 0.173
0 0.102
0 0.128
0 0.074
0 0.102
0 0.066
0 0.028
0 0.050
0 0.058
0 0.092
0 0.139
0 0.233
1 0.233
0 0.335
0 0.335
0 0.465
0 0.438
0 0.626
0 0.712
0 0.532
0 0.577
0 0.382
0 0.438
0 0.359
0 0.348
0 0.348
0 0.382
0 0.305
0 0.193
0 0.128
0 0.128
0 0.167
0 0.139
0 0.066
0 0.102
0 0.139
0 0.074
0 0.047
0 0.102
1 0.092
0 0.040
0 0.058
1 0.128
0 0.081
0 0.034
0 0.102
0 0.128
0 0.070
0 0.111
1 0.167
1 0.243
0 0.233
1 0.359
1 0.359
1 0.409
0 0.489
0 0.532
1 0.689
0 0.712
0 0.532
0 0.577
0 0.453
0 0.559
1 0.559
1 0.438
1 0.348
1 0.260
1 0.335
1 0.220
0 0.281
0 0.243
0 0.205
0 0.288
0 0.260
0 0.205
0 0.233
0 0.220
0 0.271
0 0.271
0 0.187
0 0.193
0 0.124
0 0.128
0 0.088
0 0.070
0 0.070
0 0.047
0 0.070
0 0.111
0 0.081
0 0.153
0 0.167
0 0.271
0 0.335
0 0.409
0 0.489
0 0.626
0 0.649
0 0.739
0 0.532
0 0.592
0 0.453
0 0.508
0 0.532
0 0.613
0 0.532
0 0.670
0 0.577
0 0.426
0 0.348
0 0.271
0 0.205
0 0.124
0 0.139
0 0.161
0 0.233
0 0.220
0 0.193
0 0.281
0 0.193
0 0.288
0 0.305
0 0.409
0 0.465
0 0.649
0 0.613
0 0.465
0 0.438
0 0.409
0 0.426
0 0.453
0 0.613
0 0.689
0 0.712
0 0.831
0 0.824
0 0.807
0 0.689
0 0.724
0 0.532
0 0.613
0 0.532
0 0.724
0 0.786
0 0.831
1 0.724
1 0.786
0 0.592
0 0.559
0 0.489
0 0.649
0 0.508
0 0.670
0 0.559
0 0.724
0 0.807
0 0.841
0 0.759
0 0.786
0 0.807
0 0.739
0 0.774
0 0.670
0 0.786
1 0.712
0 0.841
1 0.824
1 0.966
1 0.910
1 0.949
1 0.878
1 0.807
1 0.878
0 0.786
0 0.868
0 0.853
0 0.910
0 0.974
0 0.966
0 0.897
0 0.853
1 0.960
0 0.954
0 0.853
0 0.904
0 0.966
0 0.918
0 0.853
0 0.937
0 0.960
0 0.878
0 0.878
0 0.974
0 0.925
0 0.868
1 0.918
1 0.974
1 0.974
0 0.974
0 0.954
0 0.960
0 0.904
0 0.946
0 0.925
0 0.841
1 0.853
1 0.798
1 0.739
1 0.592
0 0.626
0 0.438
0 0.577
0 0.739
0 0.689
0 0.626
0 0.465
0 0.508
0 0.348
0 0.453
0 0.348
0 0.335
0 0.489
0 0.397
0 0.592
0 0.577
0 0.739
0 0.853
0 0.831
0 0.904
0 0.954
0 0.925
0 0.868
1 0.974
0 0.974
1 0.974
0 0.974
1 0.954
0 0.925
0 0.925
0 0.831
0 0.868
0 0.759
1 0.739
1 0.649
1 0.508
0 0.465
1 0.438
1 0.335
1 0.348
1 0.220
1 0.187
1 0.348
0 0.220
1 0.321
0 0.260
1 0.173
0 0.281
1 0.243
0 0.397
1 0.382
1 0.382
1 0.508
0 0.508
1 0.626
0 0.712
1 0.759
0 0.626
1 0.712
0 0.577
0 0.689
0 0.592
0 0.592
0 0.670
0 0.559
0 0.613
0 0.670
0 0.532
0 0.712
0 0.739
0 0.831
0 0.878
1 0.974
1 0.974
0 0.946
0 0.925
0 0.853
0 0.853
0 0.739
0 0.592
0 0.465
0 0.409
0 0.305
0 0.260
0 0.205
0 0.335
0 0.305
0 0.173
0 0.288
0 0.359
0 0.288
0 0.205
0 0.382
0 0.321
0 0.220
0 0.243
0 0.139
0 0.173
0 0.139
0 0.187
0 0.205
0 0.260
0 0.281
0 0.426
0 0.489
0 0.649
0 0.759
0 0.807
0 0.904
0 0.798
0 0.831
0 0.670
0 0.592
0 0.438
0 0.508
0 0.281
0 0.348
0 0.359
0 0.397
0 0.321
0 0.305
0 0.193
0 0.220
0 0.128
0 0.092
0 0.050
0 0.026
0 0.050
0 0.034
0 0.050
0 0.088
0 0.124
0 0.173
0 0.111
0 0.119
0 0.047
0 0.088
0 0.058
0 0.028
0 0.058
0 0.058
0 0.092
0 0.153
0 0.193
1 0.305
0 0.335
0 0.359
0 0.465
0 0.438
0 0.649
0 0.724
0 0.532
0 0.592
0 0.409
0 0.453
0 0.382
0 0.359
0 0.359
0 0.409
0 0.321
0 0.205
0 0.139
0 0.139
0 0.173
0 0.139
0 0.074
0 0.111
0 0.153
0 0.081
0 0.050
0 0.111
1 0.102
0 0.047
0 0.050
1 0.139
0 0.088
0 0.040
0 0.102
0 0.128
0 0.066
0 0.102
1 0.161
1 0.243
0 0.220
1 0.348
1 0.382
1 0.453
0 0.508
0 0.559
0 0.724
0 0.559
0 0.426
1 0.465
1 0.559
1 0.397
1 0.305
1 0.260
1 0.305
1 0.205
0 0.271
0 0.233
0 0.193
0 0.271
0 0.205
0 0.173
0 0.220
0 0.205
0 0.243
0 0.243
0 0.173
0 0.193
0 0.119
0 0.139
0 0.081
0 0.074
0 0.074
0 0.050
0 0.074
0 0.111
0 0.088
0 0.161
0 0.167
0 0.271
0 0.321
0 0.409
0 0.508
0 0.626
0 0.689
0 0.724
0 0.532
0 0.626
0 0.465
0 0.532
0 0.559
0 0.613
0 0.532
0 0.689
0 0.577
0 0.438
0 0.359
0 0.281
0 0.205
0 0.153
0 0.153
0 0.161
0 0.271
0 0.233
0 0.193
0 0.271
0 0.173
0 0.271
0 0.281
0 0.382
0 0.465
0 0.613
0 0.592
0 0.453
0 0.409
0 0.409
0 0.409
0 0.409
0 0.577
0 0.649
0 0.613
0 0.807
0 0.824
0 0.786
0 0.689
0 0.739
0 0.559
0 0.626
0 0.532
0 0.759
0 0.807
0 0.853
1 0.786
1 0.831
0 0.670
0 0.613
0 0.532
0 0.689
0 0.532
0 0.670
0 0.559
0 0.689
0 0.739
0 0.831
0 0.712
0 0.774
0 0.798
0 0.724
0 0.774
0 0.670
0 0.786
1 0.739
0 0.868
1 0.841
1 0.974
1 0.925
1 0.954
1 0.868
1 0.798
1 0.841
0 0.786
0 0.868
0 0.853
0 0.918
0 0.966
0 0.966
0 0.878
0 0.841
0 0.954
0 0.949
0 0.853
0 0.904
0 0.966
0 0.910
0 0.853
0 0.937
0 0.966
0 0.878
0 0.878
0 0.974
0 0.954
0 0.904
0 0.937
1 0.974
1 0.974
0 0.974
0 0.954
0 0.966
0 0.910
0 0.918
0 0.910
0 0.807
0 0.824
1 0.774
1 0.759
1 0.626
0 0.689
0 0.465
0 0.559
0 0.724
0 0.626
0 0.577
0 0.426
0 0.489
0 0.348
0 0.489
0 0.438
0 0.359
0 0.465
0 0.359
0 0.577
0 0.532
0 0.724
0 0.807
0 0.774
0 0.878
0 0.946
0 0.937
0 0.853
0 0.960
0 0.974
1 0.974
1 0.974
0 0.949
0 0.925
0 0.918
0 0.841
0 0.841
0 0.759
1 0.759
1 0.626
1 0.508
0 0.465
1 0.426
1 0.321
1 0.288
1 0.243
1 0.205
1 0.335
0 0.187
1 0.288
0 0.220
0 0.167
0 0.260
1 0.243
0 0.397
1 0.382
1 0.397
1 0.508
0 0.508
1 0.626
0 0.724
1 0.774
0 0.626
1 0.689
0 0.577
0 0.689
0 0.592
0 0.592
0 0.649
0 0.508
0 0.577
0 0.670
0 0.559
0 0.724
0 0.739
0 0.853
0 0.904
1 0.974
1 0.974
0 0.937
0 0.925
0 0.868
0 0.841
0 0.739
0 0.592
0 0.508
1 0.438
0 0.335
0 0.288
0 0.243
0 0.359
0 0.305
0 0.187
0 0.305
0 0.359
0 0.288
0 0.220
0 0.397
0 0.335
0 0.233
0 0.233
0 0.139
0 0.173
0 0.139
0 0.173
0 0.260
0 0.233
0 0.288
0 0.426
0 0.465
0 0.649
0 0.759
0 0.798
0 0.904
0 0.831
0 0.824
0 0.649
0 0.626
0 0.453
0 0.532
0 0.288
0 0.359
0 0.382
0 0.397
0 0.335
0 0.321
0 0.220
0 0.243
0 0.153
0 0.124
0 0.066
0 0.031
0 0.066
0 0.040
0 0.058
0 0.092
0 0.124
0 0.193
0 0.119
0 0.111
0 0.050
0 0.092
0 0.058
0 0.031
0 0.066
0 0.058
0 0.092
0 0.153
0 0.193
1 0.243
0 0.335
0 0.359
0 0.489
0 0.465
0 0.689
0 0.724
0 0.577
0 0.613
0 0.438
0 0.489
0 0.359
0 0.397
0 0.348
0 0.397
0 0.321
0 0.193
0 0.139
0 0.139
0 0.173
0 0.139
0 0.074
0 0.119
0 0.139
0 0.081
0 0.050
0 0.111
1 0.092
0 0.040
0 0.058
1 0.128
0 0.074
0 0.040
0 0.092
0 0.128
0 0.070
0 0.102
1 0.161
1 0.243
0 0.220
1 0.359
1 0.348
1 0.409
0 0.489
0 0.465
0 0.532
0 0.409
1 0.465
1 0.559
1 0.382
1 0.288
1 0.260
1 0.305
1 0.205
0 0.271
0 0.205
0 0.205
0 0.288
0 0.243
0 0.187
0 0.220
0 0.220
0 0.260
0 0.271
0 0.193
0 0.205
0 0.128
0 0.153
0 0.102
0 0.081
0 0.081
0 0.058
0 0.074
0 0.119
0 0.092
0 0.167
0 0.173
0 0.281
0 0.335
0 0.453
0 0.508
0 0.626
0 0.774
0 0.739
0 0.532
0 0.626
0 0.489
0 0.559
0 0.577
0 0.649
0 0.508
0 0.689
0 0.613
0 0.453
0 0.359
0 0.281
0 0.205
0 0.128
0 0.161
0 0.173
0 0.260
0 0.243
0 0.205
0 0.288
0 0.205
0 0.305
0 0.305
0 0.409
0 0.489
0 0.670
0 0.626
0 0.489
0 0.489
0 0.453
0 0.438
0 0.465
0 0.626
0 0.626
0 0.724
0 0.841
0 0.853
0 0.807
0 0.689
0 0.739
0 0.532
0 0.592
0 0.508
0 0.739
0 0.786
0 0.841
0 0.774
0 0.824
0 0.649
0 0.577
0 0.532
0 0.670
0 0.532
0 0.689
0 0.592
0 0.739
0 0.824
0 0.841
0 0.774
0 0.807
0 0.831
0 0.759
0 0.807
0 0.739
0 0.807
1 0.739
0 0.878
1 0.841
1 0.974
1 0.946
1 0.960
1 0.897
1 0.824
1 0.878
0 0.807
0 0.897
0 0.868
0 0.918
0 0.974
0 0.974
0 0.910
0 0.868
0 0.966
0 0.960
0 0.868
0 0.904
0 0.974
0 0.925
0 0.853
0 0.937
0 0.960
0 0.878
0 0.878
0 0.974
0 0.925
0 0.878
0 0.937
1 0.974
1 0.974
0 0.974
0 0.954
0 0.966
0 0.918
0 0.937
0 0.925
0 0.841
0 0.807
1 0.786
1 0.739
1 0.592
0 0.626
0 0.453
0 0.508
0 0.712
0 0.689
0 0.613
0 0.489
0 0.508
0 0.359
0 0.489
0 0.397
0 0.359
0 0.532
0 0.397
0 0.592
1 0.559
0 0.739
0 0.841
0 0.807
0 0.878
0 0.949
0 0.925
0 0.878
0 0.974
0 0.974
0 0.974
1 0.974
0 0.960
0 0.937
0 0.937
0 0.853
0 0.878
0 0.786
1 0.739
1 0.649
1 0.532
0 0.489
1 0.409
1 0.321
1 0.335
1 0.220
1 0.173
1 0.335
0 0.205
1 0.288
0 0.220
1 0.139
0 0.243
1 0.243
0 0.382
1 0.359
1 0.382
1 0.508
0 0.532
1 0.670
0 0.759
1 0.798
0 0.649
1 0.712
0 0.649
0 0.724
0 0.626
0 0.649
0 0.689
0 0.592
0 0.626
0 0.689
0 0.559
0 0.739
1 0.759
1 0.853
1 0.878
1 0.974
1 0.974
0 0.949
0 0.937
0 0.868
0 0.841
0 0.759
0 0.592
1 0.465
0 0.438
0 0.321
0 0.260
0 0.243
0 0.359
0 0.321
0 0.193
0 0.305
0 0.382
0 0.305
0 0.233
0 0.397
0 0.348
0 0.243
0 0.233
0 0.153
0 0.187
0 0.153
0 0.173
0 0.260
0 0.260
0 0.288
0 0.426
0 0.489
0 0.649
0 0.774
0 0.807
0 0.910
0 0.798
0 0.161
0 0.220
0 0.321
0 0.288
0 0.321
0 0.465
0 0.508
0 0.508
0 0.670
0 0.670
0 0.739
0 0.670
0 0.774
0 0.724
0 0.592
0 0.626
0 0.739
0 0.626
0 0.465
0 0.613
0 0.689
0 0.532
0 0.489
0 0.689
0 0.649
0 0.453
1 0.009
0 0.010
1 0.025
1 0.004
0 0.000
0 0.010
1 0.010
0 0.003
0 0.005
0 0.021
0 0.014
0 0.010
0 0.026
0 0.040
0 0.034
0 0.034
0 0.074
0 0.102
0 0.092
0 0.111
0 0.173
0 0.167
0 0.161
0 0.243
0 0.288
0 0.321
0 0.305
0 0.359
0 0.426
0 0.465
0 0.321
0 0.409
0 0.508
0 0.465
0 0.592
0 0.559
0 0.712
0 0.649
0 0.774
0 0.724
0 0.807
0 0.774
0 0.798
1 0.878
0 0.807
0 0.689
0 0.807
1 0.910
1 0.853
1 0.918
1 0.878
1 0.937
1 0.910
0 0.798
0 0.774
1 0.878
1 0.878
0 0.759
0 0.626
0 0.508
0 0.438
0 0.649
0 0.626
0 0.409
1 0.465
0 0.689
0 0.559
1 0.426
0 0.489
0 0.592
0 0.382
1 0.382
0 0.508
0 0.489
0 0.335
1 0.409
0 0.592
0 0.465
0 0.382
0 0.532
0 0.626
0 0.532
0 0.465
0 0.305
0 0.288
0 0.288
0 0.438
0 0.559
0 0.508
0 0.689
0 0.670
0 0.759
0 0.670
0 0.759
0 0.724
0 0.577
0 0.626
0 0.724
0 0.649
0 0.465
0 0.577
0 0.670
0 0.465
0 0.465
0 0.670
0 0.559
1 0.010
0 0.014
1 0.028
1 0.005
0 0.001
1 0.014
0 0.014
0 0.002
0 0.007
0 0.021
0 0.019
0 0.014
0 0.025
0 0.040
0 0.034
0 0.040
0 0.081
0 0.119
0 0.092
0 0.128
0 0.173
0 0.187
0 0.173
0 0.243
0 0.288
0 0.321
0 0.288
0 0.359
0 0.453
0 0.382
0 0.359
0 0.359
0 0.465
0 0.426
0 0.559
0 0.532
0 0.689
0 0.649
0 0.739
0 0.712
0 0.798
0 0.774
0 0.798
1 0.897
0 0.824
0 0.712
0 0.831
1 0.925
1 0.868
1 0.918
1 0.853
1 0.925
1 0.925
0 0.807
0 0.759
1 0.878
1 0.878
0 0.759
0 0.613
0 0.508
0 0.438
0 0.670
0 0.626
0 0.426
1 0.489
0 0.689
0 0.592
1 0.426
0 0.508
0 0.613
0 0.359
1 0.359
0 0.508
0 0.489
0 0.321
1 0.409
0 0.592
0 0.465
0 0.397
0 0.577
0 0.649
0 0.577
0 0.532
0 0.161
0 0.233
0 0.305
0 0.271
0 0.305
1 0.438
0 0.559
0 0.508
0 0.689
0 0.670
0 0.774
0 0.689
0 0.786
0 0.759
0 0.613
0 0.689
0 0.774
0 0.670
0 0.508
0 0.689
0 0.670
0 0.532
1 0.009
0 0.021
1 0.031
1 0.007
0 0.001
1 0.014
0 0.019
0 0.003
0 0.007
0 0.024
0 0.021
0 0.014
0 0.028
0 0.040
0 0.034
0 0.034
0 0.092
0 0.119
0 0.092
0 0.124
0 0.173
0 0.193
0 0.139
0 0.233
0 0.288
0 0.288
0 0.288
0 0.426
0 0.409
0 0.382
0 0.335
0 0.409
0 0.489
0 0.438
0 0.613
0 0.559
0 0.689
0 0.649
0 0.724
0 0.712
0 0.798
0 0.786
0 0.831
1 0.897
0 0.807
0 0.724
0 0.824
1 0.910
1 0.868
1 0.925
1 0.878
1 0.949
1 0.897
0 0.807
0 0.786
1 0.897
1 0.897
0 0.759
0 0.649
0 0.532
0 0.453
0 0.670
0 0.649
0 0.426
1 0.508
0 0.712
0 0.577
0 0.426
0 0.489
0 0.592
0 0.382
1 0.359
0 0.532
0 0.508
0 0.348
0 0.438
0 0.592
0 0.465
0 0.397
0 0.592
0 0.649
0 0.577
0 0.465
0 0.851
0 0.864
0 0.718
0 0.576
0 0.529
0 0.401
0 0.426
0 0.323
0 0.348
0 0.365
0 0.308
0 0.302
0 0.249
0 0.223
0 0.129
0 0.082
0 0.053
0 0.030
0 0.024
0 0.053
0 0.049
0 0.075
0 0.105
0 0.129
0 0.171
0 0.121
0 0.075
0 0.065
0 0.041
0 0.027
0 0.053
0 0.053
0 0.093
0 0.137
0 0.198
1 0.308
0 0.348
0 0.401
0 0.529
0 0.443
0 0.685
0 0.701
0 0.507
0 0.576
0 0.401
0 0.457
0 0.365
0 0.348
0 0.365
0 0.383
0 0.266
0 0.186
0 0.121
0 0.121
0 0.154
0 0.121
0 0.060
0 0.113
0 0.129
0 0.065
0 0.041
0 0.101
1 0.093
0 0.049
0 0.060
1 0.137
0 0.086
0 0.037
0 0.105
0 0.137
0 0.075
0 0.113
1 0.161
1 0.266
0 0.223
1 0.383
1 0.383
1 0.457
0 0.529
0 0.491
1 0.685
0 0.701
0 0.576
0 0.555
0 0.426
0 0.555
1 0.576
1 0.383
1 0.308
1 0.285
1 0.323
1 0.209
0 0.308
0 0.240
0 0.209
0 0.308
0 0.249
0 0.198
0 0.223
0 0.240
0 0.266
0 0.209
0 0.146
0 0.171
0 0.113
0 0.146
0 0.105
0 0.082
0 0.075
0 0.053
0 0.071
0 0.105
0 0.086
0 0.154
0 0.161
0 0.266
0 0.341
0 0.426
0 0.491
0 0.648
0 0.718
0 0.779
0 0.507
0 0.662
0 0.457
0 0.555
0 0.529
0 0.614
0 0.529
0 0.662
0 0.576
0 0.426
0 0.365
0 0.285
0 0.209
0 0.171
0 0.161
0 0.186
0 0.249
0 0.223
0 0.198
0 0.240
0 0.171
0 0.285
0 0.285
0 0.401
0 0.477
0 0.630
0 0.614
0 0.477
0 0.457
0 0.426
0 0.443
0 0.443
0 0.614
0 0.685
0 0.736
0 0.830
0 0.830
0 0.786
0 0.701
0 0.736
0 0.555
0 0.596
0 0.477
0 0.701
0 0.786
0 0.815
1 0.736
1 0.786
0 0.648
0 0.576
0 0.529
0 0.662
0 0.507
0 0.662
0 0.596
0 0.718
0 0.779
0 0.815
0 0.756
0 0.786
0 0.802
0 0.736
0 0.815
0 0.718
0 0.815
1 0.756
0 0.874
1 0.841
1 0.966
1 0.945
1 0.959
1 0.892
1 0.815
1 0.874
0 0.802
0 0.892
0 0.874
0 0.926
0 0.975
0 0.966
0 0.916
0 0.874
1 0.959
0 0.954
0 0.864
0 0.905
0 0.945
0 0.916
0 0.851
0 0.945
0 0.954
0 0.874
0 0.874
0 0.975
0 0.926
0 0.851
1 0.892
1 0.975
1 0.975
0 0.975
0 0.959
0 0.975
0 0.905
0 0.905
0 0.874
0 0.815
1 0.815
1 0.769
1 0.701
1 0.555
0 0.614
0 0.443
0 0.596
0 0.718
0 0.648
0 0.576
0 0.443
0 0.507
0 0.383
0 0.507
0 0.426
0 0.401
0 0.507
0 0.418
0 0.596
0 0.576
0 0.736
0 0.841
0 0.802
0 0.905
0 0.926
0 0.864
0 0.841
1 0.966
0 0.966
1 0.975
0 0.975
1 0.966
0 0.934
0 0.934
0 0.851
0 0.864
0 0.779
1 0.769
1 0.662
1 0.596
0 0.507
1 0.443
1 0.341
1 0.323
1 0.209
1 0.186
1 0.323
0 0.171
1 0.266
0 0.223
1 0.186
0 0.266
1 0.249
0 0.418
1 0.401
1 0.418
1 0.555
0 0.529
1 0.701
0 0.736
1 0.786
0 0.662
1 0.786
0 0.630
0 0.662
0 0.614
0 0.614
0 0.685
0 0.576
0 0.614
0 0.662
0 0.555
0 0.718
0 0.736
0 0.841
0 0.905
1 0.975
1 0.975
0 0.934
0 0.934
0 0.864
0 0.830
0 0.736
0 0.576
0 0.443
0 0.348
0 0.308
0 0.285
0 0.223
0 0.341
0 0.308
0 0.186
0 0.285
0 0.348
0 0.302
0 0.205
0 0.383
0 0.348
0 0.240
0 0.240
0 0.137
0 0.171
0 0.129
0 0.171
0 0.223
0 0.223
0 0.266
0 0.418
0 0.507
0 0.648
0 0.769
0 0.815
0 0.945
0 0.841
0 0.830
0 0.648
0 0.630
0 0.457
0 0.507
0 0.266
0 0.323
0 0.348
0 0.365
0 0.323
0 0.302
0 0.249
0 0.240
0 0.137
0 0.086
0 0.049
0 0.024
0 0.049
0 0.037
0 0.053
0 0.093
0 0.121
0 0.171
0 0.186
0 0.121
0 0.075
0 0.082
0 0.041
0 0.030
0 0.060
0 0.065
0 0.093
0 0.154
0 0.209
1 0.285
0 0.348
0 0.401
0 0.529
0 0.443
0 0.685
0 0.701
0 0.507
0 0.596
0 0.418
0 0.477
0 0.383
0 0.348
0 0.365
0 0.383
0 0.266
0 0.186
0 0.129
0 0.121
0 0.154
0 0.113
0 0.060
0 0.113
0 0.129
0 0.060
0 0.041
0 0.105
1 0.093
0 0.049
0 0.065
1 0.146
0 0.086
0 0.041
0 0.105
0 0.137
0 0.075
0 0.105
1 0.161
1 0.249
0 0.223
1 0.383
1 0.383
1 0.477
0 0.529
0 0.491
0 0.701
0 0.529
0 0.426
1 0.555
1 0.529
1 0.348
1 0.308
1 0.285
1 0.323
1 0.209
0 0.308
0 0.240
0 0.223
0 0.323
0 0.266
0 0.198
0 0.223
0 0.223
0 0.266
0 0.223
0 0.146
0 0.171
0 0.121
0 0.146
0 0.101
0 0.075
0 0.075
0 0.053
0 0.075
0 0.113
0 0.093
0 0.154
0 0.161
0 0.266
0 0.341
0 0.443
0 0.491
0 0.630
0 0.718
0 0.779
0 0.529
0 0.662
0 0.457
0 0.555
0 0.555
0 0.630
0 0.529
0 0.662
0 0.576
0 0.426
0 0.365
0 0.266
0 0.209
0 0.161
0 0.161
0 0.171
0 0.249
0 0.223
0 0.198
0 0.249
0 0.171
0 0.285
0 0.285
0 0.401
0 0.477
0 0.630
0 0.614
0 0.477
0 0.477
0 0.426
0 0.426
0 0.457
0 0.614
0 0.685
0 0.736
0 0.841
0 0.851
0 0.786
0 0.701
0 0.736
0 0.555
0 0.596
0 0.477
0 0.701
0 0.786
0 0.830
1 0.718
1 0.802
0 0.630
0 0.576
0 0.529
0 0.662
0 0.529
0 0.662
0 0.576
0 0.718
0 0.779
0 0.815
0 0.756
0 0.786
0 0.815
0 0.736
0 0.815
0 0.718
0 0.802
1 0.756
0 0.874
1 0.830
1 0.959
1 0.934
1 0.959
1 0.892
1 0.815
1 0.864
0 0.802
0 0.892
0 0.874
0 0.926
0 0.975
0 0.966
0 0.916
0 0.874
0 0.959
0 0.954
0 0.864
0 0.905
0 0.945
0 0.916
0 0.851
0 0.945
0 0.954
0 0.874
0 0.874
0 0.975
0 0.926
0 0.851
0 0.874
1 0.975
1 0.975
0 0.975
0 0.959
0 0.975
0 0.905
0 0.905
0 0.874
0 0.802
0 0.815
1 0.769
1 0.718
1 0.576
0 0.630
0 0.443
0 0.555
0 0.718
0 0.648
0 0.576
0 0.443
0 0.507
0 0.383
0 0.507
0 0.426
0 0.401
0 0.507
0 0.401
0 0.596
0 0.576
0 0.736
0 0.841
0 0.802
0 0.905
0 0.926
0 0.864
0 0.841
0 0.966
0 0.966
1 0.975
1 0.975
0 0.966
0 0.934
0 0.934
0 0.851
0 0.864
0 0.769
1 0.769
1 0.662
1 0.596
0 0.507
1 0.443
1 0.323
1 0.323
1 0.240
1 0.186
1 0.341
0 0.171
1 0.266
0 0.209
0 0.186
0 0.266
1 0.249
0 0.418
1 0.401
1 0.418
1 0.529
0 0.529
1 0.685
0 0.736
1 0.779
0 0.662
1 0.802
0 0.630
0 0.685
0 0.614
0 0.630
0 0.685
0 0.576
0 0.614
0 0.662
0 0.555
0 0.718
0 0.736
0 0.841
0 0.916
1 0.975
1 0.975
0 0.953
0 0.926
0 0.864
0 0.830
0 0.736
0 0.576
0 0.443
1 0.341
0 0.302
0 0.285
0 0.209
0 0.348
0 0.308
0 0.186
0 0.285
0 0.348
0 0.308
0 0.205
0 0.383
0 0.348
0 0.240
0 0.240
0 0.137
0 0.171
0 0.137
0 0.171
0 0.223
0 0.223
0 0.285
0 0.401
0 0.491
0 0.648
0 0.769
0 0.786
0 0.934
0 0.851
0 0.815
0 0.648
0 0.614
0 0.443
0 0.491
0 0.249
0 0.308
0 0.341
0 0.365
0 0.308
0 0.302
0 0.249
0 0.223
0 0.129
0 0.086
0 0.041
0 0.024
0 0.053
0 0.041
0 0.065
0 0.105
0 0.137
0 0.186
0 0.205
0 0.146
0 0.093
0 0.093
0 0.060
0 0.033
0 0.071
0 0.071
0 0.105
0 0.161
0 0.209
1 0.341
0 0.365
0 0.401
0 0.529
0 0.457
0 0.701
0 0.701
0 0.507
0 0.596
0 0.418
0 0.477
0 0.383
0 0.365
0 0.348
0 0.365
0 0.266
0 0.198
0 0.129
0 0.129
0 0.161
0 0.121
0 0.065
0 0.121
0 0.137
0 0.065
0 0.049
0 0.113
1 0.101
0 0.053
0 0.071
1 0.154
0 0.093
0 0.041
0 0.113
0 0.146
0 0.075
0 0.121
1 0.171
1 0.266
0 0.223
1 0.401
1 0.383
1 0.491
0 0.529
0 0.685
0 0.507
0 0.426
1 0.529
1 0.576
1 0.383
1 0.308
1 0.285
1 0.323
1 0.223
0 0.323
0 0.266
0 0.223
0 0.323
0 0.249
0 0.205
0 0.266
0 0.266
0 0.323
0 0.266
0 0.186
0 0.209
0 0.137
0 0.161
0 0.113
0 0.086
0 0.082
0 0.053
0 0.071
0 0.105
0 0.093
0 0.154
0 0.171
0 0.266
0 0.348
0 0.457
0 0.507
0 0.648
0 0.718
0 0.786
0 0.529
0 0.662
0 0.457
0 0.555
0 0.555
0 0.630
0 0.529
0 0.662
0 0.576
0 0.443
0 0.383
0 0.285
0 0.209
0 0.186
0 0.171
0 0.198
0 0.285
0 0.249
0 0.209
0 0.285
0 0.198
0 0.308
0 0.302
0 0.418
0 0.491
0 0.648
0 0.630
0 0.491
0 0.491
0 0.457
0 0.443
0 0.457
0 0.630
0 0.685
0 0.736
0 0.841
0 0.851
0 0.786
0 0.701
0 0.756
0 0.555
0 0.614
0 0.507
0 0.718
0 0.786
0 0.841
0 0.756
0 0.802
0 0.648
0 0.596
0 0.555
0 0.662
0 0.507
0 0.662
0 0.596
0 0.736
0 0.786
0 0.830
0 0.769
0 0.802
0 0.830
0 0.756
0 0.830
0 0.736
0 0.830
1 0.779
0 0.905
1 0.851
1 0.975
1 0.953
1 0.966
1 0.916
1 0.841
1 0.892
0 0.815
0 0.905
0 0.892
0 0.934
0 0.975
0 0.975
0 0.925
0 0.874
0 0.959
0 0.954
0 0.874
0 0.905
0 0.945
0 0.916
0 0.851
0 0.945
0 0.959
0 0.874
0 0.892
0 0.975
0 0.926
0 0.851
0 0.892
1 0.975
1 0.975
0 0.975
0 0.959
0 0.975
0 0.916
0 0.905
0 0.892
0 0.815
0 0.830
1 0.779
1 0.718
1 0.576
0 0.648
0 0.457
0 0.576
0 0.736
0 0.662
0 0.596
0 0.457
0 0.529
0 0.401
0 0.529
0 0.457
0 0.426
0 0.555
0 0.426
0 0.630
1 0.596
0 0.756
0 0.851
0 0.815
0 0.916
0 0.934
0 0.874
0 0.841
0 0.975
0 0.966
0 0.975
1 0.975
0 0.975
0 0.945
0 0.945
0 0.864
0 0.874
0 0.786
1 0.779
1 0.701
1 0.614
0 0.555
1 0.477
1 0.348
1 0.341
1 0.249
1 0.198
1 0.348
0 0.186
1 0.285
0 0.223
1 0.198
0 0.266
1 0.266
0 0.426
1 0.426
1 0.443
1 0.596
0 0.576
1 0.718
0 0.756
1 0.802
0 0.685
1 0.815
0 0.662
0 0.701
0 0.630
0 0.648
0 0.685
0 0.576
0 0.614
0 0.685
0 0.555
0 0.718
1 0.756
1 0.864
1 0.916
1 0.975
1 0.975
0 0.954
0 0.934
0 0.864
0 0.830
0 0.736
0 0.596
1 0.457
0 0.348
0 0.308
0 0.302
0 0.223
0 0.365
0 0.323
0 0.205
0 0.308
0 0.365
0 0.323
0 0.209
0 0.401
0 0.383
0 0.249
0 0.240
0 0.146
0 0.171
0 0.129
0 0.171
0 0.209
0 0.223
0 0.285
0 0.401
0 0.491
0 0.630
0 0.756
0 0.779
0 0.934
0 0.830
0 0.457
0 0.507
0 0.365
0 0.240
0 0.308
0 0.477
0 0.491
0 0.491
0 0.648
0 0.648
0 0.736
0 0.630
0 0.718
0 0.701
0 0.576
0 0.596
0 0.685
0 0.491
0 0.418
0 0.365
0 0.323
0 0.249
0 0.209
0 0.249
0 0.161
0 0.146
1 0.019
0 0.022
1 0.027
1 0.006
0 0.000
0 0.007
1 0.011
0 0.003
0 0.004
0 0.016
0 0.016
0 0.011
0 0.030
0 0.041
0 0.037
0 0.037
0 0.101
0 0.113
0 0.093
0 0.086
0 0.161
0 0.186
0 0.154
0 0.240
0 0.302
0 0.323
0 0.341
0 0.365
0 0.491
0 0.529
0 0.477
0 0.507
0 0.365
0 0.457
0 0.630
0 0.596
0 0.736
0 0.718
0 0.802
0 0.718
0 0.802
0 0.769
0 0.830
1 0.892
0 0.786
0 0.718
0 0.769
1 0.892
1 0.851
1 0.934
1 0.874
1 0.926
1 0.905
0 0.786
0 0.756
1 0.874
1 0.874
0 0.736
0 0.630
0 0.491
0 0.457
0 0.662
0 0.630
0 0.426
1 0.596
0 0.685
0 0.555
1 0.426
0 0.529
0 0.614
0 0.383
1 0.365
0 0.555
0 0.507
0 0.365
1 0.457
0 0.614
0 0.491
0 0.383
0 0.529
0 0.701
0 0.685
0 0.614
0 0.383
0 0.249
0 0.323
0 0.491
0 0.507
0 0.491
0 0.648
0 0.662
0 0.756
0 0.648
0 0.736
0 0.701
0 0.555
0 0.596
0 0.662
0 0.477
0 0.401
0 0.348
0 0.323
0 0.266
0 0.209
0 0.249
0 0.154
1 0.010
0 0.024
1 0.030
1 0.004
0 0.001
1 0.011
0 0.011
0 0.001
0 0.009
0 0.022
0 0.011
0 0.011
0 0.027
0 0.041
0 0.033
0 0.033
0 0.101
0 0.113
0 0.086
0 0.082
0 0.161
0 0.171
0 0.137
0 0.249
0 0.266
0 0.285
0 0.308
0 0.365
0 0.443
0 0.457
0 0.401
0 0.426
0 0.308
0 0.401
0 0.529
0 0.529
0 0.685
0 0.662
0 0.769
0 0.718
0 0.802
0 0.769
0 0.815
1 0.892
0 0.802
0 0.718
0 0.786
1 0.916
1 0.851
1 0.934
1 0.892
1 0.934
1 0.916
0 0.786
0 0.769
1 0.892
1 0.892
0 0.756
0 0.630
0 0.507
0 0.477
0 0.685
0 0.630
0 0.426
1 0.596
0 0.685
0 0.555
1 0.426
0 0.529
0 0.614
0 0.383
1 0.365
0 0.555
0 0.507
0 0.348
1 0.457
0 0.596
0 0.477
0 0.383
0 0.529
0 0.701
0 0.662
0 0.576
0 0.477
0 0.529
0 0.383
0 0.249
0 0.323
1 0.477
0 0.507
0 0.491
0 0.648
0 0.662
0 0.736
0 0.630
0 0.718
0 0.701
0 0.555
0 0.596
0 0.662
0 0.457
0 0.401
0 0.401
0 0.348
0 0.285
1 0.019
0 0.027
1 0.033
1 0.007
0 0.001
1 0.011
0 0.016
0 0.003
0 0.007
0 0.019
0 0.016
0 0.010
0 0.022
0 0.037
0 0.037
0 0.033
0 0.065
0 0.105
0 0.086
0 0.129
0 0.161
0 0.186
0 0.146
0 0.249
0 0.285
0 0.302
0 0.323
0 0.365
0 0.457
0 0.457
0 0.383
0 0.443
0 0.323
0 0.401
0 0.555
0 0.507
0 0.685
0 0.648
0 0.756
0 0.701
0 0.786
0 0.756
0 0.815
1 0.874
0 0.786
0 0.701
0 0.756
1 0.892
1 0.841
1 0.926
1 0.874
1 0.934
1 0.925
0 0.802
0 0.756
1 0.874
1 0.851
0 0.736
0 0.614
0 0.491
0 0.457
0 0.662
0 0.614
0 0.418
1 0.576
0 0.662
0 0.555
0 0.426
0 0.507
0 0.614
0 0.365
1 0.348
0 0.529
0 0.507
0 0.348
0 0.457
0 0.596
0 0.477
0 0.365
0 0.507
0 0.685
0 0.630
0 0.529
0 0.781
0 0.790
0 0.584
0 0.506
0 0.369
0 0.398
0 0.181
0 0.245
0 0.288
0 0.296
0 0.264
0 0.264
0 0.264
0 0.264
0 0.170
0 0.181
0 0.102
0 0.073
0 0.082
0 0.037
0 0.066
0 0.060
0 0.078
0 0.090
0 0.082
0 0.090
0 0.060
0 0.046
0 0.037
0 0.046
0 0.046
0 0.028
0 0.037
0 0.066
0 0.060
1 0.119
0 0.199
0 0.208
0 0.307
0 0.342
0 0.485
1 0.584
0 0.445
0 0.523
0 0.369
0 0.485
0 0.369
0 0.420
0 0.384
0 0.459
0 0.384
0 0.255
0 0.199
0 0.170
0 0.232
0 0.232
0 0.119
0 0.170
0 0.232
0 0.146
0 0.114
0 0.181
1 0.199
0 0.127
0 0.146
1 0.245
0 0.199
0 0.119
0 0.187
0 0.288
0 0.264
0 0.369
1 0.485
0 0.506
0 0.384
1 0.562
1 0.459
1 0.523
0 0.523
0 0.598
1 0.665
0 0.931
0 0.882
0 0.756
0 0.770
1 0.695
1 0.695
1 0.648
1 0.523
1 0.542
1 0.398
1 0.432
0 0.318
0 0.318
0 0.398
0 0.333
0 0.398
0 0.296
0 0.276
0 0.264
1 0.255
0 0.232
0 0.140
0 0.140
0 0.119
0 0.109
0 0.116
0 0.060
0 0.066
0 0.057
0 0.053
0 0.102
0 0.102
0 0.127
0 0.146
0 0.232
0 0.264
0 0.353
0 0.420
0 0.562
0 0.614
0 0.695
0 0.485
0 0.633
0 0.459
0 0.523
0 0.523
0 0.598
0 0.472
0 0.562
0 0.445
0 0.342
0 0.276
0 0.187
0 0.146
0 0.078
0 0.109
0 0.140
0 0.199
0 0.181
0 0.187
0 0.232
0 0.208
0 0.307
0 0.353
0 0.459
0 0.598
0 0.732
0 0.614
0 0.485
0 0.445
0 0.369
0 0.353
0 0.369
0 0.485
0 0.562
0 0.542
1 0.756
0 0.804
0 0.745
0 0.633
0 0.732
0 0.542
0 0.648
0 0.614
1 0.781
1 0.827
1 0.882
1 0.839
1 0.871
1 0.756
1 0.683
0 0.633
0 0.711
0 0.562
0 0.665
0 0.523
0 0.665
1 0.683
0 0.683
0 0.633
0 0.711
0 0.695
0 0.665
0 0.711
0 0.648
0 0.756
1 0.732
0 0.839
1 0.871
1 0.882
1 0.790
1 0.790
1 0.871
1 0.811
1 0.839
0 0.770
1 0.827
0 0.811
0 0.839
1 0.954
1 0.922
1 0.827
1 0.839
1 0.938
1 0.913
0 0.811
0 0.871
0 0.922
1 0.839
0 0.827
1 0.938
0 0.938
0 0.854
0 0.882
0 0.976
0 0.913
1 0.900
1 0.976
1 0.976
1 0.976
0 0.976
0 0.963
0 0.976
0 0.922
1 0.938
0 0.931
0 0.900
1 0.922
1 0.882
1 0.839
1 0.756
1 0.781
1 0.598
1 0.732
1 0.811
1 0.756
0 0.648
0 0.542
0 0.523
0 0.369
0 0.432
0 0.384
0 0.398
0 0.523
1 0.472
0 0.598
1 0.665
0 0.770
0 0.882
0 0.839
0 0.948
1 0.948
0 0.864
0 0.864
1 0.976
0 0.972
1 0.976
0 0.954
1 0.922
0 0.913
1 0.922
1 0.854
1 0.882
1 0.781
1 0.827
1 0.695
1 0.711
0 0.665
1 0.683
1 0.542
1 0.598
1 0.420
1 0.318
1 0.307
0 0.296
1 0.472
0 0.506
1 0.614
0 0.485
1 0.598
0 0.445
1 0.542
1 0.633
1 0.665
0 0.598
1 0.745
0 0.711
1 0.711
0 0.598
1 0.665
0 0.485
1 0.523
0 0.485
0 0.506
0 0.614
0 0.506
0 0.614
0 0.695
0 0.633
0 0.770
0 0.811
1 0.900
1 0.963
1 0.976
1 0.976
0 0.963
0 0.963
0 0.882
0 0.922
0 0.790
0 0.683
1 0.614
1 0.506
0 0.432
0 0.369
0 0.342
0 0.445
0 0.384
0 0.276
0 0.353
0 0.369
0 0.296
0 0.245
0 0.369
0 0.296
0 0.208
0 0.255
0 0.156
0 0.170
0 0.146
0 0.146
0 0.208
0 0.187
0 0.245
0 0.342
0 0.445
0 0.562
0 0.683
0 0.732
0 0.864
0 0.770
0 0.756
0 0.562
0 0.485
0 0.353
0 0.384
0 0.181
0 0.232
0 0.276
0 0.288
0 0.264
0 0.255
0 0.255
0 0.276
0 0.170
0 0.156
0 0.102
0 0.066
0 0.082
0 0.046
0 0.073
0 0.073
0 0.082
0 0.096
0 0.090
0 0.096
0 0.066
0 0.046
0 0.043
0 0.053
0 0.046
0 0.033
0 0.033
0 0.066
0 0.090
1 0.119
0 0.187
0 0.223
0 0.307
0 0.333
1 0.472
0 0.562
0 0.420
0 0.485
0 0.353
0 0.459
0 0.353
0 0.420
0 0.398
0 0.485
0 0.384
0 0.264
0 0.223
0 0.170
0 0.245
0 0.232
0 0.127
0 0.170
0 0.232
0 0.146
0 0.116
0 0.187
1 0.199
0 0.133
0 0.156
1 0.288
0 0.232
0 0.156
0 0.208
0 0.307
0 0.264
0 0.384
1 0.485
1 0.523
0 0.398
1 0.598
1 0.485
1 0.598
0 0.614
0 0.732
0 0.770
0 0.871
0 0.900
1 0.781
1 0.781
1 0.695
1 0.562
1 0.542
1 0.420
1 0.459
0 0.333
0 0.333
0 0.420
0 0.342
0 0.472
0 0.318
0 0.307
0 0.296
1 0.276
0 0.255
0 0.164
0 0.156
0 0.119
0 0.102
0 0.109
0 0.057
0 0.066
0 0.053
0 0.053
0 0.102
0 0.102
0 0.133
0 0.146
0 0.232
0 0.264
0 0.353
0 0.384
0 0.542
0 0.614
0 0.711
0 0.472
0 0.633
0 0.459
0 0.542
0 0.506
0 0.584
0 0.459
0 0.562
0 0.432
0 0.333
0 0.276
0 0.187
0 0.140
0 0.078
0 0.109
0 0.140
0 0.208
0 0.187
0 0.199
0 0.255
0 0.223
0 0.318
0 0.369
0 0.485
0 0.614
0 0.732
0 0.633
0 0.472
0 0.472
0 0.384
0 0.369
0 0.384
0 0.506
0 0.562
0 0.542
1 0.745
0 0.756
1 0.745
0 0.648
0 0.732
0 0.562
0 0.695
0 0.633
1 0.790
1 0.839
1 0.913
1 0.854
1 0.900
1 0.781
1 0.711
0 0.665
0 0.732
0 0.584
0 0.665
0 0.542
0 0.665
0 0.695
0 0.695
0 0.648
0 0.732
0 0.732
0 0.683
1 0.745
0 0.695
0 0.781
1 0.770
0 0.871
1 0.882
1 0.931
1 0.811
1 0.839
1 0.900
1 0.827
1 0.882
0 0.790
1 0.854
0 0.827
0 0.864
1 0.961
1 0.938
1 0.854
1 0.839
1 0.948
1 0.938
0 0.811
0 0.882
0 0.922
1 0.854
0 0.839
1 0.931
0 0.938
0 0.839
0 0.882
0 0.976
0 0.900
1 0.900
1 0.963
1 0.976
1 0.976
0 0.976
0 0.972
0 0.976
0 0.931
1 0.948
0 0.922
0 0.900
1 0.948
1 0.882
1 0.839
1 0.770
1 0.790
1 0.665
1 0.745
1 0.839
1 0.781
0 0.665
0 0.584
0 0.584
0 0.420
0 0.472
0 0.432
0 0.432
0 0.562
1 0.506
0 0.648
1 0.732
0 0.790
0 0.882
0 0.854
0 0.954
1 0.938
0 0.871
0 0.871
1 0.976
0 0.976
1 0.976
1 0.976
0 0.938
0 0.922
1 0.938
1 0.871
1 0.913
1 0.811
1 0.871
1 0.745
1 0.756
0 0.695
1 0.711
1 0.562
1 0.614
1 0.432
1 0.445
1 0.318
0 0.318
1 0.506
0 0.542
1 0.633
0 0.523
1 0.614
0 0.459
1 0.584
1 0.665
1 0.695
0 0.598
1 0.711
0 0.732
1 0.711
0 0.614
1 0.683
0 0.523
1 0.562
0 0.542
0 0.542
0 0.633
0 0.523
0 0.614
0 0.711
0 0.648
0 0.781
1 0.827
1 0.882
1 0.972
1 0.976
1 0.976
0 0.972
0 0.972
0 0.900
0 0.931
0 0.804
0 0.695
1 0.614
1 0.506
0 0.445
0 0.333
0 0.342
0 0.459
0 0.384
0 0.276
0 0.384
0 0.398
0 0.296
0 0.245
0 0.369
0 0.296
0 0.223
0 0.245
0 0.164
0 0.170
0 0.146
0 0.140
0 0.208
0 0.170
0 0.255
0 0.353
0 0.445
0 0.562
0 0.683
0 0.711
0 0.864
0 0.745
0 0.745
0 0.542
0 0.459
0 0.333
0 0.333
0 0.156
0 0.164
0 0.208
0 0.199
0 0.199
0 0.170
0 0.208
0 0.187
0 0.133
0 0.140
0 0.078
0 0.060
0 0.082
0 0.043
0 0.078
0 0.066
0 0.096
0 0.096
0 0.164
0 0.133
0 0.102
0 0.096
0 0.082
0 0.082
0 0.066
0 0.037
0 0.043
0 0.053
0 0.031
1 0.057
0 0.119
0 0.119
0 0.187
0 0.232
1 0.318
0 0.398
0 0.307
0 0.384
0 0.288
0 0.398
0 0.296
0 0.369
0 0.369
0 0.459
0 0.353
0 0.232
0 0.187
0 0.146
0 0.245
0 0.245
0 0.127
0 0.187
0 0.264
0 0.181
0 0.133
0 0.208
1 0.264
0 0.187
0 0.208
1 0.318
0 0.296
0 0.223
0 0.318
0 0.398
0 0.398
0 0.523
1 0.665
1 0.683
0 0.523
1 0.695
1 0.598
1 0.683
0 0.683
0 0.695
0 0.948
0 0.882
1 0.811
1 0.811
1 0.770
1 0.683
1 0.695
1 0.584
1 0.633
0 0.485
0 0.523
0 0.584
0 0.506
0 0.614
0 0.445
0 0.398
0 0.342
1 0.318
0 0.276
0 0.170
0 0.156
0 0.119
0 0.096
0 0.114
0 0.052
0 0.050
0 0.037
0 0.028
0 0.057
0 0.066
0 0.096
0 0.114
0 0.164
0 0.181
0 0.288
0 0.296
0 0.420
0 0.445
0 0.614
0 0.420
0 0.562
0 0.398
0 0.472
0 0.445
0 0.472
0 0.353
0 0.420
0 0.318
0 0.245
0 0.181
0 0.119
0 0.102
0 0.050
0 0.082
0 0.116
0 0.170
0 0.164
0 0.187
0 0.255
0 0.245
0 0.342
0 0.398
0 0.506
0 0.633
0 0.745
0 0.614
0 0.485
0 0.485
0 0.420
0 0.353
0 0.353
0 0.472
0 0.506
0 0.506
1 0.633
0 0.756
0 0.711
0 0.614
0 0.711
0 0.523
0 0.648
0 0.584
1 0.732
1 0.811
1 0.871
1 0.790
1 0.871
1 0.756
1 0.665
0 0.648
0 0.711
0 0.562
0 0.648
0 0.506
0 0.665
0 0.648
0 0.711
0 0.648
0 0.745
0 0.745
0 0.732
1 0.790
0 0.756
0 0.839
1 0.854
0 0.931
1 0.954
1 0.963
1 0.913
1 0.913
1 0.954
1 0.900
1 0.938
0 0.839
0 0.900
0 0.871
0 0.882
0 0.976
0 0.938
0 0.854
0 0.839
0 0.954
0 0.871
0 0.811
0 0.882
0 0.913
0 0.827
0 0.827
0 0.922
0 0.900
0 0.804
0 0.871
0 0.963
0 0.864
1 0.827
1 0.931
1 0.976
1 0.976
0 0.976
0 0.972
0 0.976
0 0.938
1 0.954
0 0.938
0 0.913
1 0.948
1 0.913
1 0.882
1 0.811
1 0.811
1 0.711
1 0.770
1 0.864
1 0.804
0 0.756
0 0.648
0 0.633
0 0.472
0 0.584
0 0.506
0 0.523
0 0.648
1 0.614
0 0.732
1 0.770
0 0.827
0 0.931
0 0.882
0 0.963
1 0.963
0 0.913
0 0.900
1 0.976
0 0.976
1 0.976
1 0.976
0 0.963
0 0.954
1 0.963
1 0.913
1 0.948
1 0.854
1 0.913
1 0.804
1 0.811
0 0.790
1 0.790
1 0.665
1 0.695
1 0.523
1 0.485
1 0.369
0 0.420
1 0.584
0 0.633
1 0.732
0 0.648
1 0.756
0 0.598
1 0.711
1 0.790
1 0.804
0 0.770
1 0.900
0 0.827
1 0.811
0 0.756
1 0.781
0 0.614
1 0.648
0 0.614
0 0.562
0 0.614
0 0.485
0 0.614
0 0.695
0 0.648
0 0.770
0 0.811
1 0.864
1 0.954
1 0.976
1 0.976
0 0.961
0 0.963
0 0.900
0 0.931
0 0.811
0 0.711
1 0.648
1 0.542
0 0.445
0 0.353
0 0.353
0 0.445
0 0.398
0 0.276
0 0.342
0 0.369
0 0.288
0 0.208
0 0.318
0 0.255
0 0.170
0 0.199
0 0.127
0 0.127
0 0.109
0 0.109
0 0.156
0 0.133
0 0.208
0 0.296
0 0.384
0 0.472
0 0.614
0 0.584
0 0.756
0 0.695
0 0.090
0 0.119
0 0.170
0 0.170
0 0.208
0 0.288
0 0.369
0 0.353
0 0.485
0 0.485
0 0.598
0 0.542
0 0.562
0 0.506
0 0.398
0 0.432
0 0.542
0 0.353
0 0.296
0 0.333
0 0.307
0 0.208
0 0.187
0 0.276
0 0.223
0 0.140
1 0.013
0 0.019
1 0.025
1 0.005
0 0.001
0 0.013
1 0.009
0 0.001
0 0.007
0 0.023
0 0.013
0 0.019
0 0.028
0 0.037
0 0.033
0 0.033
0 0.060
0 0.090
0 0.073
0 0.082
0 0.133
0 0.140
0 0.156
0 0.208
0 0.232
0 0.255
0 0.276
0 0.318
0 0.353
0 0.318
0 0.255
0 0.223
0 0.318
0 0.276
0 0.398
0 0.432
0 0.584
0 0.584
0 0.711
0 0.648
0 0.756
0 0.711
0 0.811
1 0.882
0 0.827
0 0.711
0 0.790
1 0.900
1 0.811
1 0.882
1 0.804
1 0.854
1 0.839
0 0.711
0 0.648
1 0.790
1 0.790
0 0.665
0 0.523
0 0.420
0 0.420
0 0.598
0 0.562
0 0.398
1 0.485
0 0.648
0 0.542
1 0.432
0 0.562
0 0.598
0 0.398
1 0.398
0 0.562
0 0.485
0 0.342
1 0.459
0 0.584
0 0.432
0 0.369
0 0.562
0 0.542
0 0.459
0 0.506
0 0.156
0 0.164
0 0.208
0 0.276
0 0.333
0 0.333
0 0.459
0 0.459
0 0.562
0 0.523
0 0.542
0 0.472
0 0.384
0 0.432
0 0.485
0 0.333
0 0.288
0 0.342
0 0.296
0 0.208
0 0.223
0 0.307
0 0.199
1 0.012
0 0.022
1 0.026
1 0.006
0 0.001
1 0.013
0 0.012
0 0.001
0 0.007
0 0.023
0 0.019
0 0.019
0 0.028
0 0.037
0 0.033
0 0.031
0 0.060
0 0.090
0 0.090
0 0.073
0 0.127
0 0.146
0 0.133
0 0.232
0 0.232
0 0.264
0 0.296
0 0.318
0 0.369
0 0.307
0 0.223
0 0.208
0 0.307
0 0.255
0 0.384
0 0.420
0 0.562
0 0.562
0 0.695
0 0.648
0 0.756
0 0.711
0 0.827
1 0.882
0 0.811
0 0.711
0 0.770
1 0.854
1 0.811
1 0.882
1 0.804
1 0.864
1 0.854
0 0.711
0 0.633
1 0.770
1 0.781
0 0.665
0 0.506
0 0.420
0 0.398
0 0.584
0 0.542
0 0.398
1 0.523
0 0.665
0 0.542
1 0.523
0 0.633
0 0.683
0 0.432
1 0.432
0 0.598
0 0.506
0 0.353
1 0.459
0 0.584
0 0.432
0 0.353
0 0.542
0 0.562
0 0.459
0 0.445
0 0.050
0 0.082
0 0.073
0 0.096
0 0.133
1 0.164
0 0.187
0 0.232
0 0.264
0 0.342
0 0.445
0 0.432
0 0.445
0 0.384
0 0.307
0 0.342
0 0.398
0 0.264
0 0.223
0 0.276
0 0.245
0 0.170
1 0.009
0 0.013
1 0.023
1 0.004
0 0.000
1 0.009
0 0.009
0 0.001
0 0.007
0 0.022
0 0.013
0 0.013
0 0.027
0 0.037
0 0.033
0 0.031
0 0.060
0 0.090
0 0.078
0 0.116
0 0.127
0 0.146
0 0.146
0 0.223
0 0.232
0 0.288
0 0.307
0 0.318
0 0.353
0 0.307
0 0.245
0 0.208
0 0.307
0 0.223
0 0.342
0 0.398
0 0.523
0 0.562
0 0.711
0 0.633
0 0.745
0 0.665
0 0.804
1 0.854
0 0.790
0 0.683
0 0.695
1 0.804
1 0.732
1 0.827
1 0.745
1 0.790
1 0.756
0 0.614
0 0.542
1 0.665
1 0.665
0 0.506
0 0.384
0 0.318
0 0.288
0 0.445
0 0.398
0 0.318
1 0.472
0 0.562
0 0.485
0 0.485
0 0.542
0 0.633
0 0.398
1 0.398
0 0.584
0 0.485
0 0.342
0 0.485
0 0.598
0 0.432
0 0.398
0 0.598
0 0.598
0 0.472
0 0.523
0 0.826
0 0.783
0 0.592
0 0.529
0 0.388
0 0.413
0 0.202
0 0.238
0 0.289
0 0.296
0 0.268
0 0.255
0 0.238
0 0.238
0 0.155
0 0.169
0 0.092
0 0.069
0 0.082
0 0.035
0 0.074
0 0.061
0 0.074
0 0.074
0 0.084
0 0.092
0 0.055
0 0.037
0 0.037
0 0.046
0 0.046
0 0.027
0 0.028
0 0.061
0 0.061
1 0.126
0 0.202
0 0.213
0 0.303
0 0.311
0 0.445
1 0.548
0 0.401
0 0.479
0 0.338
0 0.429
0 0.323
0 0.388
0 0.388
0 0.445
0 0.371
0 0.238
0 0.194
0 0.164
0 0.219
0 0.219
0 0.119
0 0.169
0 0.225
0 0.147
0 0.108
0 0.181
1 0.202
0 0.133
0 0.155
1 0.238
0 0.219
0 0.137
0 0.225
0 0.303
0 0.289
0 0.401
1 0.529
0 0.565
0 0.413
1 0.636
1 0.548
1 0.636
0 0.674
0 0.733
1 0.826
0 0.984
0 0.981
0 0.921
0 0.941
1 0.826
1 0.810
1 0.733
1 0.618
1 0.592
1 0.456
1 0.500
0 0.371
0 0.371
0 0.429
0 0.338
0 0.445
0 0.296
0 0.296
0 0.255
1 0.255
0 0.225
0 0.147
0 0.147
0 0.119
0 0.108
0 0.108
0 0.061
0 0.066
0 0.052
0 0.046
0 0.092
0 0.084
0 0.126
0 0.137
0 0.219
0 0.255
0 0.323
0 0.388
0 0.514
0 0.548
0 0.674
0 0.456
0 0.592
0 0.429
0 0.500
0 0.514
0 0.548
0 0.429
0 0.529
0 0.413
0 0.311
0 0.255
0 0.181
0 0.137
0 0.084
0 0.108
0 0.137
0 0.202
0 0.194
0 0.194
0 0.225
0 0.213
0 0.303
0 0.355
0 0.456
0 0.578
0 0.721
0 0.618
0 0.479
0 0.456
0 0.388
0 0.355
0 0.371
0 0.479
0 0.548
0 0.514
1 0.687
0 0.733
0 0.733
0 0.636
0 0.707
0 0.529
0 0.636
0 0.565
1 0.751
1 0.798
1 0.873
1 0.810
1 0.873
1 0.733
1 0.674
0 0.636
0 0.721
0 0.565
0 0.655
0 0.529
0 0.655
1 0.687
0 0.687
0 0.636
0 0.721
0 0.707
0 0.707
0 0.733
0 0.687
0 0.768
1 0.760
0 0.858
1 0.892
1 0.931
1 0.826
1 0.837
1 0.908
1 0.826
1 0.886
0 0.783
1 0.849
0 0.849
0 0.892
1 0.969
1 0.931
1 0.837
1 0.849
1 0.948
1 0.908
0 0.810
0 0.873
0 0.921
1 0.858
0 0.826
1 0.931
0 0.941
0 0.837
0 0.858
0 0.974
0 0.908
1 0.849
1 0.892
1 0.989
1 0.989
0 0.989
0 0.963
0 0.986
0 0.931
1 0.948
0 0.941
0 0.931
1 0.948
1 0.892
1 0.849
1 0.768
1 0.768
1 0.636
1 0.733
1 0.837
1 0.760
0 0.655
0 0.565
0 0.548
0 0.401
0 0.479
0 0.401
0 0.413
0 0.529
1 0.514
0 0.636
1 0.707
0 0.783
0 0.892
0 0.849
0 0.959
1 0.948
0 0.873
0 0.873
1 0.979
0 0.979
1 0.986
0 0.981
1 0.959
0 0.921
1 0.941
1 0.873
1 0.921
1 0.798
1 0.873
1 0.733
1 0.760
0 0.707
1 0.721
1 0.565
1 0.592
1 0.429
1 0.413
1 0.303
0 0.311
1 0.514
0 0.548
1 0.655
0 0.548
1 0.636
0 0.479
1 0.592
1 0.687
1 0.687
0 0.592
1 0.751
0 0.733
1 0.733
0 0.655
1 0.674
0 0.529
1 0.565
0 0.529
0 0.529
0 0.618
0 0.500
0 0.592
0 0.687
0 0.636
0 0.760
0 0.798
1 0.892
1 0.948
1 0.989
1 0.989
0 0.969
0 0.963
0 0.886
0 0.873
0 0.798
0 0.687
1 0.592
1 0.500
0 0.413
0 0.311
0 0.323
0 0.429
0 0.371
0 0.268
0 0.338
0 0.355
0 0.289
0 0.219
0 0.338
0 0.289
0 0.213
0 0.225
0 0.147
0 0.164
0 0.133
0 0.137
0 0.202
0 0.194
0 0.268
0 0.371
0 0.456
0 0.578
0 0.707
0 0.733
0 0.873
0 0.733
0 0.768
0 0.578
0 0.500
0 0.371
0 0.371
0 0.181
0 0.219
0 0.255
0 0.238
0 0.225
0 0.213
0 0.225
0 0.225
0 0.147
0 0.164
0 0.092
0 0.074
0 0.082
0 0.037
0 0.074
0 0.069
0 0.084
0 0.108
0 0.133
0 0.119
0 0.092
0 0.074
0 0.074
0 0.069
0 0.066
0 0.032
0 0.035
0 0.066
0 0.055
1 0.082
0 0.137
0 0.137
0 0.255
0 0.238
1 0.338
0 0.413
0 0.311
0 0.413
0 0.303
0 0.445
0 0.311
0 0.401
0 0.371
0 0.456
0 0.371
0 0.238
0 0.181
0 0.155
0 0.238
0 0.238
0 0.133
0 0.194
0 0.255
0 0.169
0 0.133
0 0.219
1 0.238
0 0.169
0 0.202
1 0.303
0 0.268
0 0.181
0 0.268
0 0.355
0 0.323
0 0.456
1 0.578
1 0.618
0 0.456
1 0.655
1 0.565
1 0.674
0 0.636
0 0.751
0 0.783
0 0.941
0 0.892
1 0.810
1 0.783
1 0.733
1 0.636
1 0.618
1 0.479
1 0.548
0 0.413
0 0.445
0 0.514
0 0.429
0 0.500
0 0.371
0 0.355
0 0.311
1 0.303
0 0.282
0 0.169
0 0.155
0 0.119
0 0.100
0 0.114
0 0.055
0 0.052
0 0.037
0 0.028
0 0.061
0 0.069
0 0.100
0 0.114
0 0.181
0 0.202
0 0.296
0 0.268
0 0.388
0 0.445
0 0.592
0 0.413
0 0.565
0 0.429
0 0.514
0 0.479
0 0.500
0 0.371
0 0.429
0 0.311
0 0.255
0 0.194
0 0.126
0 0.106
0 0.046
0 0.084
0 0.126
0 0.181
0 0.169
0 0.194
0 0.255
0 0.225
0 0.323
0 0.388
0 0.500
0 0.618
0 0.733
0 0.636
0 0.479
0 0.456
0 0.388
0 0.338
0 0.338
0 0.445
0 0.500
0 0.456
1 0.618
0 0.721
1 0.687
0 0.578
0 0.707
0 0.514
0 0.655
0 0.592
1 0.768
1 0.826
1 0.892
1 0.837
1 0.892
1 0.768
1 0.687
0 0.674
0 0.721
0 0.548
0 0.636
0 0.479
0 0.636
0 0.655
0 0.655
0 0.592
0 0.687
0 0.687
0 0.707
1 0.760
0 0.721
0 0.810
1 0.826
0 0.908
1 0.948
1 0.963
1 0.892
1 0.858
1 0.931
1 0.858
1 0.908
0 0.810
1 0.858
0 0.837
0 0.858
1 0.969
1 0.921
1 0.826
1 0.837
1 0.941
1 0.908
0 0.798
0 0.873
0 0.908
1 0.826
0 0.810
1 0.921
0 0.921
0 0.798
0 0.858
0 0.963
0 0.849
1 0.810
1 0.908
1 0.989
1 0.989
0 0.989
0 0.977
0 0.984
0 0.931
1 0.948
0 0.931
0 0.908
1 0.948
1 0.892
1 0.858
1 0.783
1 0.798
1 0.687
1 0.751
1 0.849
1 0.783
0 0.687
0 0.592
0 0.592
0 0.456
0 0.548
0 0.479
0 0.500
0 0.618
1 0.565
0 0.687
1 0.733
0 0.810
0 0.921
0 0.858
0 0.963
1 0.948
0 0.873
0 0.886
1 0.981
0 0.979
1 0.989
1 0.977
0 0.948
0 0.931
1 0.959
1 0.886
1 0.931
1 0.849
1 0.892
1 0.783
1 0.783
0 0.751
1 0.751
1 0.618
1 0.655
1 0.479
1 0.401
1 0.338
0 0.355
1 0.548
0 0.592
1 0.687
0 0.578
1 0.687
0 0.529
1 0.655
1 0.751
1 0.760
0 0.733
1 0.858
0 0.798
1 0.783
0 0.721
1 0.721
0 0.565
1 0.592
0 0.548
0 0.500
0 0.618
0 0.479
0 0.578
0 0.687
0 0.655
0 0.783
1 0.826
1 0.908
1 0.948
1 0.989
1 0.989
0 0.975
0 0.969
0 0.908
0 0.931
0 0.810
0 0.707
1 0.636
1 0.548
0 0.456
0 0.401
0 0.355
0 0.456
0 0.388
0 0.282
0 0.355
0 0.371
0 0.282
0 0.213
0 0.323
0 0.282
0 0.181
0 0.213
0 0.133
0 0.137
0 0.137
0 0.119
0 0.169
0 0.164
0 0.238
0 0.323
0 0.429
0 0.529
0 0.655
0 0.687
0 0.837
0 0.721
0 0.768
0 0.578
0 0.500
0 0.371
0 0.371
0 0.169
0 0.202
0 0.238
0 0.225
0 0.225
0 0.213
0 0.238
0 0.194
0 0.137
0 0.155
0 0.084
0 0.074
0 0.069
0 0.032
0 0.066
0 0.055
0 0.092
0 0.100
0 0.155
0 0.114
0 0.092
0 0.084
0 0.084
0 0.052
0 0.052
0 0.027
0 0.028
0 0.055
0 0.046
1 0.084
0 0.147
0 0.155
0 0.282
0 0.255
1 0.388
0 0.456
0 0.338
0 0.413
0 0.311
0 0.413
0 0.311
0 0.388
0 0.388
0 0.456
0 0.388
0 0.238
0 0.202
0 0.155
0 0.225
0 0.225
0 0.126
0 0.169
0 0.238
0 0.155
0 0.126
0 0.202
1 0.225
0 0.155
0 0.181
1 0.282
0 0.255
0 0.169
0 0.289
0 0.355
0 0.323
0 0.456
1 0.592
1 0.618
0 0.456
1 0.655
1 0.529
1 0.592
0 0.655
0 0.721
0 0.963
0 0.948
1 0.837
1 0.810
1 0.733
1 0.636
1 0.636
1 0.500
1 0.565
0 0.413
0 0.413
0 0.500
0 0.413
0 0.529
0 0.355
0 0.338
0 0.289
1 0.296
0 0.268
0 0.164
0 0.147
0 0.119
0 0.100
0 0.100
0 0.043
0 0.046
0 0.037
0 0.028
0 0.061
0 0.069
0 0.100
0 0.114
0 0.181
0 0.202
0 0.296
0 0.296
0 0.456
0 0.479
0 0.618
0 0.445
0 0.578
0 0.413
0 0.500
0 0.456
0 0.514
0 0.388
0 0.456
0 0.338
0 0.282
0 0.202
0 0.137
0 0.108
0 0.055
0 0.074
0 0.119
0 0.181
0 0.169
0 0.181
0 0.225
0 0.225
0 0.311
0 0.388
0 0.479
0 0.592
0 0.733
0 0.592
0 0.479
0 0.445
0 0.355
0 0.323
0 0.338
0 0.445
0 0.479
0 0.445
1 0.618
0 0.707
0 0.687
0 0.578
0 0.687
0 0.514
0 0.655
0 0.592
1 0.768
1 0.810
1 0.892
1 0.837
1 0.892
1 0.783
1 0.707
0 0.636
0 0.707
0 0.529
0 0.618
0 0.479
0 0.618
0 0.636
0 0.655
0 0.592
0 0.687
0 0.707
0 0.674
1 0.733
0 0.674
0 0.768
1 0.783
0 0.886
1 0.921
1 0.948
1 0.858
1 0.873
1 0.921
1 0.849
1 0.892
0 0.798
0 0.849
0 0.826
0 0.837
0 0.948
0 0.908
0 0.810
0 0.826
0 0.921
0 0.908
0 0.783
0 0.858
0 0.892
0 0.810
0 0.810
0 0.908
0 0.908
0 0.798
0 0.873
0 0.963
0 0.873
1 0.858
1 0.941
1 0.989
1 0.989
0 0.989
0 0.969
0 0.981
0 0.921
1 0.948
0 0.931
0 0.908
1 0.959
1 0.892
1 0.858
1 0.768
1 0.783
1 0.655
1 0.751
1 0.837
1 0.768
0 0.674
0 0.578
0 0.578
0 0.429
0 0.514
0 0.456
0 0.479
0 0.592
1 0.565
0 0.674
1 0.733
0 0.798
0 0.892
0 0.849
0 0.959
1 0.941
0 0.858
0 0.858
1 0.977
0 0.974
1 0.986
1 0.975
0 0.931
0 0.908
1 0.941
1 0.873
1 0.921
1 0.837
1 0.892
1 0.768
1 0.783
0 0.760
1 0.751
1 0.592
1 0.655
1 0.456
1 0.388
1 0.323
0 0.323
1 0.529
0 0.565
1 0.687
0 0.592
1 0.707
0 0.548
1 0.674
1 0.751
1 0.760
0 0.687
1 0.837
0 0.768
1 0.760
0 0.674
1 0.721
0 0.548
1 0.548
0 0.514
0 0.500
0 0.592
0 0.479
0 0.578
0 0.674
0 0.618
0 0.760
0 0.810
1 0.858
1 0.963
1 0.989
1 0.986
0 0.969
0 0.963
0 0.886
0 0.921
0 0.798
0 0.707
1 0.618
1 0.529
0 0.445
0 0.371
0 0.338
0 0.429
0 0.371
0 0.268
0 0.338
0 0.355
0 0.282
0 0.213
0 0.323
0 0.255
0 0.181
0 0.202
0 0.126
0 0.137
0 0.119
0 0.119
0 0.181
0 0.155
0 0.238
0 0.323
0 0.429
0 0.529
0 0.674
0 0.636
0 0.768
0 0.721
0 0.106
0 0.119
0 0.181
0 0.169
0 0.219
0 0.296
0 0.338
0 0.338
0 0.479
0 0.479
0 0.592
0 0.548
0 0.565
0 0.514
0 0.413
0 0.456
0 0.548
0 0.371
0 0.303
0 0.323
0 0.323
0 0.255
0 0.194
0 0.268
0 0.194
0 0.137
1 0.007
0 0.013
1 0.022
1 0.002
0 0.001
0 0.016
1 0.009
0 0.004
0 0.009
0 0.022
0 0.018
0 0.018
0 0.028
0 0.043
0 0.037
0 0.037
0 0.092
0 0.108
0 0.092
0 0.084
0 0.147
0 0.169
0 0.155
0 0.255
0 0.268
0 0.289
0 0.311
0 0.355
0 0.371
0 0.355
0 0.238
0 0.238
0 0.323
0 0.289
0 0.413
0 0.429
0 0.592
0 0.592
0 0.733
0 0.687
0 0.783
0 0.721
0 0.826
1 0.886
0 0.826
0 0.707
0 0.768
1 0.892
1 0.810
1 0.892
1 0.810
1 0.873
1 0.858
0 0.721
0 0.655
1 0.783
1 0.798
0 0.636
0 0.529
0 0.413
0 0.401
0 0.578
0 0.529
0 0.401
1 0.548
0 0.674
0 0.548
1 0.456
0 0.578
0 0.655
0 0.429
1 0.413
0 0.592
0 0.529
0 0.355
1 0.514
0 0.618
0 0.479
0 0.445
0 0.636
0 0.618
0 0.529
0 0.655
0 0.074
0 0.108
0 0.114
0 0.169
0 0.225
0 0.255
0 0.323
0 0.401
0 0.479
0 0.479
0 0.514
0 0.429
0 0.355
0 0.429
0 0.456
0 0.296
0 0.289
0 0.303
0 0.268
0 0.169
0 0.202
0 0.311
0 0.238
1 0.016
0 0.009
1 0.022
1 0.005
0 0.001
1 0.013
0 0.016
0 0.005
0 0.009
0 0.025
0 0.018
0 0.022
0 0.032
0 0.046
0 0.043
0 0.037
0 0.069
0 0.108
0 0.100
0 0.126
0 0.147
0 0.169
0 0.164
0 0.238
0 0.268
0 0.303
0 0.323
0 0.338
0 0.401
0 0.323
0 0.268
0 0.255
0 0.338
0 0.268
0 0.388
0 0.445
0 0.578
0 0.618
0 0.751
0 0.655
0 0.751
0 0.674
0 0.810
1 0.873
0 0.798
0 0.707
0 0.721
1 0.810
1 0.760
1 0.837
1 0.768
1 0.798
1 0.768
0 0.655
0 0.592
1 0.733
1 0.733
0 0.578
0 0.445
0 0.371
0 0.338
0 0.514
0 0.529
0 0.371
1 0.456
0 0.618
0 0.479
1 0.500
0 0.514
0 0.592
0 0.401
1 0.371
0 0.548
0 0.514
0 0.338
1 0.500
0 0.592
0 0.456
0 0.401
0 0.618
0 0.618
0 0.529
0 0.529
0 0.055
0 0.055
0 0.092
0 0.126
0 0.147
1 0.181
0 0.238
0 0.282
0 0.355
0 0.479
0 0.479
0 0.456
0 0.456
0 0.401
0 0.311
0 0.355
0 0.429
0 0.282
0 0.225
0 0.303
0 0.268
0 0.194
1 0.007
0 0.009
1 0.018
1 0.002
0 0.000
1 0.009
0 0.013
0 0.004
0 0.007
0 0.025
0 0.018
0 0.022
0 0.032
0 0.046
0 0.043
0 0.043
0 0.074
0 0.114
0 0.100
0 0.092
0 0.147
0 0.181
0 0.169
0 0.238
0 0.268
0 0.311
0 0.338
0 0.338
0 0.413
0 0.338
0 0.289
0 0.268
0 0.323
0 0.268
0 0.388
0 0.401
0 0.565
0 0.578
0 0.707
0 0.674
0 0.768
0 0.798
0 0.837
1 0.892
0 0.798
0 0.707
0 0.760
1 0.886
1 0.810
1 0.858
1 0.768
1 0.768
1 0.783
0 0.655
0 0.565
1 0.687
1 0.687
0 0.565
0 0.429
0 0.355
0 0.323
0 0.500
0 0.529
0 0.355
1 0.429
0 0.636
0 0.529
0 0.456
0 0.578
0 0.636
0 0.401
1 0.429
0 0.592
0 0.514
0 0.355
0 0.514
0 0.618
0 0.479
0 0.429
0 0.655
0 0.618
0 0.548
0 0.592
0 0.794
0 0.676
0 0.510
0 0.441
0 0.314
0 0.338
0 0.143
0 0.214
0 0.256
0 0.279
0 0.267
0 0.230
0 0.242
0 0.242
0 0.154
0 0.177
0 0.095
0 0.071
0 0.084
0 0.043
0 0.077
0 0.077
0 0.095
0 0.090
0 0.105
0 0.099
0 0.077
0 0.056
0 0.049
0 0.049
0 0.049
0 0.037
0 0.040
0 0.066
0 0.056
1 0.143
0 0.230
0 0.214
0 0.353
0 0.326
0 0.456
1 0.588
0 0.441
0 0.488
0 0.353
0 0.432
0 0.338
0 0.379
0 0.401
0 0.441
0 0.338
0 0.230
0 0.189
0 0.143
0 0.214
0 0.202
0 0.111
0 0.154
0 0.230
0 0.136
0 0.111
0 0.194
1 0.194
0 0.133
0 0.164
1 0.279
0 0.214
0 0.143
0 0.242
0 0.314
0 0.297
0 0.379
1 0.510
0 0.534
0 0.379
1 0.571
1 0.456
1 0.534
0 0.534
0 0.588
1 0.658
0 0.893
0 0.869
0 0.739
0 0.783
1 0.701
1 0.701
1 0.658
1 0.534
1 0.534
1 0.401
1 0.456
0 0.326
0 0.370
0 0.441
0 0.379
0 0.534
0 0.353
0 0.338
0 0.297
1 0.305
0 0.279
0 0.177
0 0.177
0 0.125
0 0.115
0 0.115
0 0.066
0 0.071
0 0.049
0 0.043
0 0.084
0 0.090
0 0.121
0 0.143
0 0.230
0 0.279
0 0.353
0 0.401
0 0.571
0 0.588
0 0.701
0 0.510
0 0.638
0 0.456
0 0.534
0 0.488
0 0.571
0 0.456
0 0.571
0 0.456
0 0.338
0 0.267
0 0.189
0 0.143
0 0.083
0 0.105
0 0.136
0 0.214
0 0.194
0 0.202
0 0.279
0 0.242
0 0.338
0 0.370
0 0.473
0 0.611
0 0.739
0 0.658
0 0.510
0 0.488
0 0.418
0 0.418
0 0.418
0 0.553
0 0.611
0 0.571
1 0.739
0 0.794
0 0.769
0 0.658
0 0.753
0 0.658
0 0.658
0 0.588
1 0.753
1 0.808
1 0.869
1 0.814
1 0.869
1 0.769
1 0.676
0 0.638
0 0.721
0 0.571
0 0.686
0 0.571
0 0.701
1 0.721
0 0.769
0 0.701
0 0.783
0 0.769
0 0.721
0 0.769
0 0.739
0 0.808
1 0.794
0 0.893
1 0.907
1 0.932
1 0.831
1 0.831
1 0.907
1 0.844
1 0.907
0 0.814
1 0.869
0 0.856
0 0.881
1 0.969
1 0.959
1 0.881
1 0.869
1 0.959
1 0.924
0 0.844
0 0.907
0 0.942
1 0.869
0 0.856
1 0.942
0 0.948
0 0.844
0 0.907
0 0.976
0 0.917
1 0.844
1 0.924
1 0.976
1 0.976
0 0.976
0 0.976
0 0.976
0 0.924
1 0.932
0 0.932
0 0.893
1 0.932
1 0.869
1 0.831
1 0.753
1 0.783
1 0.638
1 0.721
1 0.824
1 0.783
0 0.686
0 0.588
0 0.588
0 0.418
0 0.473
0 0.441
0 0.441
0 0.588
1 0.534
0 0.658
1 0.701
0 0.808
0 0.907
0 0.856
0 0.948
1 0.959
0 0.893
0 0.881
1 0.976
0 0.969
1 0.976
0 0.976
1 0.959
0 0.932
1 0.948
1 0.893
1 0.917
1 0.814
1 0.856
1 0.753
1 0.769
0 0.701
1 0.701
1 0.571
1 0.611
1 0.418
1 0.338
1 0.305
0 0.314
1 0.456
0 0.510
1 0.626
0 0.534
1 0.626
0 0.488
1 0.611
1 0.686
1 0.721
0 0.658
1 0.783
0 0.753
1 0.739
0 0.638
1 0.739
0 0.611
1 0.611
0 0.588
0 0.611
0 0.686
0 0.553
0 0.638
0 0.721
0 0.658
0 0.783
0 0.824
1 0.907
1 0.948
1 0.976
1 0.976
0 0.969
0 0.964
0 0.907
0 0.917
0 0.808
0 0.686
1 0.611
1 0.488
0 0.432
0 0.370
0 0.326
0 0.432
0 0.370
0 0.242
0 0.338
0 0.379
0 0.305
0 0.256
0 0.418
0 0.326
0 0.214
0 0.242
0 0.143
0 0.154
0 0.133
0 0.125
0 0.177
0 0.164
0 0.214
0 0.305
0 0.401
0 0.488
0 0.626
0 0.638
0 0.794
0 0.686
0 0.739
0 0.534
0 0.456
0 0.326
0 0.338
0 0.143
0 0.202
0 0.267
0 0.279
0 0.256
0 0.230
0 0.242
0 0.256
0 0.154
0 0.177
0 0.095
0 0.077
0 0.084
0 0.040
0 0.071
0 0.071
0 0.090
0 0.084
0 0.095
0 0.095
0 0.066
0 0.043
0 0.049
0 0.043
0 0.040
0 0.036
0 0.038
0 0.063
0 0.056
1 0.164
0 0.230
0 0.214
0 0.353
0 0.326
1 0.456
0 0.571
0 0.432
0 0.488
0 0.353
0 0.441
0 0.370
0 0.432
0 0.432
0 0.488
0 0.401
0 0.267
0 0.214
0 0.177
0 0.256
0 0.230
0 0.125
0 0.143
0 0.242
0 0.143
0 0.115
0 0.202
1 0.202
0 0.125
0 0.154
1 0.279
0 0.214
0 0.133
0 0.214
0 0.305
0 0.291
0 0.379
1 0.510
1 0.553
0 0.401
1 0.611
1 0.488
1 0.588
0 0.588
0 0.638
0 0.701
0 0.794
0 0.814
1 0.739
1 0.753
1 0.701
1 0.571
1 0.571
1 0.432
1 0.473
0 0.338
0 0.353
0 0.432
0 0.353
0 0.488
0 0.314
0 0.305
0 0.279
1 0.279
0 0.256
0 0.154
0 0.154
0 0.121
0 0.111
0 0.115
0 0.066
0 0.066
0 0.049
0 0.040
0 0.084
0 0.090
0 0.121
0 0.136
0 0.230
0 0.279
0 0.353
0 0.401
0 0.553
0 0.588
0 0.721
0 0.510
0 0.658
0 0.488
0 0.571
0 0.534
0 0.588
0 0.456
0 0.571
0 0.456
0 0.338
0 0.267
0 0.189
0 0.136
0 0.099
0 0.111
0 0.136
0 0.202
0 0.194
0 0.194
0 0.256
0 0.214
0 0.326
0 0.370
0 0.473
0 0.611
0 0.739
0 0.638
0 0.510
0 0.473
0 0.379
0 0.379
0 0.401
0 0.510
0 0.588
0 0.553
1 0.721
0 0.794
1 0.769
0 0.686
0 0.769
0 0.611
0 0.701
0 0.638
1 0.808
1 0.844
1 0.907
1 0.824
1 0.893
1 0.769
1 0.701
0 0.658
0 0.753
0 0.588
0 0.686
0 0.571
0 0.686
0 0.686
0 0.739
0 0.658
0 0.739
0 0.739
0 0.686
1 0.739
0 0.686
0 0.783
1 0.753
0 0.844
1 0.856
1 0.924
1 0.814
1 0.824
1 0.893
1 0.824
1 0.881
0 0.794
1 0.844
0 0.831
0 0.856
1 0.964
1 0.942
1 0.856
1 0.856
1 0.948
1 0.917
0 0.831
0 0.893
0 0.932
1 0.856
0 0.856
1 0.948
0 0.948
0 0.856
0 0.907
0 0.976
0 0.932
1 0.881
1 0.959
1 0.976
1 0.976
0 0.976
0 0.976
0 0.976
0 0.924
1 0.942
0 0.942
0 0.907
1 0.948
1 0.893
1 0.844
1 0.753
1 0.769
1 0.626
1 0.753
1 0.831
1 0.783
0 0.676
0 0.571
0 0.553
0 0.401
0 0.456
0 0.418
0 0.418
0 0.553
1 0.488
0 0.626
1 0.701
0 0.794
0 0.893
0 0.856
0 0.948
1 0.948
0 0.881
0 0.881
1 0.976
0 0.969
1 0.976
1 0.969
0 0.932
0 0.917
1 0.932
1 0.869
1 0.893
1 0.808
1 0.844
1 0.721
1 0.753
0 0.701
1 0.721
1 0.588
1 0.638
1 0.441
1 0.353
1 0.314
0 0.338
1 0.510
0 0.553
1 0.658
0 0.553
1 0.638
0 0.473
1 0.588
1 0.676
1 0.686
0 0.588
1 0.753
0 0.701
1 0.701
0 0.611
1 0.676
0 0.534
1 0.571
0 0.534
0 0.553
0 0.658
0 0.534
0 0.638
0 0.721
0 0.658
0 0.794
1 0.831
1 0.917
1 0.964
1 0.976
1 0.976
0 0.976
0 0.967
0 0.907
0 0.924
0 0.814
0 0.701
1 0.626
1 0.510
0 0.441
0 0.379
0 0.353
0 0.441
0 0.379
0 0.242
0 0.370
0 0.379
0 0.297
0 0.242
0 0.401
0 0.314
0 0.214
0 0.242
0 0.143
0 0.154
0 0.133
0 0.121
0 0.177
0 0.164
0 0.214
0 0.314
0 0.418
0 0.510
0 0.638
0 0.676
0 0.824
0 0.701
0 0.721
0 0.510
0 0.441
0 0.314
0 0.326
0 0.143
0 0.202
0 0.256
0 0.267
0 0.256
0 0.267
0 0.242
0 0.242
0 0.143
0 0.154
0 0.095
0 0.077
0 0.090
0 0.043
0 0.077
0 0.077
0 0.099
0 0.105
0 0.099
0 0.099
0 0.077
0 0.056
0 0.056
0 0.056
0 0.049
0 0.037
0 0.038
0 0.066
0 0.056
1 0.154
0 0.214
0 0.214
0 0.353
0 0.314
1 0.441
0 0.553
0 0.418
0 0.473
0 0.338
0 0.441
0 0.353
0 0.418
0 0.418
0 0.473
0 0.379
0 0.267
0 0.202
0 0.177
0 0.256
0 0.242
0 0.125
0 0.177
0 0.256
0 0.154
0 0.121
0 0.202
1 0.214
0 0.136
0 0.164
1 0.291
0 0.214
0 0.136
0 0.230
0 0.314
0 0.297
0 0.418
1 0.553
1 0.571
0 0.418
1 0.626
1 0.534
1 0.626
0 0.638
0 0.721
0 0.844
0 0.844
1 0.794
1 0.794
1 0.721
1 0.611
1 0.588
1 0.441
1 0.510
0 0.353
0 0.379
0 0.456
0 0.401
0 0.534
0 0.353
0 0.338
0 0.297
1 0.305
0 0.291
0 0.177
0 0.177
0 0.125
0 0.115
0 0.115
0 0.066
0 0.071
0 0.049
0 0.043
0 0.084
0 0.090
0 0.125
0 0.143
0 0.230
0 0.279
0 0.353
0 0.401
0 0.553
0 0.588
0 0.701
0 0.510
0 0.638
0 0.473
0 0.553
0 0.510
0 0.571
0 0.456
0 0.553
0 0.441
0 0.326
0 0.267
0 0.189
0 0.136
0 0.083
0 0.105
0 0.136
0 0.214
0 0.202
0 0.202
0 0.279
0 0.242
0 0.338
0 0.379
0 0.488
0 0.626
0 0.753
0 0.658
0 0.510
0 0.488
0 0.418
0 0.418
0 0.401
0 0.534
0 0.611
0 0.553
1 0.739
0 0.794
0 0.769
0 0.676
0 0.753
0 0.588
0 0.676
0 0.626
1 0.783
1 0.814
1 0.893
1 0.831
1 0.907
1 0.794
1 0.721
0 0.676
0 0.753
0 0.611
0 0.686
0 0.571
0 0.701
0 0.701
0 0.753
0 0.686
0 0.769
0 0.769
0 0.701
1 0.769
0 0.721
0 0.794
1 0.783
0 0.869
1 0.881
1 0.932
1 0.844
1 0.831
1 0.917
1 0.831
1 0.893
0 0.814
0 0.856
0 0.844
0 0.881
0 0.969
0 0.948
0 0.869
0 0.869
0 0.959
0 0.924
0 0.844
0 0.893
0 0.942
0 0.869
0 0.856
0 0.942
0 0.948
0 0.856
0 0.893
0 0.969
0 0.924
1 0.856
1 0.932
1 0.976
1 0.976
0 0.976
0 0.976
0 0.976
0 0.932
1 0.948
0 0.942
0 0.893
1 0.924
1 0.881
1 0.856
1 0.783
1 0.794
1 0.676
1 0.769
1 0.844
1 0.794
0 0.686
0 0.611
0 0.588
0 0.418
0 0.488
0 0.441
0 0.441
0 0.588
1 0.534
0 0.658
1 0.721
0 0.814
0 0.917
0 0.869
0 0.964
1 0.959
0 0.893
0 0.881
1 0.976
0 0.969
1 0.976
1 0.976
0 0.948
0 0.932
1 0.948
1 0.893
1 0.924
1 0.814
1 0.881
1 0.753
1 0.783
0 0.721
1 0.721
1 0.588
1 0.638
1 0.441
1 0.353
1 0.314
0 0.338
1 0.510
0 0.553
1 0.658
0 0.553
1 0.658
0 0.488
1 0.626
1 0.701
1 0.721
0 0.658
1 0.794
0 0.739
1 0.739
0 0.638
1 0.701
0 0.571
1 0.611
0 0.571
0 0.588
0 0.676
0 0.553
0 0.638
0 0.721
0 0.676
0 0.794
0 0.831
1 0.917
1 0.967
1 0.976
1 0.976
0 0.969
0 0.967
0 0.907
0 0.924
0 0.824
0 0.721
1 0.638
1 0.534
0 0.456
0 0.401
0 0.353
0 0.456
0 0.379
0 0.256
0 0.370
0 0.379
0 0.305
0 0.267
0 0.432
0 0.326
0 0.230
0 0.242
0 0.143
0 0.164
0 0.125
0 0.125
0 0.164
0 0.154
0 0.194
0 0.305
0 0.401
0 0.510
0 0.626
0 0.658
0 0.814
0 0.686
0 0.084
0 0.121
0 0.164
0 0.177
0 0.194
0 0.297
0 0.326
0 0.338
0 0.473
0 0.456
0 0.553
0 0.488
0 0.510
0 0.456
0 0.353
0 0.379
0 0.432
0 0.314
0 0.256
0 0.297
0 0.291
0 0.202
0 0.164
0 0.267
0 0.194
0 0.125
1 0.020
0 0.022
1 0.032
1 0.005
0 0.002
0 0.016
1 0.013
0 0.000
0 0.005
0 0.016
0 0.013
0 0.009
0 0.024
0 0.032
0 0.026
0 0.026
0 0.040
0 0.071
0 0.056
0 0.056
0 0.105
0 0.111
0 0.099
0 0.177
0 0.189
0 0.202
0 0.230
0 0.279
0 0.291
0 0.242
0 0.164
0 0.164
0 0.267
0 0.230
0 0.338
0 0.353
0 0.473
0 0.488
0 0.626
0 0.611
0 0.721
0 0.676
0 0.808
1 0.881
0 0.831
0 0.721
0 0.753
1 0.881
1 0.844
1 0.869
1 0.769
1 0.831
1 0.831
0 0.686
0 0.588
1 0.753
1 0.783
0 0.638
0 0.510
0 0.379
0 0.401
0 0.588
0 0.534
0 0.379
1 0.488
0 0.658
0 0.510
1 0.473
0 0.588
0 0.638
0 0.401
1 0.379
0 0.534
0 0.456
0 0.314
1 0.432
0 0.534
0 0.379
0 0.326
0 0.510
0 0.510
0 0.401
0 0.510
0 0.177
0 0.164
0 0.194
0 0.291
0 0.326
0 0.338
0 0.473
0 0.456
0 0.571
0 0.510
0 0.534
0 0.473
0 0.370
0 0.401
0 0.441
0 0.314
0 0.267
0 0.305
0 0.297
0 0.214
0 0.177
0 0.279
0 0.202
1 0.020
0 0.022
1 0.029
1 0.002
0 0.002
1 0.019
0 0.013
0 0.000
0 0.007
0 0.016
0 0.009
0 0.009
0 0.026
0 0.032
0 0.029
0 0.029
0 0.043
0 0.071
0 0.056
0 0.063
0 0.105
0 0.115
0 0.105
0 0.189
0 0.189
0 0.202
0 0.242
0 0.291
0 0.297
0 0.256
0 0.164
0 0.164
0 0.267
0 0.230
0 0.338
0 0.370
0 0.488
0 0.510
0 0.638
0 0.611
0 0.721
0 0.658
0 0.739
1 0.831
0 0.769
0 0.638
0 0.753
1 0.881
1 0.814
1 0.881
1 0.794
1 0.824
1 0.831
0 0.686
0 0.701
1 0.753
1 0.783
0 0.638
0 0.488
0 0.379
0 0.379
0 0.571
0 0.534
0 0.370
1 0.473
0 0.638
0 0.473
1 0.473
0 0.588
0 0.638
0 0.401
1 0.401
0 0.553
0 0.473
0 0.314
1 0.432
0 0.553
0 0.379
0 0.326
0 0.510
0 0.534
0 0.401
0 0.488
0 0.084
0 0.115
0 0.164
0 0.154
0 0.202
1 0.279
0 0.314
0 0.326
0 0.456
0 0.441
0 0.553
0 0.488
0 0.510
0 0.456
0 0.353
0 0.379
0 0.441
0 0.305
0 0.256
0 0.297
0 0.291
0 0.214
1 0.020
0 0.024
1 0.032
1 0.005
0 0.002
1 0.019
0 0.013
0 0.000
0 0.007
0 0.016
0 0.009
0 0.009
0 0.024
0 0.032
0 0.026
0 0.029
0 0.043
0 0.071
0 0.049
0 0.063
0 0.099
0 0.111
0 0.099
0 0.154
0 0.177
0 0.194
0 0.230
0 0.279
0 0.291
0 0.242
0 0.164
0 0.164
0 0.267
0 0.214
0 0.326
0 0.353
0 0.488
0 0.488
0 0.626
0 0.588
0 0.701
0 0.658
0 0.808
1 0.869
0 0.824
0 0.701
0 0.753
1 0.881
1 0.814
1 0.869
1 0.769
1 0.824
1 0.831
0 0.686
0 0.611
1 0.739
1 0.769
0 0.626
0 0.488
0 0.379
0 0.379
0 0.571
0 0.510
0 0.370
1 0.488
0 0.638
0 0.510
0 0.473
0 0.588
0 0.626
0 0.401
1 0.379
0 0.534
0 0.456
0 0.305
0 0.418
0 0.510
0 0.370
0 0.314
0 0.488
0 0.488
0 0.379
0 0.473
