0.850
0.822
0.639
0.602
0.452
0.482
0.243
0.314
0.347
0.357
0.314
0.291
0.261
0.227
0.134
0.085
0.048
0.026
0.048
0.034
0.063
0.090
0.119
0.185
0.119
0.085
0.048
0.085
0.043
0.026
0.048
0.056
0.098
0.155
0.172
0.272
0.396
0.357
0.544
0.452
0.694
0.694
0.519
0.564
0.396
0.436
0.370
0.357
0.370
0.412
0.291
0.193
0.124
0.134
0.164
0.134
0.063
0.119
0.134
0.072
0.043
0.108
0.098
0.043
0.056
0.124
0.078
0.034
0.108
0.124
0.063
0.098
0.155
0.227
0.211
0.357
0.347
0.452
0.504
0.482
0.665
0.694
0.519
0.564
0.426
0.504
0.564
0.412
0.314
0.243
0.314
0.200
0.291
0.220
0.200
0.302
0.261
0.185
0.220
0.227
0.302
0.243
0.172
0.200
0.134
0.146
0.098
0.082
0.082
0.056
0.078
0.114
0.098
0.155
0.172
0.272
0.347
0.452
0.519
0.665
0.716
0.783
0.544
0.679
0.469
0.544
0.544
0.621
0.544
0.679
0.583
0.436
0.370
0.272
0.220
0.155
0.164
0.185
0.261
0.243
0.200
0.272
0.185
0.291
0.272
0.396
0.482
0.639
0.602
0.482
0.469
0.436
0.452
0.452
0.621
0.694
0.694
0.822
0.850
0.795
0.716
0.758
0.583
0.602
0.482
0.694
0.783
0.822
0.733
0.807
0.639
0.564
0.544
0.694
0.544
0.694
0.602
0.733
0.807
0.807
0.758
0.795
0.807
0.733
0.795
0.694
0.783
0.716
0.845
0.822
0.963
0.934
0.941
0.865
0.795
0.850
0.783
0.884
0.850
0.911
0.975
0.963
0.911
0.865
0.963
0.951
0.865
0.904
0.951
0.911
0.865
0.951
0.963
0.896
0.896
0.975
0.941
0.865
0.923
0.975
0.975
0.975
0.957
0.975
0.911
0.904
0.884
0.807
0.839
0.758
0.694
0.583
0.602
0.452
0.583
0.733
0.665
0.583
0.452
0.504
0.357
0.482
0.436
0.370
0.482
0.396
0.583
0.564
0.744
0.839
0.807
0.911
0.934
0.865
0.845
0.970
0.970
0.975
0.975
0.951
0.934
0.934
0.845
0.850
0.758
0.758
0.639
0.564
0.482
0.426
0.314
0.314
0.261
0.172
0.272
0.146
0.227
0.220
0.172
0.243
0.227
0.396
0.370
0.370
0.504
0.504
0.639
0.694
0.758
0.639
0.770
0.602
0.679
0.602
0.621
0.679
0.583
0.621
0.694
0.564
0.744
0.744
0.850
0.896
0.975
0.975
0.951
0.941
0.865
0.850
0.744
0.583
0.469
0.357
0.314
0.272
0.227
0.357
0.314
0.200
0.302
0.370
0.314
0.211
0.396
0.347
0.227
0.227
0.146
0.185
0.134
0.172
0.227
0.227
0.272
0.412
0.504
0.639
0.758
0.783
0.923
0.795
0.822
0.665
0.602
0.452
0.482
0.243
0.314
0.347
0.370
0.302
0.291
0.243
0.227
0.134
0.090
0.056
0.026
0.048
0.034
0.063
0.090
0.124
0.193
0.124
0.108
0.056
0.090
0.056
0.031
0.056
0.056
0.090
0.146
0.164
0.272
0.370
0.370
0.544
0.436
0.679
0.694
0.519
0.583
0.412
0.436
0.370
0.370
0.396
0.426
0.302
0.200
0.146
0.134
0.172
0.146
0.078
0.124
0.146
0.072
0.056
0.119
0.108
0.048
0.072
0.164
0.108
0.043
0.119
0.164
0.090
0.119
0.185
0.291
0.272
0.426
0.436
0.519
0.583
0.564
0.744
0.602
0.482
0.564
0.639
0.469
0.370
0.302
0.370
0.243
0.337
0.243
0.220
0.314
0.243
0.193
0.243
0.261
0.337
0.261
0.185
0.200
0.124
0.146
0.098
0.082
0.078
0.048
0.072
0.108
0.090
0.155
0.172
0.261
0.337
0.436
0.519
0.639
0.716
0.783
0.544
0.679
0.482
0.564
0.544
0.621
0.544
0.665
0.564
0.436
0.357
0.272
0.211
0.134
0.155
0.172
0.261
0.227
0.200
0.272
0.200
0.314
0.314
0.426
0.519
0.679
0.639
0.504
0.482
0.452
0.452
0.452
0.621
0.694
0.694
0.822
0.839
0.795
0.733
0.758
0.583
0.639
0.519
0.733
0.807
0.839
0.733
0.807
0.639
0.583
0.564
0.716
0.564
0.694
0.602
0.744
0.795
0.822
0.770
0.795
0.822
0.744
0.807
0.733
0.807
0.744
0.865
0.839
0.963
0.941
0.948
0.904
0.822
0.865
0.807
0.896
0.884
0.923
0.975
0.970
0.911
0.884
0.970
0.957
0.884
0.911
0.957
0.923
0.865
0.951
0.970
0.896
0.896
0.975
0.934
0.850
0.904
0.975
0.975
0.975
0.963
0.975
0.923
0.911
0.904
0.839
0.850
0.783
0.744
0.639
0.679
0.482
0.621
0.758
0.694
0.621
0.482
0.544
0.412
0.519
0.452
0.426
0.519
0.426
0.621
0.602
0.770
0.865
0.839
0.923
0.941
0.884
0.850
0.975
0.975
0.975
0.975
0.957
0.941
0.948
0.865
0.884
0.783
0.783
0.694
0.621
0.544
0.469
0.357
0.302
0.243
0.193
0.314
0.172
0.291
0.291
0.211
0.302
0.272
0.436
0.412
0.412
0.544
0.544
0.679
0.733
0.783
0.679
0.795
0.621
0.694
0.621
0.639
0.694
0.583
0.639
0.716
0.602
0.758
0.770
0.865
0.904
0.975
0.975
0.957
0.948
0.884
0.884
0.770
0.621
0.504
0.396
0.337
0.291
0.243
0.370
0.347
0.200
0.302
0.396
0.314
0.211
0.396
0.357
0.227
0.227
0.146
0.172
0.146
0.172
0.220
0.220
0.272
0.396
0.482
0.639
0.744
0.783
0.923
0.807
0.822
0.639
0.602
0.452
0.482
0.243
0.314
0.347
0.370
0.314
0.291
0.227
0.220
0.124
0.098
0.048
0.026
0.048
0.034
0.063
0.098
0.124
0.200
0.124
0.090
0.063
0.098
0.063
0.033
0.063
0.063
0.108
0.155
0.200
0.314
0.370
0.370
0.544
0.436
0.679
0.694
0.504
0.564
0.412
0.436
0.370
0.357
0.370
0.396
0.272
0.193
0.114
0.134
0.164
0.134
0.072
0.124
0.124
0.063
0.048
0.108
0.098
0.043
0.063
0.146
0.085
0.043
0.114
0.134
0.072
0.119
0.172
0.261
0.291
0.396
0.436
0.519
0.544
0.519
0.583
0.452
0.519
0.583
0.436
0.347
0.272
0.337
0.220
0.302
0.243
0.211
0.302
0.261
0.193
0.243
0.243
0.337
0.261
0.193
0.211
0.134
0.155
0.098
0.082
0.078
0.048
0.078
0.108
0.085
0.155
0.164
0.261
0.337
0.436
0.504
0.639
0.716
0.770
0.519
0.679
0.469
0.544
0.519
0.602
0.519
0.665
0.564
0.426
0.357
0.272
0.211
0.146
0.164
0.185
0.261
0.243
0.211
0.291
0.193
0.302
0.291
0.412
0.504
0.665
0.602
0.482
0.482
0.452
0.452
0.469
0.639
0.694
0.694
0.822
0.845
0.795
0.716
0.758
0.583
0.621
0.504
0.716
0.783
0.822
0.716
0.795
0.621
0.564
0.564
0.694
0.544
0.694
0.602
0.733
0.807
0.807
0.770
0.795
0.822
0.744
0.807
0.716
0.807
0.733
0.850
0.822
0.963
0.934
0.948
0.884
0.807
0.850
0.795
0.884
0.865
0.923
0.975
0.970
0.911
0.884
0.963
0.963
0.884
0.911
0.951
0.911
0.865
0.951
0.963
0.884
0.896
0.975
0.934
0.850
0.904
0.975
0.975
0.975
0.957
0.975
0.911
0.904
0.896
0.822
0.845
0.770
0.716
0.602
0.639
0.452
0.602
0.744
0.679
0.602
0.469
0.519
0.396
0.504
0.452
0.412
0.504
0.412
0.602
0.583
0.758
0.850
0.822
0.923
0.934
0.865
0.845
0.975
0.970
0.975
0.975
0.957
0.941
0.941
0.850
0.865
0.770
0.770
0.665
0.583
0.504
0.436
0.337
0.302
0.243
0.185
0.314
0.172
0.302
0.261
0.193
0.272
0.261
0.412
0.396
0.412
0.519
0.519
0.679
0.733
0.770
0.665
0.783
0.621
0.694
0.621
0.665
0.694
0.583
0.639
0.694
0.583
0.744
0.758
0.850
0.896
0.975
0.975
0.951
0.941
0.865
0.865
0.744
0.602
0.482
0.370
0.314
0.272
0.227
0.357
0.337
0.200
0.302
0.370
0.314
0.211
0.396
0.347
0.227
0.227
0.134
0.172
0.134
0.172
0.200
0.227
0.272
0.412
0.482
0.639
0.758
0.783
0.923
0.807
0.482
0.519
0.370
0.227
0.314
0.469
0.519
0.482
0.639
0.665
0.744
0.665
0.716
0.679
0.544
0.583
0.621
0.436
0.370
0.347
0.314
0.272
0.200
0.227
0.164
0.124
0.013
0.019
0.026
0.006
0.000
0.013
0.013
0.001
0.004
0.021
0.013
0.009
0.025
0.040
0.034
0.040
0.063
0.114
0.085
0.098
0.164
0.185
0.155
0.243
0.272
0.314
0.337
0.370
0.436
0.396
0.337
0.347
0.436
0.370
0.519
0.519
0.679
0.665
0.770
0.716
0.795
0.770
0.822
0.896
0.822
0.733
0.822
0.911
0.850
0.934
0.865
0.934
0.911
0.795
0.744
0.865
0.865
0.758
0.639
0.504
0.469
0.679
0.639
0.426
0.519
0.716
0.564
0.469
0.544
0.639
0.412
0.370
0.564
0.519
0.357
0.469
0.602
0.482
0.412
0.583
0.665
0.564
0.583
0.370
0.227
0.314
0.469
0.504
0.469
0.639
0.639
0.733
0.639
0.716
0.665
0.519
0.583
0.621
0.436
0.370
0.347
0.314
0.272
0.211
0.211
0.124
0.013
0.024
0.031
0.006
0.001
0.013
0.009
0.001
0.006
0.021
0.013
0.009
0.025
0.040
0.034
0.043
0.063
0.114
0.090
0.098
0.172
0.172
0.155
0.243
0.291
0.314
0.337
0.370
0.452
0.396
0.314
0.347
0.436
0.370
0.519
0.544
0.694
0.679
0.783
0.716
0.795
0.770
0.822
0.896
0.822
0.716
0.807
0.911
0.845
0.923
0.865
0.923
0.884
0.770
0.744
0.865
0.850
0.744
0.621
0.482
0.452
0.665
0.621
0.426
0.482
0.694
0.564
0.452
0.519
0.639
0.412
0.370
0.564
0.519
0.357
0.469
0.602
0.482
0.412
0.602
0.639
0.519
0.544
0.482
0.519
0.370
0.243
0.314
0.482
0.504
0.469
0.639
0.639
0.733
0.665
0.716
0.679
0.544
0.583
0.621
0.426
0.396
0.347
0.314
0.272
0.019
0.021
0.026
0.006
0.000
0.009
0.013
0.001
0.004
0.021
0.013
0.009
0.026
0.040
0.033
0.034
0.072
0.114
0.085
0.090
0.164
0.185
0.146
0.243
0.272
0.302
0.337
0.370
0.426
0.357
0.272
0.302
0.412
0.396
0.519
0.519
0.679
0.665
0.770
0.716
0.795
0.770
0.822
0.884
0.807
0.716
0.822
0.911
0.850
0.923
0.865
0.923
0.904
0.783
0.758
0.865
0.850
0.744
0.621
0.504
0.469
0.665
0.621
0.426
0.504
0.716
0.564
0.452
0.544
0.639
0.412
0.370
0.564
0.519
0.357
0.469
0.602
0.482
0.396
0.583
0.639
0.544
0.564
0.897
0.831
0.649
0.626
0.453
0.532
0.305
0.359
0.382
0.397
0.321
0.305
0.260
0.243
0.128
0.111
0.050
0.026
0.050
0.031
0.034
0.081
0.111
0.173
0.102
0.128
0.074
0.102
0.066
0.028
0.050
0.058
0.092
0.139
0.233
0.233
0.335
0.335
0.465
0.438
0.626
0.712
0.532
0.577
0.382
0.438
0.359
0.348
0.348
0.382
0.305
0.193
0.128
0.128
0.167
0.139
0.066
0.102
0.139
0.074
0.047
0.102
0.092
0.040
0.058
0.128
0.081
0.034
0.102
0.128
0.070
0.111
0.167
0.243
0.233
0.359
0.359
0.409
0.489
0.532
0.689
0.712
0.532
0.577
0.453
0.559
0.559
0.438
0.348
0.260
0.335
0.220
0.281
0.243
0.205
0.288
0.260
0.205
0.233
0.220
0.271
0.271
0.187
0.193
0.124
0.128
0.088
0.070
0.070
0.047
0.070
0.111
0.081
0.153
0.167
0.271
0.335
0.409
0.489
0.626
0.649
0.739
0.532
0.592
0.453
0.508
0.532
0.613
0.532
0.670
0.577
0.426
0.348
0.271
0.205
0.124
0.139
0.161
0.233
0.220
0.193
0.281
0.193
0.288
0.305
0.409
0.465
0.649
0.613
0.465
0.438
0.409
0.426
0.453
0.613
0.689
0.712
0.831
0.824
0.807
0.689
0.724
0.532
0.613
0.532
0.724
0.786
0.831
0.724
0.786
0.592
0.559
0.489
0.649
0.508
0.670
0.559
0.724
0.807
0.841
0.759
0.786
0.807
0.739
0.774
0.670
0.786
0.712
0.841
0.824
0.966
0.910
0.949
0.878
0.807
0.878
0.786
0.868
0.853
0.910
0.974
0.966
0.897
0.853
0.960
0.954
0.853
0.904
0.966
0.918
0.853
0.937
0.960
0.878
0.878
0.974
0.925
0.868
0.918
0.974
0.974
0.974
0.954
0.960
0.904
0.946
0.925
0.841
0.853
0.798
0.739
0.592
0.626
0.438
0.577
0.739
0.689
0.626
0.465
0.508
0.348
0.453
0.348
0.335
0.489
0.397
0.592
0.577
0.739
0.853
0.831
0.904
0.954
0.925
0.868
0.974
0.974
0.974
0.974
0.954
0.925
0.925
0.831
0.868
0.759
0.739
0.649
0.508
0.465
0.438
0.335
0.348
0.220
0.187
0.348
0.220
0.321
0.260
0.173
0.281
0.243
0.397
0.382
0.382
0.508
0.508
0.626
0.712
0.759
0.626
0.712
0.577
0.689
0.592
0.592
0.670
0.559
0.613
0.670
0.532
0.712
0.739
0.831
0.878
0.974
0.974
0.946
0.925
0.853
0.853
0.739
0.592
0.465
0.409
0.305
0.260
0.205
0.335
0.305
0.173
0.288
0.359
0.288
0.205
0.382
0.321
0.220
0.243
0.139
0.173
0.139
0.187
0.205
0.260
0.281
0.426
0.489
0.649
0.759
0.807
0.904
0.798
0.831
0.670
0.592
0.438
0.508
0.281
0.348
0.359
0.397
0.321
0.305
0.193
0.220
0.128
0.092
0.050
0.026
0.050
0.034
0.050
0.088
0.124
0.173
0.111
0.119
0.047
0.088
0.058
0.028
0.058
0.058
0.092
0.153
0.193
0.305
0.335
0.359
0.465
0.438
0.649
0.724
0.532
0.592
0.409
0.453
0.382
0.359
0.359
0.409
0.321
0.205
0.139
0.139
0.173
0.139
0.074
0.111
0.153
0.081
0.050
0.111
0.102
0.047
0.050
0.139
0.088
0.040
0.102
0.128
0.066
0.102
0.161
0.243
0.220
0.348
0.382
0.453
0.508
0.559
0.724
0.559
0.426
0.465
0.559
0.397
0.305
0.260
0.305
0.205
0.271
0.233
0.193
0.271
0.205
0.173
0.220
0.205
0.243
0.243
0.173
0.193
0.119
0.139
0.081
0.074
0.074
0.050
0.074
0.111
0.088
0.161
0.167
0.271
0.321
0.409
0.508
0.626
0.689
0.724
0.532
0.626
0.465
0.532
0.559
0.613
0.532
0.689
0.577
0.438
0.359
0.281
0.205
0.153
0.153
0.161
0.271
0.233
0.193
0.271
0.173
0.271
0.281
0.382
0.465
0.613
0.592
0.453
0.409
0.409
0.409
0.409
0.577
0.649
0.613
0.807
0.824
0.786
0.689
0.739
0.559
0.626
0.532
0.759
0.807
0.853
0.786
0.831
0.670
0.613
0.532
0.689
0.532
0.670
0.559
0.689
0.739
0.831
0.712
0.774
0.798
0.724
0.774
0.670
0.786
0.739
0.868
0.841
0.974
0.925
0.954
0.868
0.798
0.841
0.786
0.868
0.853
0.918
0.966
0.966
0.878
0.841
0.954
0.949
0.853
0.904
0.966
0.910
0.853
0.937
0.966
0.878
0.878
0.974
0.954
0.904
0.937
0.974
0.974
0.974
0.954
0.966
0.910
0.918
0.910
0.807
0.824
0.774
0.759
0.626
0.689
0.465
0.559
0.724
0.626
0.577
0.426
0.489
0.348
0.489
0.438
0.359
0.465
0.359
0.577
0.532
0.724
0.807
0.774
0.878
0.946
0.937
0.853
0.960
0.974
0.974
0.974
0.949
0.925
0.918
0.841
0.841
0.759
0.759
0.626
0.508
0.465
0.426
0.321
0.288
0.243
0.205
0.335
0.187
0.288
0.220
0.167
0.260
0.243
0.397
0.382
0.397
0.508
0.508
0.626
0.724
0.774
0.626
0.689
0.577
0.689
0.592
0.592
0.649
0.508
0.577
0.670
0.559
0.724
0.739
0.853
0.904
0.974
0.974
0.937
0.925
0.868
0.841
0.739
0.592
0.508
0.438
0.335
0.288
0.243
0.359
0.305
0.187
0.305
0.359
0.288
0.220
0.397
0.335
0.233
0.233
0.139
0.173
0.139
0.173
0.260
0.233
0.288
0.426
0.465
0.649
0.759
0.798
0.904
0.831
0.824
0.649
0.626
0.453
0.532
0.288
0.359
0.382
0.397
0.335
0.321
0.220
0.243
0.153
0.124
0.066
0.031
0.066
0.040
0.058
0.092
0.124
0.193
0.119
0.111
0.050
0.092
0.058
0.031
0.066
0.058
0.092
0.153
0.193
0.243
0.335
0.359
0.489
0.465
0.689
0.724
0.577
0.613
0.438
0.489
0.359
0.397
0.348
0.397
0.321
0.193
0.139
0.139
0.173
0.139
0.074
0.119
0.139
0.081
0.050
0.111
0.092
0.040
0.058
0.128
0.074
0.040
0.092
0.128
0.070
0.102
0.161
0.243
0.220
0.359
0.348
0.409
0.489
0.465
0.532
0.409
0.465
0.559
0.382
0.288
0.260
0.305
0.205
0.271
0.205
0.205
0.288
0.243
0.187
0.220
0.220
0.260
0.271
0.193
0.205
0.128
0.153
0.102
0.081
0.081
0.058
0.074
0.119
0.092
0.167
0.173
0.281
0.335
0.453
0.508
0.626
0.774
0.739
0.532
0.626
0.489
0.559
0.577
0.649
0.508
0.689
0.613
0.453
0.359
0.281
0.205
0.128
0.161
0.173
0.260
0.243
0.205
0.288
0.205
0.305
0.305
0.409
0.489
0.670
0.626
0.489
0.489
0.453
0.438
0.465
0.626
0.626
0.724
0.841
0.853
0.807
0.689
0.739
0.532
0.592
0.508
0.739
0.786
0.841
0.774
0.824
0.649
0.577
0.532
0.670
0.532
0.689
0.592
0.739
0.824
0.841
0.774
0.807
0.831
0.759
0.807
0.739
0.807
0.739
0.878
0.841
0.974
0.946
0.960
0.897
0.824
0.878
0.807
0.897
0.868
0.918
0.974
0.974
0.910
0.868
0.966
0.960
0.868
0.904
0.974
0.925
0.853
0.937
0.960
0.878
0.878
0.974
0.925
0.878
0.937
0.974
0.974
0.974
0.954
0.966
0.918
0.937
0.925
0.841
0.807
0.786
0.739
0.592
0.626
0.453
0.508
0.712
0.689
0.613
0.489
0.508
0.359
0.489
0.397
0.359
0.532
0.397
0.592
0.559
0.739
0.841
0.807
0.878
0.949
0.925
0.878
0.974
0.974
0.974
0.974
0.960
0.937
0.937
0.853
0.878
0.786
0.739
0.649
0.532
0.489
0.409
0.321
0.335
0.220
0.173
0.335
0.205
0.288
0.220
0.139
0.243
0.243
0.382
0.359
0.382
0.508
0.532
0.670
0.759
0.798
0.649
0.712
0.649
0.724
0.626
0.649
0.689
0.592
0.626
0.689
0.559
0.739
0.759
0.853
0.878
0.974
0.974
0.949
0.937
0.868
0.841
0.759
0.592
0.465
0.438
0.321
0.260
0.243
0.359
0.321
0.193
0.305
0.382
0.305
0.233
0.397
0.348
0.243
0.233
0.153
0.187
0.153
0.173
0.260
0.260
0.288
0.426
0.489
0.649
0.774
0.807
0.910
0.798
0.161
0.220
0.321
0.288
0.321
0.465
0.508
0.508
0.670
0.670
0.739
0.670
0.774
0.724
0.592
0.626
0.739
0.626
0.465
0.613
0.689
0.532
0.489
0.689
0.649
0.453
0.009
0.010
0.025
0.004
0.000
0.010
0.010
0.003
0.005
0.021
0.014
0.010
0.026
0.040
0.034
0.034
0.074
0.102
0.092
0.111
0.173
0.167
0.161
0.243
0.288
0.321
0.305
0.359
0.426
0.465
0.321
0.409
0.508
0.465
0.592
0.559
0.712
0.649
0.774
0.724
0.807
0.774
0.798
0.878
0.807
0.689
0.807
0.910
0.853
0.918
0.878
0.937
0.910
0.798
0.774
0.878
0.878
0.759
0.626
0.508
0.438
0.649
0.626
0.409
0.465
0.689
0.559
0.426
0.489
0.592
0.382
0.382
0.508
0.489
0.335
0.409
0.592
0.465
0.382
0.532
0.626
0.532
0.465
0.305
0.288
0.288
0.438
0.559
0.508
0.689
0.670
0.759
0.670
0.759
0.724
0.577
0.626
0.724
0.649
0.465
0.577
0.670
0.465
0.465
0.670
0.559
0.010
0.014
0.028
0.005
0.001
0.014
0.014
0.002
0.007
0.021
0.019
0.014
0.025
0.040
0.034
0.040
0.081
0.119
0.092
0.128
0.173
0.187
0.173
0.243
0.288
0.321
0.288
0.359
0.453
0.382
0.359
0.359
0.465
0.426
0.559
0.532
0.689
0.649
0.739
0.712
0.798
0.774
0.798
0.897
0.824
0.712
0.831
0.925
0.868
0.918
0.853
0.925
0.925
0.807
0.759
0.878
0.878
0.759
0.613
0.508
0.438
0.670
0.626
0.426
0.489
0.689
0.592
0.426
0.508
0.613
0.359
0.359
0.508
0.489
0.321
0.409
0.592
0.465
0.397
0.577
0.649
0.577
0.532
0.161
0.233
0.305
0.271
0.305
0.438
0.559
0.508
0.689
0.670
0.774
0.689
0.786
0.759
0.613
0.689
0.774
0.670
0.508
0.689
0.670
0.532
0.009
0.021
0.031
0.007
0.001
0.014
0.019
0.003
0.007
0.024
0.021
0.014
0.028
0.040
0.034
0.034
0.092
0.119
0.092
0.124
0.173
0.193
0.139
0.233
0.288
0.288
0.288
0.426
0.409
0.382
0.335
0.409
0.489
0.438
0.613
0.559
0.689
0.649
0.724
0.712
0.798
0.786
0.831
0.897
0.807
0.724
0.824
0.910
0.868
0.925
0.878
0.949
0.897
0.807
0.786
0.897
0.897
0.759
0.649
0.532
0.453
0.670
0.649
0.426
0.508
0.712
0.577
0.426
0.489
0.592
0.382
0.359
0.532
0.508
0.348
0.438
0.592
0.465
0.397
0.592
0.649
0.577
0.465
0.851
0.864
0.718
0.576
0.529
0.401
0.426
0.323
0.348
0.365
0.308
0.302
0.249
0.223
0.129
0.082
0.053
0.030
0.024
0.053
0.049
0.075
0.105
0.129
0.171
0.121
0.075
0.065
0.041
0.027
0.053
0.053
0.093
0.137
0.198
0.308
0.348
0.401
0.529
0.443
0.685
0.701
0.507
0.576
0.401
0.457
0.365
0.348
0.365
0.383
0.266
0.186
0.121
0.121
0.154
0.121
0.060
0.113
0.129
0.065
0.041
0.101
0.093
0.049
0.060
0.137
0.086
0.037
0.105
0.137
0.075
0.113
0.161
0.266
0.223
0.383
0.383
0.457
0.529
0.491
0.685
0.701
0.576
0.555
0.426
0.555
0.576
0.383
0.308
0.285
0.323
0.209
0.308
0.240
0.209
0.308
0.249
0.198
0.223
0.240
0.266
0.209
0.146
0.171
0.113
0.146
0.105
0.082
0.075
0.053
0.071
0.105
0.086
0.154
0.161
0.266
0.341
0.426
0.491
0.648
0.718
0.779
0.507
0.662
0.457
0.555
0.529
0.614
0.529
0.662
0.576
0.426
0.365
0.285
0.209
0.171
0.161
0.186
0.249
0.223
0.198
0.240
0.171
0.285
0.285
0.401
0.477
0.630
0.614
0.477
0.457
0.426
0.443
0.443
0.614
0.685
0.736
0.830
0.830
0.786
0.701
0.736
0.555
0.596
0.477
0.701
0.786
0.815
0.736
0.786
0.648
0.576
0.529
0.662
0.507
0.662
0.596
0.718
0.779
0.815
0.756
0.786
0.802
0.736
0.815
0.718
0.815
0.756
0.874
0.841
0.966
0.945
0.959
0.892
0.815
0.874
0.802
0.892
0.874
0.926
0.975
0.966
0.916
0.874
0.959
0.954
0.864
0.905
0.945
0.916
0.851
0.945
0.954
0.874
0.874
0.975
0.926
0.851
0.892
0.975
0.975
0.975
0.959
0.975
0.905
0.905
0.874
0.815
0.815
0.769
0.701
0.555
0.614
0.443
0.596
0.718
0.648
0.576
0.443
0.507
0.383
0.507
0.426
0.401
0.507
0.418
0.596
0.576
0.736
0.841
0.802
0.905
0.926
0.864
0.841
0.966
0.966
0.975
0.975
0.966
0.934
0.934
0.851
0.864
0.779
0.769
0.662
0.596
0.507
0.443
0.341
0.323
0.209
0.186
0.323
0.171
0.266
0.223
0.186
0.266
0.249
0.418
0.401
0.418
0.555
0.529
0.701
0.736
0.786
0.662
0.786
0.630
0.662
0.614
0.614
0.685
0.576
0.614
0.662
0.555
0.718
0.736
0.841
0.905
0.975
0.975
0.934
0.934
0.864
0.830
0.736
0.576
0.443
0.348
0.308
0.285
0.223
0.341
0.308
0.186
0.285
0.348
0.302
0.205
0.383
0.348
0.240
0.240
0.137
0.171
0.129
0.171
0.223
0.223
0.266
0.418
0.507
0.648
0.769
0.815
0.945
0.841
0.830
0.648
0.630
0.457
0.507
0.266
0.323
0.348
0.365
0.323
0.302
0.249
0.240
0.137
0.086
0.049
0.024
0.049
0.037
0.053
0.093
0.121
0.171
0.186
0.121
0.075
0.082
0.041
0.030
0.060
0.065
0.093
0.154
0.209
0.285
0.348
0.401
0.529
0.443
0.685
0.701
0.507
0.596
0.418
0.477
0.383
0.348
0.365
0.383
0.266
0.186
0.129
0.121
0.154
0.113
0.060
0.113
0.129
0.060
0.041
0.105
0.093
0.049
0.065
0.146
0.086
0.041
0.105
0.137
0.075
0.105
0.161
0.249
0.223
0.383
0.383
0.477
0.529
0.491
0.701
0.529
0.426
0.555
0.529
0.348
0.308
0.285
0.323
0.209
0.308
0.240
0.223
0.323
0.266
0.198
0.223
0.223
0.266
0.223
0.146
0.171
0.121
0.146
0.101
0.075
0.075
0.053
0.075
0.113
0.093
0.154
0.161
0.266
0.341
0.443
0.491
0.630
0.718
0.779
0.529
0.662
0.457
0.555
0.555
0.630
0.529
0.662
0.576
0.426
0.365
0.266
0.209
0.161
0.161
0.171
0.249
0.223
0.198
0.249
0.171
0.285
0.285
0.401
0.477
0.630
0.614
0.477
0.477
0.426
0.426
0.457
0.614
0.685
0.736
0.841
0.851
0.786
0.701
0.736
0.555
0.596
0.477
0.701
0.786
0.830
0.718
0.802
0.630
0.576
0.529
0.662
0.529
0.662
0.576
0.718
0.779
0.815
0.756
0.786
0.815
0.736
0.815
0.718
0.802
0.756
0.874
0.830
0.959
0.934
0.959
0.892
0.815
0.864
0.802
0.892
0.874
0.926
0.975
0.966
0.916
0.874
0.959
0.954
0.864
0.905
0.945
0.916
0.851
0.945
0.954
0.874
0.874
0.975
0.926
0.851
0.874
0.975
0.975
0.975
0.959
0.975
0.905
0.905
0.874
0.802
0.815
0.769
0.718
0.576
0.630
0.443
0.555
0.718
0.648
0.576
0.443
0.507
0.383
0.507
0.426
0.401
0.507
0.401
0.596
0.576
0.736
0.841
0.802
0.905
0.926
0.864
0.841
0.966
0.966
0.975
0.975
0.966
0.934
0.934
0.851
0.864
0.769
0.769
0.662
0.596
0.507
0.443
0.323
0.323
0.240
0.186
0.341
0.171
0.266
0.209
0.186
0.266
0.249
0.418
0.401
0.418
0.529
0.529
0.685
0.736
0.779
0.662
0.802
0.630
0.685
0.614
0.630
0.685
0.576
0.614
0.662
0.555
0.718
0.736
0.841
0.916
0.975
0.975
0.953
0.926
0.864
0.830
0.736
0.576
0.443
0.341
0.302
0.285
0.209
0.348
0.308
0.186
0.285
0.348
0.308
0.205
0.383
0.348
0.240
0.240
0.137
0.171
0.137
0.171
0.223
0.223
0.285
0.401
0.491
0.648
0.769
0.786
0.934
0.851
0.815
0.648
0.614
0.443
0.491
0.249
0.308
0.341
0.365
0.308
0.302
0.249
0.223
0.129
0.086
0.041
0.024
0.053
0.041
0.065
0.105
0.137
0.186
0.205
0.146
0.093
0.093
0.060
0.033
0.071
0.071
0.105
0.161
0.209
0.341
0.365
0.401
0.529
0.457
0.701
0.701
0.507
0.596
0.418
0.477
0.383
0.365
0.348
0.365
0.266
0.198
0.129
0.129
0.161
0.121
0.065
0.121
0.137
0.065
0.049
0.113
0.101
0.053
0.071
0.154
0.093
0.041
0.113
0.146
0.075
0.121
0.171
0.266
0.223
0.401
0.383
0.491
0.529
0.685
0.507
0.426
0.529
0.576
0.383
0.308
0.285
0.323
0.223
0.323
0.266
0.223
0.323
0.249
0.205
0.266
0.266
0.323
0.266
0.186
0.209
0.137
0.161
0.113
0.086
0.082
0.053
0.071
0.105
0.093
0.154
0.171
0.266
0.348
0.457
0.507
0.648
0.718
0.786
0.529
0.662
0.457
0.555
0.555
0.630
0.529
0.662
0.576
0.443
0.383
0.285
0.209
0.186
0.171
0.198
0.285
0.249
0.209
0.285
0.198
0.308
0.302
0.418
0.491
0.648
0.630
0.491
0.491
0.457
0.443
0.457
0.630
0.685
0.736
0.841
0.851
0.786
0.701
0.756
0.555
0.614
0.507
0.718
0.786
0.841
0.756
0.802
0.648
0.596
0.555
0.662
0.507
0.662
0.596
0.736
0.786
0.830
0.769
0.802
0.830
0.756
0.830
0.736
0.830
0.779
0.905
0.851
0.975
0.953
0.966
0.916
0.841
0.892
0.815
0.905
0.892
0.934
0.975
0.975
0.925
0.874
0.959
0.954
0.874
0.905
0.945
0.916
0.851
0.945
0.959
0.874
0.892
0.975
0.926
0.851
0.892
0.975
0.975
0.975
0.959
0.975
0.916
0.905
0.892
0.815
0.830
0.779
0.718
0.576
0.648
0.457
0.576
0.736
0.662
0.596
0.457
0.529
0.401
0.529
0.457
0.426
0.555
0.426
0.630
0.596
0.756
0.851
0.815
0.916
0.934
0.874
0.841
0.975
0.966
0.975
0.975
0.975
0.945
0.945
0.864
0.874
0.786
0.779
0.701
0.614
0.555
0.477
0.348
0.341
0.249
0.198
0.348
0.186
0.285
0.223
0.198
0.266
0.266
0.426
0.426
0.443
0.596
0.576
0.718
0.756
0.802
0.685
0.815
0.662
0.701
0.630
0.648
0.685
0.576
0.614
0.685
0.555
0.718
0.756
0.864
0.916
0.975
0.975
0.954
0.934
0.864
0.830
0.736
0.596
0.457
0.348
0.308
0.302
0.223
0.365
0.323
0.205
0.308
0.365
0.323
0.209
0.401
0.383
0.249
0.240
0.146
0.171
0.129
0.171
0.209
0.223
0.285
0.401
0.491
0.630
0.756
0.779
0.934
0.830
0.457
0.507
0.365
0.240
0.308
0.477
0.491
0.491
0.648
0.648
0.736
0.630
0.718
0.701
0.576
0.596
0.685
0.491
0.418
0.365
0.323
0.249
0.209
0.249
0.161
0.146
0.019
0.022
0.027
0.006
0.000
0.007
0.011
0.003
0.004
0.016
0.016
0.011
0.030
0.041
0.037
0.037
0.101
0.113
0.093
0.086
0.161
0.186
0.154
0.240
0.302
0.323
0.341
0.365
0.491
0.529
0.477
0.507
0.365
0.457
0.630
0.596
0.736
0.718
0.802
0.718
0.802
0.769
0.830
0.892
0.786
0.718
0.769
0.892
0.851
0.934
0.874
0.926
0.905
0.786
0.756
0.874
0.874
0.736
0.630
0.491
0.457
0.662
0.630
0.426
0.596
0.685
0.555
0.426
0.529
0.614
0.383
0.365
0.555
0.507
0.365
0.457
0.614
0.491
0.383
0.529
0.701
0.685
0.614
0.383
0.249
0.323
0.491
0.507
0.491
0.648
0.662
0.756
0.648
0.736
0.701
0.555
0.596
0.662
0.477
0.401
0.348
0.323
0.266
0.209
0.249
0.154
0.010
0.024
0.030
0.004
0.001
0.011
0.011
0.001
0.009
0.022
0.011
0.011
0.027
0.041
0.033
0.033
0.101
0.113
0.086
0.082
0.161
0.171
0.137
0.249
0.266
0.285
0.308
0.365
0.443
0.457
0.401
0.426
0.308
0.401
0.529
0.529
0.685
0.662
0.769
0.718
0.802
0.769
0.815
0.892
0.802
0.718
0.786
0.916
0.851
0.934
0.892
0.934
0.916
0.786
0.769
0.892
0.892
0.756
0.630
0.507
0.477
0.685
0.630
0.426
0.596
0.685
0.555
0.426
0.529
0.614
0.383
0.365
0.555
0.507
0.348
0.457
0.596
0.477
0.383
0.529
0.701
0.662
0.576
0.477
0.529
0.383
0.249
0.323
0.477
0.507
0.491
0.648
0.662
0.736
0.630
0.718
0.701
0.555
0.596
0.662
0.457
0.401
0.401
0.348
0.285
0.019
0.027
0.033
0.007
0.001
0.011
0.016
0.003
0.007
0.019
0.016
0.010
0.022
0.037
0.037
0.033
0.065
0.105
0.086
0.129
0.161
0.186
0.146
0.249
0.285
0.302
0.323
0.365
0.457
0.457
0.383
0.443
0.323
0.401
0.555
0.507
0.685
0.648
0.756
0.701
0.786
0.756
0.815
0.874
0.786
0.701
0.756
0.892
0.841
0.926
0.874
0.934
0.925
0.802
0.756
0.874
0.851
0.736
0.614
0.491
0.457
0.662
0.614
0.418
0.576
0.662
0.555
0.426
0.507
0.614
0.365
0.348
0.529
0.507
0.348
0.457
0.596
0.477
0.365
0.507
0.685
0.630
0.529
0.781
0.790
0.584
0.506
0.369
0.398
0.181
0.245
0.288
0.296
0.264
0.264
0.264
0.264
0.170
0.181
0.102
0.073
0.082
0.037
0.066
0.060
0.078
0.090
0.082
0.090
0.060
0.046
0.037
0.046
0.046
0.028
0.037
0.066
0.060
0.119
0.199
0.208
0.307
0.342
0.485
0.584
0.445
0.523
0.369
0.485
0.369
0.420
0.384
0.459
0.384
0.255
0.199
0.170
0.232
0.232
0.119
0.170
0.232
0.146
0.114
0.181
0.199
0.127
0.146
0.245
0.199
0.119
0.187
0.288
0.264
0.369
0.485
0.506
0.384
0.562
0.459
0.523
0.523
0.598
0.665
0.931
0.882
0.756
0.770
0.695
0.695
0.648
0.523
0.542
0.398
0.432
0.318
0.318
0.398
0.333
0.398
0.296
0.276
0.264
0.255
0.232
0.140
0.140
0.119
0.109
0.116
0.060
0.066
0.057
0.053
0.102
0.102
0.127
0.146
0.232
0.264
0.353
0.420
0.562
0.614
0.695
0.485
0.633
0.459
0.523
0.523
0.598
0.472
0.562
0.445
0.342
0.276
0.187
0.146
0.078
0.109
0.140
0.199
0.181
0.187
0.232
0.208
0.307
0.353
0.459
0.598
0.732
0.614
0.485
0.445
0.369
0.353
0.369
0.485
0.562
0.542
0.756
0.804
0.745
0.633
0.732
0.542
0.648
0.614
0.781
0.827
0.882
0.839
0.871
0.756
0.683
0.633
0.711
0.562
0.665
0.523
0.665
0.683
0.683
0.633
0.711
0.695
0.665
0.711
0.648
0.756
0.732
0.839
0.871
0.882
0.790
0.790
0.871
0.811
0.839
0.770
0.827
0.811
0.839
0.954
0.922
0.827
0.839
0.938
0.913
0.811
0.871
0.922
0.839
0.827
0.938
0.938
0.854
0.882
0.976
0.913
0.900
0.976
0.976
0.976
0.976
0.963
0.976
0.922
0.938
0.931
0.900
0.922
0.882
0.839
0.756
0.781
0.598
0.732
0.811
0.756
0.648
0.542
0.523
0.369
0.432
0.384
0.398
0.523
0.472
0.598
0.665
0.770
0.882
0.839
0.948
0.948
0.864
0.864
0.976
0.972
0.976
0.954
0.922
0.913
0.922
0.854
0.882
0.781
0.827
0.695
0.711
0.665
0.683
0.542
0.598
0.420
0.318
0.307
0.296
0.472
0.506
0.614
0.485
0.598
0.445
0.542
0.633
0.665
0.598
0.745
0.711
0.711
0.598
0.665
0.485
0.523
0.485
0.506
0.614
0.506
0.614
0.695
0.633
0.770
0.811
0.900
0.963
0.976
0.976
0.963
0.963
0.882
0.922
0.790
0.683
0.614
0.506
0.432
0.369
0.342
0.445
0.384
0.276
0.353
0.369
0.296
0.245
0.369
0.296
0.208
0.255
0.156
0.170
0.146
0.146
0.208
0.187
0.245
0.342
0.445
0.562
0.683
0.732
0.864
0.770
0.756
0.562
0.485
0.353
0.384
0.181
0.232
0.276
0.288
0.264
0.255
0.255
0.276
0.170
0.156
0.102
0.066
0.082
0.046
0.073
0.073
0.082
0.096
0.090
0.096
0.066
0.046
0.043
0.053
0.046
0.033
0.033
0.066
0.090
0.119
0.187
0.223
0.307
0.333
0.472
0.562
0.420
0.485
0.353
0.459
0.353
0.420
0.398
0.485
0.384
0.264
0.223
0.170
0.245
0.232
0.127
0.170
0.232
0.146
0.116
0.187
0.199
0.133
0.156
0.288
0.232
0.156
0.208
0.307
0.264
0.384
0.485
0.523
0.398
0.598
0.485
0.598
0.614
0.732
0.770
0.871
0.900
0.781
0.781
0.695
0.562
0.542
0.420
0.459
0.333
0.333
0.420
0.342
0.472
0.318
0.307
0.296
0.276
0.255
0.164
0.156
0.119
0.102
0.109
0.057
0.066
0.053
0.053
0.102
0.102
0.133
0.146
0.232
0.264
0.353
0.384
0.542
0.614
0.711
0.472
0.633
0.459
0.542
0.506
0.584
0.459
0.562
0.432
0.333
0.276
0.187
0.140
0.078
0.109
0.140
0.208
0.187
0.199
0.255
0.223
0.318
0.369
0.485
0.614
0.732
0.633
0.472
0.472
0.384
0.369
0.384
0.506
0.562
0.542
0.745
0.756
0.745
0.648
0.732
0.562
0.695
0.633
0.790
0.839
0.913
0.854
0.900
0.781
0.711
0.665
0.732
0.584
0.665
0.542
0.665
0.695
0.695
0.648
0.732
0.732
0.683
0.745
0.695
0.781
0.770
0.871
0.882
0.931
0.811
0.839
0.900
0.827
0.882
0.790
0.854
0.827
0.864
0.961
0.938
0.854
0.839
0.948
0.938
0.811
0.882
0.922
0.854
0.839
0.931
0.938
0.839
0.882
0.976
0.900
0.900
0.963
0.976
0.976
0.976
0.972
0.976
0.931
0.948
0.922
0.900
0.948
0.882
0.839
0.770
0.790
0.665
0.745
0.839
0.781
0.665
0.584
0.584
0.420
0.472
0.432
0.432
0.562
0.506
0.648
0.732
0.790
0.882
0.854
0.954
0.938
0.871
0.871
0.976
0.976
0.976
0.976
0.938
0.922
0.938
0.871
0.913
0.811
0.871
0.745
0.756
0.695
0.711
0.562
0.614
0.432
0.445
0.318
0.318
0.506
0.542
0.633
0.523
0.614
0.459
0.584
0.665
0.695
0.598
0.711
0.732
0.711
0.614
0.683
0.523
0.562
0.542
0.542
0.633
0.523
0.614
0.711
0.648
0.781
0.827
0.882
0.972
0.976
0.976
0.972
0.972
0.900
0.931
0.804
0.695
0.614
0.506
0.445
0.333
0.342
0.459
0.384
0.276
0.384
0.398
0.296
0.245
0.369
0.296
0.223
0.245
0.164
0.170
0.146
0.140
0.208
0.170
0.255
0.353
0.445
0.562
0.683
0.711
0.864
0.745
0.745
0.542
0.459
0.333
0.333
0.156
0.164
0.208
0.199
0.199
0.170
0.208
0.187
0.133
0.140
0.078
0.060
0.082
0.043
0.078
0.066
0.096
0.096
0.164
0.133
0.102
0.096
0.082
0.082
0.066
0.037
0.043
0.053
0.031
0.057
0.119
0.119
0.187
0.232
0.318
0.398
0.307
0.384
0.288
0.398
0.296
0.369
0.369
0.459
0.353
0.232
0.187
0.146
0.245
0.245
0.127
0.187
0.264
0.181
0.133
0.208
0.264
0.187
0.208
0.318
0.296
0.223
0.318
0.398
0.398
0.523
0.665
0.683
0.523
0.695
0.598
0.683
0.683
0.695
0.948
0.882
0.811
0.811
0.770
0.683
0.695
0.584
0.633
0.485
0.523
0.584
0.506
0.614
0.445
0.398
0.342
0.318
0.276
0.170
0.156
0.119
0.096
0.114
0.052
0.050
0.037
0.028
0.057
0.066
0.096
0.114
0.164
0.181
0.288
0.296
0.420
0.445
0.614
0.420
0.562
0.398
0.472
0.445
0.472
0.353
0.420
0.318
0.245
0.181
0.119
0.102
0.050
0.082
0.116
0.170
0.164
0.187
0.255
0.245
0.342
0.398
0.506
0.633
0.745
0.614
0.485
0.485
0.420
0.353
0.353
0.472
0.506
0.506
0.633
0.756
0.711
0.614
0.711
0.523
0.648
0.584
0.732
0.811
0.871
0.790
0.871
0.756
0.665
0.648
0.711
0.562
0.648
0.506
0.665
0.648
0.711
0.648
0.745
0.745
0.732
0.790
0.756
0.839
0.854
0.931
0.954
0.963
0.913
0.913
0.954
0.900
0.938
0.839
0.900
0.871
0.882
0.976
0.938
0.854
0.839
0.954
0.871
0.811
0.882
0.913
0.827
0.827
0.922
0.900
0.804
0.871
0.963
0.864
0.827
0.931
0.976
0.976
0.976
0.972
0.976
0.938
0.954
0.938
0.913
0.948
0.913
0.882
0.811
0.811
0.711
0.770
0.864
0.804
0.756
0.648
0.633
0.472
0.584
0.506
0.523
0.648
0.614
0.732
0.770
0.827
0.931
0.882
0.963
0.963
0.913
0.900
0.976
0.976
0.976
0.976
0.963
0.954
0.963
0.913
0.948
0.854
0.913
0.804
0.811
0.790
0.790
0.665
0.695
0.523
0.485
0.369
0.420
0.584
0.633
0.732
0.648
0.756
0.598
0.711
0.790
0.804
0.770
0.900
0.827
0.811
0.756
0.781
0.614
0.648
0.614
0.562
0.614
0.485
0.614
0.695
0.648
0.770
0.811
0.864
0.954
0.976
0.976
0.961
0.963
0.900
0.931
0.811
0.711
0.648
0.542
0.445
0.353
0.353
0.445
0.398
0.276
0.342
0.369
0.288
0.208
0.318
0.255
0.170
0.199
0.127
0.127
0.109
0.109
0.156
0.133
0.208
0.296
0.384
0.472
0.614
0.584
0.756
0.695
0.090
0.119
0.170
0.170
0.208
0.288
0.369
0.353
0.485
0.485
0.598
0.542
0.562
0.506
0.398
0.432
0.542
0.353
0.296
0.333
0.307
0.208
0.187
0.276
0.223
0.140
0.013
0.019
0.025
0.005
0.001
0.013
0.009
0.001
0.007
0.023
0.013
0.019
0.028
0.037
0.033
0.033
0.060
0.090
0.073
0.082
0.133
0.140
0.156
0.208
0.232
0.255
0.276
0.318
0.353
0.318
0.255
0.223
0.318
0.276
0.398
0.432
0.584
0.584
0.711
0.648
0.756
0.711
0.811
0.882
0.827
0.711
0.790
0.900
0.811
0.882
0.804
0.854
0.839
0.711
0.648
0.790
0.790
0.665
0.523
0.420
0.420
0.598
0.562
0.398
0.485
0.648
0.542
0.432
0.562
0.598
0.398
0.398
0.562
0.485
0.342
0.459
0.584
0.432
0.369
0.562
0.542
0.459
0.506
0.156
0.164
0.208
0.276
0.333
0.333
0.459
0.459
0.562
0.523
0.542
0.472
0.384
0.432
0.485
0.333
0.288
0.342
0.296
0.208
0.223
0.307
0.199
0.012
0.022
0.026
0.006
0.001
0.013
0.012
0.001
0.007
0.023
0.019
0.019
0.028
0.037
0.033
0.031
0.060
0.090
0.090
0.073
0.127
0.146
0.133
0.232
0.232
0.264
0.296
0.318
0.369
0.307
0.223
0.208
0.307
0.255
0.384
0.420
0.562
0.562
0.695
0.648
0.756
0.711
0.827
0.882
0.811
0.711
0.770
0.854
0.811
0.882
0.804
0.864
0.854
0.711
0.633
0.770
0.781
0.665
0.506
0.420
0.398
0.584
0.542
0.398
0.523
0.665
0.542
0.523
0.633
0.683
0.432
0.432
0.598
0.506
0.353
0.459
0.584
0.432
0.353
0.542
0.562
0.459
0.445
0.050
0.082
0.073
0.096
0.133
0.164
0.187
0.232
0.264
0.342
0.445
0.432
0.445
0.384
0.307
0.342
0.398
0.264
0.223
0.276
0.245
0.170
0.009
0.013
0.023
0.004
0.000
0.009
0.009
0.001
0.007
0.022
0.013
0.013
0.027
0.037
0.033
0.031
0.060
0.090
0.078
0.116
0.127
0.146
0.146
0.223
0.232
0.288
0.307
0.318
0.353
0.307
0.245
0.208
0.307
0.223
0.342
0.398
0.523
0.562
0.711
0.633
0.745
0.665
0.804
0.854
0.790
0.683
0.695
0.804
0.732
0.827
0.745
0.790
0.756
0.614
0.542
0.665
0.665
0.506
0.384
0.318
0.288
0.445
0.398
0.318
0.472
0.562
0.485
0.485
0.542
0.633
0.398
0.398
0.584
0.485
0.342
0.485
0.598
0.432
0.398
0.598
0.598
0.472
0.523
0.826
0.783
0.592
0.529
0.388
0.413
0.202
0.238
0.289
0.296
0.268
0.255
0.238
0.238
0.155
0.169
0.092
0.069
0.082
0.035
0.074
0.061
0.074
0.074
0.084
0.092
0.055
0.037
0.037
0.046
0.046
0.027
0.028
0.061
0.061
0.126
0.202
0.213
0.303
0.311
0.445
0.548
0.401
0.479
0.338
0.429
0.323
0.388
0.388
0.445
0.371
0.238
0.194
0.164
0.219
0.219
0.119
0.169
0.225
0.147
0.108
0.181
0.202
0.133
0.155
0.238
0.219
0.137
0.225
0.303
0.289
0.401
0.529
0.565
0.413
0.636
0.548
0.636
0.674
0.733
0.826
0.984
0.981
0.921
0.941
0.826
0.810
0.733
0.618
0.592
0.456
0.500
0.371
0.371
0.429
0.338
0.445
0.296
0.296
0.255
0.255
0.225
0.147
0.147
0.119
0.108
0.108
0.061
0.066
0.052
0.046
0.092
0.084
0.126
0.137
0.219
0.255
0.323
0.388
0.514
0.548
0.674
0.456
0.592
0.429
0.500
0.514
0.548
0.429
0.529
0.413
0.311
0.255
0.181
0.137
0.084
0.108
0.137
0.202
0.194
0.194
0.225
0.213
0.303
0.355
0.456
0.578
0.721
0.618
0.479
0.456
0.388
0.355
0.371
0.479
0.548
0.514
0.687
0.733
0.733
0.636
0.707
0.529
0.636
0.565
0.751
0.798
0.873
0.810
0.873
0.733
0.674
0.636
0.721
0.565
0.655
0.529
0.655
0.687
0.687
0.636
0.721
0.707
0.707
0.733
0.687
0.768
0.760
0.858
0.892
0.931
0.826
0.837
0.908
0.826
0.886
0.783
0.849
0.849
0.892
0.969
0.931
0.837
0.849
0.948
0.908
0.810
0.873
0.921
0.858
0.826
0.931
0.941
0.837
0.858
0.974
0.908
0.849
0.892
0.989
0.989
0.989
0.963
0.986
0.931
0.948
0.941
0.931
0.948
0.892
0.849
0.768
0.768
0.636
0.733
0.837
0.760
0.655
0.565
0.548
0.401
0.479
0.401
0.413
0.529
0.514
0.636
0.707
0.783
0.892
0.849
0.959
0.948
0.873
0.873
0.979
0.979
0.986
0.981
0.959
0.921
0.941
0.873
0.921
0.798
0.873
0.733
0.760
0.707
0.721
0.565
0.592
0.429
0.413
0.303
0.311
0.514
0.548
0.655
0.548
0.636
0.479
0.592
0.687
0.687
0.592
0.751
0.733
0.733
0.655
0.674
0.529
0.565
0.529
0.529
0.618
0.500
0.592
0.687
0.636
0.760
0.798
0.892
0.948
0.989
0.989
0.969
0.963
0.886
0.873
0.798
0.687
0.592
0.500
0.413
0.311
0.323
0.429
0.371
0.268
0.338
0.355
0.289
0.219
0.338
0.289
0.213
0.225
0.147
0.164
0.133
0.137
0.202
0.194
0.268
0.371
0.456
0.578
0.707
0.733
0.873
0.733
0.768
0.578
0.500
0.371
0.371
0.181
0.219
0.255
0.238
0.225
0.213
0.225
0.225
0.147
0.164
0.092
0.074
0.082
0.037
0.074
0.069
0.084
0.108
0.133
0.119
0.092
0.074
0.074
0.069
0.066
0.032
0.035
0.066
0.055
0.082
0.137
0.137
0.255
0.238
0.338
0.413
0.311
0.413
0.303
0.445
0.311
0.401
0.371
0.456
0.371
0.238
0.181
0.155
0.238
0.238
0.133
0.194
0.255
0.169
0.133
0.219
0.238
0.169
0.202
0.303
0.268
0.181
0.268
0.355
0.323
0.456
0.578
0.618
0.456
0.655
0.565
0.674
0.636
0.751
0.783
0.941
0.892
0.810
0.783
0.733
0.636
0.618
0.479
0.548
0.413
0.445
0.514
0.429
0.500
0.371
0.355
0.311
0.303
0.282
0.169
0.155
0.119
0.100
0.114
0.055
0.052
0.037
0.028
0.061
0.069
0.100
0.114
0.181
0.202
0.296
0.268
0.388
0.445
0.592
0.413
0.565
0.429
0.514
0.479
0.500
0.371
0.429
0.311
0.255
0.194
0.126
0.106
0.046
0.084
0.126
0.181
0.169
0.194
0.255
0.225
0.323
0.388
0.500
0.618
0.733
0.636
0.479
0.456
0.388
0.338
0.338
0.445
0.500
0.456
0.618
0.721
0.687
0.578
0.707
0.514
0.655
0.592
0.768
0.826
0.892
0.837
0.892
0.768
0.687
0.674
0.721
0.548
0.636
0.479
0.636
0.655
0.655
0.592
0.687
0.687
0.707
0.760
0.721
0.810
0.826
0.908
0.948
0.963
0.892
0.858
0.931
0.858
0.908
0.810
0.858
0.837
0.858
0.969
0.921
0.826
0.837
0.941
0.908
0.798
0.873
0.908
0.826
0.810
0.921
0.921
0.798
0.858
0.963
0.849
0.810
0.908
0.989
0.989
0.989
0.977
0.984
0.931
0.948
0.931
0.908
0.948
0.892
0.858
0.783
0.798
0.687
0.751
0.849
0.783
0.687
0.592
0.592
0.456
0.548
0.479
0.500
0.618
0.565
0.687
0.733
0.810
0.921
0.858
0.963
0.948
0.873
0.886
0.981
0.979
0.989
0.977
0.948
0.931
0.959
0.886
0.931
0.849
0.892
0.783
0.783
0.751
0.751
0.618
0.655
0.479
0.401
0.338
0.355
0.548
0.592
0.687
0.578
0.687
0.529
0.655
0.751
0.760
0.733
0.858
0.798
0.783
0.721
0.721
0.565
0.592
0.548
0.500
0.618
0.479
0.578
0.687
0.655
0.783
0.826
0.908
0.948
0.989
0.989
0.975
0.969
0.908
0.931
0.810
0.707
0.636
0.548
0.456
0.401
0.355
0.456
0.388
0.282
0.355
0.371
0.282
0.213
0.323
0.282
0.181
0.213
0.133
0.137
0.137
0.119
0.169
0.164
0.238
0.323
0.429
0.529
0.655
0.687
0.837
0.721
0.768
0.578
0.500
0.371
0.371
0.169
0.202
0.238
0.225
0.225
0.213
0.238
0.194
0.137
0.155
0.084
0.074
0.069
0.032
0.066
0.055
0.092
0.100
0.155
0.114
0.092
0.084
0.084
0.052
0.052
0.027
0.028
0.055
0.046
0.084
0.147
0.155
0.282
0.255
0.388
0.456
0.338
0.413
0.311
0.413
0.311
0.388
0.388
0.456
0.388
0.238
0.202
0.155
0.225
0.225
0.126
0.169
0.238
0.155
0.126
0.202
0.225
0.155
0.181
0.282
0.255
0.169
0.289
0.355
0.323
0.456
0.592
0.618
0.456
0.655
0.529
0.592
0.655
0.721
0.963
0.948
0.837
0.810
0.733
0.636
0.636
0.500
0.565
0.413
0.413
0.500
0.413
0.529
0.355
0.338
0.289
0.296
0.268
0.164
0.147
0.119
0.100
0.100
0.043
0.046
0.037
0.028
0.061
0.069
0.100
0.114
0.181
0.202
0.296
0.296
0.456
0.479
0.618
0.445
0.578
0.413
0.500
0.456
0.514
0.388
0.456
0.338
0.282
0.202
0.137
0.108
0.055
0.074
0.119
0.181
0.169
0.181
0.225
0.225
0.311
0.388
0.479
0.592
0.733
0.592
0.479
0.445
0.355
0.323
0.338
0.445
0.479
0.445
0.618
0.707
0.687
0.578
0.687
0.514
0.655
0.592
0.768
0.810
0.892
0.837
0.892
0.783
0.707
0.636
0.707
0.529
0.618
0.479
0.618
0.636
0.655
0.592
0.687
0.707
0.674
0.733
0.674
0.768
0.783
0.886
0.921
0.948
0.858
0.873
0.921
0.849
0.892
0.798
0.849
0.826
0.837
0.948
0.908
0.810
0.826
0.921
0.908
0.783
0.858
0.892
0.810
0.810
0.908
0.908
0.798
0.873
0.963
0.873
0.858
0.941
0.989
0.989
0.989
0.969
0.981
0.921
0.948
0.931
0.908
0.959
0.892
0.858
0.768
0.783
0.655
0.751
0.837
0.768
0.674
0.578
0.578
0.429
0.514
0.456
0.479
0.592
0.565
0.674
0.733
0.798
0.892
0.849
0.959
0.941
0.858
0.858
0.977
0.974
0.986
0.975
0.931
0.908
0.941
0.873
0.921
0.837
0.892
0.768
0.783
0.760
0.751
0.592
0.655
0.456
0.388
0.323
0.323
0.529
0.565
0.687
0.592
0.707
0.548
0.674
0.751
0.760
0.687
0.837
0.768
0.760
0.674
0.721
0.548
0.548
0.514
0.500
0.592
0.479
0.578
0.674
0.618
0.760
0.810
0.858
0.963
0.989
0.986
0.969
0.963
0.886
0.921
0.798
0.707
0.618
0.529
0.445
0.371
0.338
0.429
0.371
0.268
0.338
0.355
0.282
0.213
0.323
0.255
0.181
0.202
0.126
0.137
0.119
0.119
0.181
0.155
0.238
0.323
0.429
0.529
0.674
0.636
0.768
0.721
0.106
0.119
0.181
0.169
0.219
0.296
0.338
0.338
0.479
0.479
0.592
0.548
0.565
0.514
0.413
0.456
0.548
0.371
0.303
0.323
0.323
0.255
0.194
0.268
0.194
0.137
0.007
0.013
0.022
0.002
0.001
0.016
0.009
0.004
0.009
0.022
0.018
0.018
0.028
0.043
0.037
0.037
0.092
0.108
0.092
0.084
0.147
0.169
0.155
0.255
0.268
0.289
0.311
0.355
0.371
0.355
0.238
0.238
0.323
0.289
0.413
0.429
0.592
0.592
0.733
0.687
0.783
0.721
0.826
0.886
0.826
0.707
0.768
0.892
0.810
0.892
0.810
0.873
0.858
0.721
0.655
0.783
0.798
0.636
0.529
0.413
0.401
0.578
0.529
0.401
0.548
0.674
0.548
0.456
0.578
0.655
0.429
0.413
0.592
0.529
0.355
0.514
0.618
0.479
0.445
0.636
0.618
0.529
0.655
0.074
0.108
0.114
0.169
0.225
0.255
0.323
0.401
0.479
0.479
0.514
0.429
0.355
0.429
0.456
0.296
0.289
0.303
0.268
0.169
0.202
0.311
0.238
0.016
0.009
0.022
0.005
0.001
0.013
0.016
0.005
0.009
0.025
0.018
0.022
0.032
0.046
0.043
0.037
0.069
0.108
0.100
0.126
0.147
0.169
0.164
0.238
0.268
0.303
0.323
0.338
0.401
0.323
0.268
0.255
0.338
0.268
0.388
0.445
0.578
0.618
0.751
0.655
0.751
0.674
0.810
0.873
0.798
0.707
0.721
0.810
0.760
0.837
0.768
0.798
0.768
0.655
0.592
0.733
0.733
0.578
0.445
0.371
0.338
0.514
0.529
0.371
0.456
0.618
0.479
0.500
0.514
0.592
0.401
0.371
0.548
0.514
0.338
0.500
0.592
0.456
0.401
0.618
0.618
0.529
0.529
0.055
0.055
0.092
0.126
0.147
0.181
0.238
0.282
0.355
0.479
0.479
0.456
0.456
0.401
0.311
0.355
0.429
0.282
0.225
0.303
0.268
0.194
0.007
0.009
0.018
0.002
0.000
0.009
0.013
0.004
0.007
0.025
0.018
0.022
0.032
0.046
0.043
0.043
0.074
0.114
0.100
0.092
0.147
0.181
0.169
0.238
0.268
0.311
0.338
0.338
0.413
0.338
0.289
0.268
0.323
0.268
0.388
0.401
0.565
0.578
0.707
0.674
0.768
0.798
0.837
0.892
0.798
0.707
0.760
0.886
0.810
0.858
0.768
0.768
0.783
0.655
0.565
0.687
0.687
0.565
0.429
0.355
0.323
0.500
0.529
0.355
0.429
0.636
0.529
0.456
0.578
0.636
0.401
0.429
0.592
0.514
0.355
0.514
0.618
0.479
0.429
0.655
0.618
0.548
0.592
0.794
0.676
0.510
0.441
0.314
0.338
0.143
0.214
0.256
0.279
0.267
0.230
0.242
0.242
0.154
0.177
0.095
0.071
0.084
0.043
0.077
0.077
0.095
0.090
0.105
0.099
0.077
0.056
0.049
0.049
0.049
0.037
0.040
0.066
0.056
0.143
0.230
0.214
0.353
0.326
0.456
0.588
0.441
0.488
0.353
0.432
0.338
0.379
0.401
0.441
0.338
0.230
0.189
0.143
0.214
0.202
0.111
0.154
0.230
0.136
0.111
0.194
0.194
0.133
0.164
0.279
0.214
0.143
0.242
0.314
0.297
0.379
0.510
0.534
0.379
0.571
0.456
0.534
0.534
0.588
0.658
0.893
0.869
0.739
0.783
0.701
0.701
0.658
0.534
0.534
0.401
0.456
0.326
0.370
0.441
0.379
0.534
0.353
0.338
0.297
0.305
0.279
0.177
0.177
0.125
0.115
0.115
0.066
0.071
0.049
0.043
0.084
0.090
0.121
0.143
0.230
0.279
0.353
0.401
0.571
0.588
0.701
0.510
0.638
0.456
0.534
0.488
0.571
0.456
0.571
0.456
0.338
0.267
0.189
0.143
0.083
0.105
0.136
0.214
0.194
0.202
0.279
0.242
0.338
0.370
0.473
0.611
0.739
0.658
0.510
0.488
0.418
0.418
0.418
0.553
0.611
0.571
0.739
0.794
0.769
0.658
0.753
0.658
0.658
0.588
0.753
0.808
0.869
0.814
0.869
0.769
0.676
0.638
0.721
0.571
0.686
0.571
0.701
0.721
0.769
0.701
0.783
0.769
0.721
0.769
0.739
0.808
0.794
0.893
0.907
0.932
0.831
0.831
0.907
0.844
0.907
0.814
0.869
0.856
0.881
0.969
0.959
0.881
0.869
0.959
0.924
0.844
0.907
0.942
0.869
0.856
0.942
0.948
0.844
0.907
0.976
0.917
0.844
0.924
0.976
0.976
0.976
0.976
0.976
0.924
0.932
0.932
0.893
0.932
0.869
0.831
0.753
0.783
0.638
0.721
0.824
0.783
0.686
0.588
0.588
0.418
0.473
0.441
0.441
0.588
0.534
0.658
0.701
0.808
0.907
0.856
0.948
0.959
0.893
0.881
0.976
0.969
0.976
0.976
0.959
0.932
0.948
0.893
0.917
0.814
0.856
0.753
0.769
0.701
0.701
0.571
0.611
0.418
0.338
0.305
0.314
0.456
0.510
0.626
0.534
0.626
0.488
0.611
0.686
0.721
0.658
0.783
0.753
0.739
0.638
0.739
0.611
0.611
0.588
0.611
0.686
0.553
0.638
0.721
0.658
0.783
0.824
0.907
0.948
0.976
0.976
0.969
0.964
0.907
0.917
0.808
0.686
0.611
0.488
0.432
0.370
0.326
0.432
0.370
0.242
0.338
0.379
0.305
0.256
0.418
0.326
0.214
0.242
0.143
0.154
0.133
0.125
0.177
0.164
0.214
0.305
0.401
0.488
0.626
0.638
0.794
0.686
0.739
0.534
0.456
0.326
0.338
0.143
0.202
0.267
0.279
0.256
0.230
0.242
0.256
0.154
0.177
0.095
0.077
0.084
0.040
0.071
0.071
0.090
0.084
0.095
0.095
0.066
0.043
0.049
0.043
0.040
0.036
0.038
0.063
0.056
0.164
0.230
0.214
0.353
0.326
0.456
0.571
0.432
0.488
0.353
0.441
0.370
0.432
0.432
0.488
0.401
0.267
0.214
0.177
0.256
0.230
0.125
0.143
0.242
0.143
0.115
0.202
0.202
0.125
0.154
0.279
0.214
0.133
0.214
0.305
0.291
0.379
0.510
0.553
0.401
0.611
0.488
0.588
0.588
0.638
0.701
0.794
0.814
0.739
0.753
0.701
0.571
0.571
0.432
0.473
0.338
0.353
0.432
0.353
0.488
0.314
0.305
0.279
0.279
0.256
0.154
0.154
0.121
0.111
0.115
0.066
0.066
0.049
0.040
0.084
0.090
0.121
0.136
0.230
0.279
0.353
0.401
0.553
0.588
0.721
0.510
0.658
0.488
0.571
0.534
0.588
0.456
0.571
0.456
0.338
0.267
0.189
0.136
0.099
0.111
0.136
0.202
0.194
0.194
0.256
0.214
0.326
0.370
0.473
0.611
0.739
0.638
0.510
0.473
0.379
0.379
0.401
0.510
0.588
0.553
0.721
0.794
0.769
0.686
0.769
0.611
0.701
0.638
0.808
0.844
0.907
0.824
0.893
0.769
0.701
0.658
0.753
0.588
0.686
0.571
0.686
0.686
0.739
0.658
0.739
0.739
0.686
0.739
0.686
0.783
0.753
0.844
0.856
0.924
0.814
0.824
0.893
0.824
0.881
0.794
0.844
0.831
0.856
0.964
0.942
0.856
0.856
0.948
0.917
0.831
0.893
0.932
0.856
0.856
0.948
0.948
0.856
0.907
0.976
0.932
0.881
0.959
0.976
0.976
0.976
0.976
0.976
0.924
0.942
0.942
0.907
0.948
0.893
0.844
0.753
0.769
0.626
0.753
0.831
0.783
0.676
0.571
0.553
0.401
0.456
0.418
0.418
0.553
0.488
0.626
0.701
0.794
0.893
0.856
0.948
0.948
0.881
0.881
0.976
0.969
0.976
0.969
0.932
0.917
0.932
0.869
0.893
0.808
0.844
0.721
0.753
0.701
0.721
0.588
0.638
0.441
0.353
0.314
0.338
0.510
0.553
0.658
0.553
0.638
0.473
0.588
0.676
0.686
0.588
0.753
0.701
0.701
0.611
0.676
0.534
0.571
0.534
0.553
0.658
0.534
0.638
0.721
0.658
0.794
0.831
0.917
0.964
0.976
0.976
0.976
0.967
0.907
0.924
0.814
0.701
0.626
0.510
0.441
0.379
0.353
0.441
0.379
0.242
0.370
0.379
0.297
0.242
0.401
0.314
0.214
0.242
0.143
0.154
0.133
0.121
0.177
0.164
0.214
0.314
0.418
0.510
0.638
0.676
0.824
0.701
0.721
0.510
0.441
0.314
0.326
0.143
0.202
0.256
0.267
0.256
0.267
0.242
0.242
0.143
0.154
0.095
0.077
0.090
0.043
0.077
0.077
0.099
0.105
0.099
0.099
0.077
0.056
0.056
0.056
0.049
0.037
0.038
0.066
0.056
0.154
0.214
0.214
0.353
0.314
0.441
0.553
0.418
0.473
0.338
0.441
0.353
0.418
0.418
0.473
0.379
0.267
0.202
0.177
0.256
0.242
0.125
0.177
0.256
0.154
0.121
0.202
0.214
0.136
0.164
0.291
0.214
0.136
0.230
0.314
0.297
0.418
0.553
0.571
0.418
0.626
0.534
0.626
0.638
0.721
0.844
0.844
0.794
0.794
0.721
0.611
0.588
0.441
0.510
0.353
0.379
0.456
0.401
0.534
0.353
0.338
0.297
0.305
0.291
0.177
0.177
0.125
0.115
0.115
0.066
0.071
0.049
0.043
0.084
0.090
0.125
0.143
0.230
0.279
0.353
0.401
0.553
0.588
0.701
0.510
0.638
0.473
0.553
0.510
0.571
0.456
0.553
0.441
0.326
0.267
0.189
0.136
0.083
0.105
0.136
0.214
0.202
0.202
0.279
0.242
0.338
0.379
0.488
0.626
0.753
0.658
0.510
0.488
0.418
0.418
0.401
0.534
0.611
0.553
0.739
0.794
0.769
0.676
0.753
0.588
0.676
0.626
0.783
0.814
0.893
0.831
0.907
0.794
0.721
0.676
0.753
0.611
0.686
0.571
0.701
0.701
0.753
0.686
0.769
0.769
0.701
0.769
0.721
0.794
0.783
0.869
0.881
0.932
0.844
0.831
0.917
0.831
0.893
0.814
0.856
0.844
0.881
0.969
0.948
0.869
0.869
0.959
0.924
0.844
0.893
0.942
0.869
0.856
0.942
0.948
0.856
0.893
0.969
0.924
0.856
0.932
0.976
0.976
0.976
0.976
0.976
0.932
0.948
0.942
0.893
0.924
0.881
0.856
0.783
0.794
0.676
0.769
0.844
0.794
0.686
0.611
0.588
0.418
0.488
0.441
0.441
0.588
0.534
0.658
0.721
0.814
0.917
0.869
0.964
0.959
0.893
0.881
0.976
0.969
0.976
0.976
0.948
0.932
0.948
0.893
0.924
0.814
0.881
0.753
0.783
0.721
0.721
0.588
0.638
0.441
0.353
0.314
0.338
0.510
0.553
0.658
0.553
0.658
0.488
0.626
0.701
0.721
0.658
0.794
0.739
0.739
0.638
0.701
0.571
0.611
0.571
0.588
0.676
0.553
0.638
0.721
0.676
0.794
0.831
0.917
0.967
0.976
0.976
0.969
0.967
0.907
0.924
0.824
0.721
0.638
0.534
0.456
0.401
0.353
0.456
0.379
0.256
0.370
0.379
0.305
0.267
0.432
0.326
0.230
0.242
0.143
0.164
0.125
0.125
0.164
0.154
0.194
0.305
0.401
0.510
0.626
0.658
0.814
0.686
0.084
0.121
0.164
0.177
0.194
0.297
0.326
0.338
0.473
0.456
0.553
0.488
0.510
0.456
0.353
0.379
0.432
0.314
0.256
0.297
0.291
0.202
0.164
0.267
0.194
0.125
0.020
0.022
0.032
0.005
0.002
0.016
0.013
0.000
0.005
0.016
0.013
0.009
0.024
0.032
0.026
0.026
0.040
0.071
0.056
0.056
0.105
0.111
0.099
0.177
0.189
0.202
0.230
0.279
0.291
0.242
0.164
0.164
0.267
0.230
0.338
0.353
0.473
0.488
0.626
0.611
0.721
0.676
0.808
0.881
0.831
0.721
0.753
0.881
0.844
0.869
0.769
0.831
0.831
0.686
0.588
0.753
0.783
0.638
0.510
0.379
0.401
0.588
0.534
0.379
0.488
0.658
0.510
0.473
0.588
0.638
0.401
0.379
0.534
0.456
0.314
0.432
0.534
0.379
0.326
0.510
0.510
0.401
0.510
0.177
0.164
0.194
0.291
0.326
0.338
0.473
0.456
0.571
0.510
0.534
0.473
0.370
0.401
0.441
0.314
0.267
0.305
0.297
0.214
0.177
0.279
0.202
0.020
0.022
0.029
0.002
0.002
0.019
0.013
0.000
0.007
0.016
0.009
0.009
0.026
0.032
0.029
0.029
0.043
0.071
0.056
0.063
0.105
0.115
0.105
0.189
0.189
0.202
0.242
0.291
0.297
0.256
0.164
0.164
0.267
0.230
0.338
0.370
0.488
0.510
0.638
0.611
0.721
0.658
0.739
0.831
0.769
0.638
0.753
0.881
0.814
0.881
0.794
0.824
0.831
0.686
0.701
0.753
0.783
0.638
0.488
0.379
0.379
0.571
0.534
0.370
0.473
0.638
0.473
0.473
0.588
0.638
0.401
0.401
0.553
0.473
0.314
0.432
0.553
0.379
0.326
0.510
0.534
0.401
0.488
0.084
0.115
0.164
0.154
0.202
0.279
0.314
0.326
0.456
0.441
0.553
0.488
0.510
0.456
0.353
0.379
0.441
0.305
0.256
0.297
0.291
0.214
0.020
0.024
0.032
0.005
0.002
0.019
0.013
0.000
0.007
0.016
0.009
0.009
0.024
0.032
0.026
0.029
0.043
0.071
0.049
0.063
0.099
0.111
0.099
0.154
0.177
0.194
0.230
0.279
0.291
0.242
0.164
0.164
0.267
0.214
0.326
0.353
0.488
0.488
0.626
0.588
0.701
0.658
0.808
0.869
0.824
0.701
0.753
0.881
0.814
0.869
0.769
0.824
0.831
0.686
0.611
0.739
0.769
0.626
0.488
0.379
0.379
0.571
0.510
0.370
0.488
0.638
0.510
0.473
0.588
0.626
0.401
0.379
0.534
0.456
0.305
0.418
0.510
0.370
0.314
0.488
0.488
0.379
0.473
