0.11031175059952038 1.0 0.112
0.1097737120847376 0.991304347826087 0.114
0.11019816336394393 0.991304347826087 0.117
0.1098153547133139 0.9826086956521739 0.119
0.10986328125 0.9782608695652174 0.122
0.10975012248897599 0.9739130434782609 0.124
0.11018199704869651 0.9739130434782609 0.132
0.11050814010853478 0.9739130434782609 0.135
0.11072664359861592 0.9739130434782609 0.14
0.1111111111111111 0.9739130434782609 0.145
0.11178247734138973 0.9652173913043478 0.147
0.11234817813765183 0.9652173913043478 0.157
0.1111111111111111 0.9478260869565217 0.16
0.11122501281394157 0.9434782608695652 0.162
0.1116829644879053 0.9434782608695652 0.165
0.11243523316062176 0.9434782608695652 0.168
0.11296199895887558 0.9434782608695652 0.173
0.11361256544502618 0.9434782608695652 0.183
0.11421052631578947 0.9434782608695652 0.188
0.11475409836065574 0.9434782608695652 0.19
0.11505832449628844 0.9434782608695652 0.193
0.11495476317189994 0.9391304347826087 0.198
0.11544628540887227 0.9391304347826087 0.201
0.11600429645542427 0.9391304347826087 0.203
0.11656772800863464 0.9391304347826087 0.208
0.11672095548317046 0.9347826086956522 0.211
0.11648351648351649 0.9217391304347826 0.218
0.11699779249448124 0.9217391304347826 0.223
0.11758180809761509 0.9217391304347826 0.226
0.11787709497206704 0.9173913043478261 0.236
0.11778029445073612 0.9043478260869565 0.239
0.11865373645179692 0.9043478260869565 0.241
0.11882893226176808 0.9 0.246
0.11900635470826113 0.8956521739130435 0.259
0.1198371146015125 0.8956521739130435 0.264
0.11913145539906103 0.8826086956521739 0.269
0.12009512485136742 0.8782608695652174 0.272
0.12074118350268978 0.8782608695652174 0.274
0.12101143889223359 0.8739130434782608 0.289
0.12181818181818181 0.8739130434782608 0.292
0.12293577981651377 0.8739130434782608 0.294
0.12384473197781885 0.8739130434782608 0.302
0.12358845671267252 0.8565217391304348 0.305
0.12389380530973451 0.8521739130434782 0.317
0.1211734693877551 0.8260869565217391 0.325
0.12179487179487179 0.8260869565217391 0.33
0.12168284789644013 0.8173913043478261 0.335
0.1217906517445688 0.8043478260869565 0.343
0.12127236580516898 0.7956521739130434 0.345
0.12216288384512683 0.7956521739130434 0.353
0.12322274881516587 0.7913043478260869 0.365
0.12431693989071038 0.7913043478260869 0.368
0.1254355400696864 0.782608695652174 0.371
0.12456016889514426 0.7695652173913043 0.373
0.1261582323592302 0.7695652173913043 0.398
0.12689257390050468 0.7652173913043478 0.401
0.12545587162654998 0.7478260869565218 0.406
0.12685459940652818 0.7434782608695653 0.409
0.1282820705176294 0.7434782608695653 0.419
0.12866817155756208 0.7434782608695653 0.429
0.13046815042210283 0.7391304347826086 0.439
0.13110938712179984 0.7347826086956522 0.442
0.13227091633466134 0.7217391304347827 0.447
0.13376309427880742 0.7217391304347827 0.454
0.1348497156783103 0.7217391304347827 0.47
0.1357318070318888 0.7217391304347827 0.475
0.13553719008264462 0.7130434782608696 0.48
0.13651591289782244 0.7086956521739131 0.482
0.13570822731128074 0.6956521739130435 0.49
0.13292788879235448 0.6652173913043479 0.497
0.13432835820895522 0.6652173913043479 0.503
0.13434163701067617 0.6565217391304348 0.508
0.13471971066907776 0.6478260869565218 0.52
0.1366171003717472 0.6391304347826087 0.528
0.1384180790960452 0.6391304347826087 0.53
0.13891531874405327 0.6347826086956522 0.541
0.13706563706563707 0.6173913043478261 0.553
0.1365902293120638 0.5956521739130435 0.558
0.13709677419354838 0.591304347826087 0.563
0.13960703205791106 0.5869565217391305 0.579
0.1382198952879581 0.5739130434782609 0.586
0.13675213675213677 0.5565217391304348 0.594
0.1395856052344602 0.5565217391304348 0.596
0.13851351351351351 0.5347826086956522 0.609
0.13942857142857143 0.5304347826086957 0.617
0.14169570267131243 0.5304347826086957 0.619
0.14285714285714285 0.5304347826086957 0.632
0.14456391875746716 0.5260869565217391 0.635
0.1448019801980198 0.508695652173913 0.637
0.14661654135338345 0.508695652173913 0.642
0.14942528735632185 0.508695652173913 0.652
0.1475195822454308 0.49130434782608695 0.662
0.14986737400530503 0.49130434782608695 0.665
0.1484480431848853 0.4782608695652174 0.675
0.1464088397790055 0.4608695652173913 0.678
0.14644351464435146 0.45652173913043476 0.68
0.14609929078014183 0.44782608695652176 0.693
0.14905933429811866 0.44782608695652176 0.695
0.14414414414414414 0.41739130434782606 0.698
0.1441578148710167 0.41304347826086957 0.711
0.14329738058551617 0.4043478260869565 0.716
0.14173228346456693 0.391304347826087 0.718
0.14098360655737704 0.3739130434782609 0.728
0.14357262103505844 0.3739130434782609 0.736
0.14261168384879724 0.36086956521739133 0.744
0.14335664335664336 0.3565217391304348 0.751
0.14336917562724014 0.34782608695652173 0.754
0.14548802946593 0.34347826086956523 0.756
0.14857142857142858 0.3391304347826087 0.761
0.14931237721021612 0.33043478260869563 0.769
0.14777327935222673 0.3173913043478261 0.779
0.15483870967741936 0.3130434782608696 0.787
0.15894039735099338 0.3130434782608696 0.792
0.16027088036117382 0.30869565217391304 0.802
0.16055045871559634 0.30434782608695654 0.807
0.16355140186915887 0.30434782608695654 0.815
0.1614457831325301 0.29130434782608694 0.817
0.16580310880829016 0.2782608695652174 0.82
0.17066666666666666 0.2782608695652174 0.827
0.17548746518105848 0.27391304347826084 0.845
0.18 0.27391304347826084 0.848
0.18495297805642633 0.2565217391304348 0.85
0.19063545150501673 0.24782608695652175 0.868
0.1978798586572438 0.24347826086956523 0.871
0.1962962962962963 0.23043478260869565 0.876
0.19245283018867926 0.2217391304347826 0.878
0.1968503937007874 0.21739130434782608 0.881
0.1951219512195122 0.20869565217391303 0.886
0.200836820083682 0.20869565217391303 0.888
0.19913419913419914 0.2 0.891
0.20535714285714285 0.2 0.901
0.2009132420091324 0.19130434782608696 0.904
0.19811320754716982 0.1826086956521739 0.906
0.2 0.1782608695652174 0.909
0.2 0.17391304347826086 0.911
0.19796954314720813 0.16956521739130434 0.914
0.20652173913043478 0.16521739130434782 0.916
0.20555555555555555 0.1608695652173913 0.919
0.2138728323699422 0.1608695652173913 0.921
0.21301775147928995 0.1565217391304348 0.924
0.21875 0.15217391304347827 0.926
0.22580645161290322 0.15217391304347827 0.929
0.22972972972972974 0.14782608695652175 0.931
0.2361111111111111 0.14782608695652175 0.934
0.2446043165467626 0.14782608695652175 0.937
0.24806201550387597 0.1391304347826087 0.939
0.25 0.13478260869565217 0.942
0.2459016393442623 0.13043478260869565 0.947
0.26605504587155965 0.12608695652173912 0.949
0.28431372549019607 0.12608695652173912 0.952
0.27835051546391754 0.11739130434782609 0.954
0.2765957446808511 0.11304347826086956 0.957
0.30120481927710846 0.10869565217391304 0.959
0.2894736842105263 0.09565217391304348 0.962
0.29850746268656714 0.08695652173913043 0.964
0.28125 0.0782608695652174 0.967
0.2857142857142857 0.0782608695652174 0.97
0.29508196721311475 0.0782608695652174 0.972
0.3090909090909091 0.07391304347826087 0.975
0.32608695652173914 0.06521739130434782 0.977
0.35 0.06086956521739131 0.98
0.4117647058823529 0.06086956521739131 0.982
0.4 0.05217391304347826 0.985
0.46153846153846156 0.05217391304347826 0.987
0.5263157894736842 0.043478260869565216 0.99
0.5 0.030434782608695653 0.992
0.5454545454545454 0.02608695652173913 0.995
0.6 0.013043478260869565 0.997
0.1700057240984545 1.0 0.169
0.17229336437718276 0.9966329966329966 0.179
0.1728395061728395 0.98989898989899 0.184
0.17386162034299232 0.98989898989899 0.198
0.17562724014336917 0.98989898989899 0.203
0.17636472705458908 0.98989898989899 0.21
0.17678893565844858 0.98989898989899 0.213
0.17796610169491525 0.98989898989899 0.216
0.17904993909866018 0.98989898989899 0.222
0.18064118372379778 0.9865319865319865 0.229
0.18244084682440848 0.9865319865319865 0.23
0.18369905956112853 0.9865319865319865 0.246
0.18445988629185092 0.9831649831649831 0.25
0.1848792884371029 0.9797979797979798 0.251
0.1855406269993602 0.9764309764309764 0.263
0.18811234487263226 0.9696969696969697 0.267
0.18997361477572558 0.9696969696969697 0.277
0.19161676646706588 0.9696969696969697 0.288
0.19393939393939394 0.9696969696969697 0.294
0.19672131147540983 0.9696969696969697 0.295
0.2 0.9696969696969697 0.314
0.20267417311752287 0.9696969696969697 0.323
0.2052744119743407 0.9696969696969697 0.329
0.20674802584350324 0.9696969696969697 0.34
0.20930232558139536 0.9696969696969697 0.343
0.21227810650887574 0.9663299663299664 0.349
0.21530382595648911 0.9663299663299664 0.364
0.21791951404707668 0.9663299663299664 0.376
0.22145061728395063 0.9663299663299664 0.377
0.2248427672955975 0.9629629629629629 0.387
0.22843450479233227 0.9629629629629629 0.405
0.2306451612903226 0.9629629629629629 0.411
0.23265306122448978 0.9595959595959596 0.415
0.23338870431893688 0.9461279461279462 0.422
0.233843537414966 0.9259259259259259 0.432
0.23529411764705882 0.9158249158249159 0.445
0.23847517730496454 0.9057239057239057 0.46
0.23813786929274844 0.8956228956228957 0.462
0.2384406165004533 0.8855218855218855 0.476
0.24106324472960586 0.8855218855218855 0.482
0.2432179607109448 0.8754208754208754 0.484
0.24337121212121213 0.8653198653198653 0.493
0.2437619961612284 0.8552188552188552 0.503
0.24609375 0.8484848484848485 0.513
0.24771573604060915 0.8215488215488216 0.528
0.24923076923076923 0.8181818181818182 0.535
0.25051546391752577 0.8181818181818182 0.542
0.25704989154013014 0.797979797979798 0.545
0.26140155728587317 0.7912457912457912 0.573
0.25788288288288286 0.7710437710437711 0.578
0.25904977375565613 0.7710437710437711 0.579
0.2582857142857143 0.7609427609427609 0.583
0.25925925925925924 0.7542087542087542 0.589
0.2573443008225617 0.7373737373737373 0.592
0.2562574493444577 0.7239057239057239 0.599
0.2582216808769793 0.7138047138047138 0.607
0.2656641604010025 0.7138047138047138 0.609
0.2723735408560311 0.7070707070707071 0.624
0.27941176470588236 0.7037037037037037 0.64
0.2863013698630137 0.7037037037037037 0.647
0.2919605077574048 0.696969696969697 0.657
0.29737609329446063 0.6868686868686869 0.665
0.3031203566121842 0.6868686868686869 0.677
0.3058103975535168 0.6734006734006734 0.684
0.31170886075949367 0.6632996632996633 0.689
0.3137254901960784 0.6464646464646465 0.703
0.3181818181818182 0.6363636363636364 0.715
0.317157712305026 0.6161616161616161 0.718
0.3249551166965889 0.6094276094276094 0.729
0.33271028037383177 0.5993265993265994 0.739
0.33396946564885494 0.5892255892255892 0.746
0.32938856015779094 0.5622895622895623 0.754
0.33539094650205764 0.5488215488215489 0.76
0.3382663847780127 0.5387205387205387 0.77
0.3362255965292842 0.5218855218855218 0.778
0.3392461197339246 0.5151515151515151 0.784
0.34022988505747126 0.4983164983164983 0.787
0.3515439429928741 0.4983164983164983 0.792
0.35555555555555557 0.48484848484848486 0.806
0.3676092544987147 0.48148148148148145 0.812
0.37730870712401055 0.48148148148148145 0.815
0.38419618528610355 0.47474747474747475 0.823
0.3888888888888889 0.4713804713804714 0.826
0.38461538461538464 0.45454545454545453 0.832
0.3935860058309038 0.45454545454545453 0.833
0.40181268882175225 0.4478114478114478 0.839
0.4126984126984127 0.4377104377104377 0.843
0.41042345276872966 0.42424242424242425 0.85
0.42955326460481097 0.4208754208754209 0.855
0.4509090909090909 0.4175084175084175 0.862
0.45318352059925093 0.4074074074074074 0.873
0.44308943089430897 0.367003367003367 0.877
0.4345991561181435 0.3468013468013468 0.886
0.45045045045045046 0.3367003367003367 0.89
0.4793814432989691 0.31313131313131315 0.907
0.49411764705882355 0.2828282828282828 0.912
0.5 0.25925925925925924 0.924
0.5153846153846153 0.2255892255892256 0.931
0.5391304347826087 0.20875420875420875 0.935
0.5514018691588785 0.19865319865319866 0.946
0.5728155339805825 0.19865319865319866 0.951
0.6195652173913043 0.1919191919191919 0.952
0.5833333333333334 0.1414141414141414 0.965
0.6808510638297872 0.10774410774410774 0.966
0.7391304347826086 0.05723905723905724 0.968
0.09012875536480687 1.0 0.301
0.09010989010989011 0.9761904761904762 0.324
0.09255079006772009 0.9761904761904762 0.333
0.09006928406466513 0.9285714285714286 0.36
0.09307875894988067 0.9285714285714286 0.363
0.08780487804878048 0.8571428571428571 0.389
0.08354430379746836 0.7857142857142857 0.401
0.08638743455497382 0.7857142857142857 0.434
0.08776595744680851 0.7857142857142857 0.44
0.09041095890410959 0.7857142857142857 0.451
0.09166666666666666 0.7857142857142857 0.466
0.09269662921348315 0.7857142857142857 0.472
0.09510086455331412 0.7857142857142857 0.478
0.09309309309309309 0.7380952380952381 0.499
0.096875 0.7380952380952381 0.519
0.07357859531772576 0.5238095238095238 0.537
0.07719298245614035 0.5238095238095238 0.578
0.08118081180811808 0.5238095238095238 0.581
0.05952380952380952 0.35714285714285715 0.619
0.06276150627615062 0.35714285714285715 0.637
0.04932735426008968 0.2619047619047619 0.658
0.051643192488262914 0.2619047619047619 0.684
0.03 0.14285714285714285 0.687
0.031746031746031744 0.14285714285714285 0.72
0.034482758620689655 0.14285714285714285 0.723
0.03592814371257485 0.14285714285714285 0.743
0.01910828025477707 0.07142857142857142 0.764
0.02 0.07142857142857142 0.773
0.022222222222222223 0.07142857142857142 0.785
0.0234375 0.07142857142857142 0.805
0.024390243902439025 0.07142857142857142 0.817
0.02608695652173913 0.07142857142857142 0.82
0.028846153846153848 0.07142857142857142 0.841
0.030303030303030304 0.07142857142857142 0.853
0.03260869565217391 0.07142857142857142 0.855
0.03409090909090909 0.07142857142857142 0.867
0.024691358024691357 0.047619047619047616 0.873
0.02531645569620253 0.047619047619047616 0.879
0.02631578947368421 0.047619047619047616 0.888
0.014705882352941176 0.023809523809523808 0.894
0.0 0.0 0.906
0.0 0.0 0.914
0.0 0.0 0.926
0.0 0.0 0.929
0.0 0.0 0.938
0.0 0.0 0.95
0.0 0.0 0.962
0.0 0.0 0.965
0.0 0.0 0.973
0.0 0.0 0.976
0.0 0.0 0.979
0.0 0.0 0.991
0.0 0.0 0.997
0.052485089463220676 1.0 0.11
0.052125100240577385 0.9848484848484849 0.121
0.05239822652156389 0.9848484848484849 0.125
0.052290231049858124 0.9772727272727273 0.13
0.05267456104532462 0.9772727272727273 0.135
0.05293393516618793 0.9772727272727273 0.143
0.053504769805060144 0.9772727272727273 0.15
0.053952321204516936 0.9772727272727273 0.154
0.054292929292929296 0.9772727272727273 0.165
0.05480033984706882 0.9772727272727273 0.172
0.05512820512820513 0.9772727272727273 0.173
0.054935622317596564 0.9696969696969697 0.18
0.0540891389009087 0.946969696969697 0.181
0.054513737461840385 0.946969696969697 0.193
0.05381561535068372 0.9242424242424242 0.194
0.05431878895814782 0.9242424242424242 0.209
0.05478221823080377 0.9242424242424242 0.212
0.05442176870748299 0.9090909090909091 0.222
0.05481955230698949 0.9090909090909091 0.227
0.054402950668510835 0.8939393939393939 0.233
0.05485820548582055 0.8939393939393939 0.241
0.0549812030075188 0.8863636363636364 0.246
0.05563480741797432 0.8863636363636364 0.257
0.05633124699085219 0.8863636363636364 0.264
0.056741028128031036 0.8863636363636364 0.274
0.05729676787463271 0.8863636363636364 0.276
0.05812220566318927 0.8863636363636364 0.288
0.05897177419354839 0.8863636363636364 0.296
0.05978538579458355 0.8863636363636364 0.309
0.060810810810810814 0.8863636363636364 0.315
0.06167633104902478 0.8863636363636364 0.332
0.06253340459647247 0.8863636363636364 0.334
0.06317494600431965 0.8863636363636364 0.347
0.06331877729257641 0.8787878787878788 0.35
0.06412382531785517 0.8787878787878788 0.361
0.06393718452047112 0.8636363636363636 0.366
0.06462585034013606 0.8636363636363636 0.38
0.06733608978145304 0.8636363636363636 0.403
0.06863335340156532 0.8636363636363636 0.406
0.06992574257425743 0.8560606060606061 0.425
0.07115869017632241 0.8560606060606061 0.438
0.07106274007682459 0.8409090909090909 0.445
0.07250163291966036 0.8409090909090909 0.456
0.07328447701532312 0.8333333333333334 0.467
0.07452574525745258 0.8333333333333334 0.477
0.07286606523247745 0.7954545454545454 0.485
0.07462686567164178 0.7954545454545454 0.502
0.07614213197969544 0.7954545454545454 0.508
0.07835820895522388 0.7954545454545454 0.522
0.08039816232771822 0.7954545454545454 0.536
0.08280757097791798 0.7954545454545454 0.546
0.08488278092158448 0.7954545454545454 0.563
0.08656224237427865 0.7954545454545454 0.568
0.0868824531516184 0.7727272727272727 0.579
0.08916083916083917 0.7727272727272727 0.595
0.09041591320072333 0.7575757575757576 0.601
0.0947867298578199 0.7575757575757576 0.622
0.0971540726202159 0.75 0.636
0.09929789368104312 0.75 0.647
0.10082304526748971 0.7424242424242424 0.652
0.10348468848996832 0.7424242424242424 0.665
0.10635964912280702 0.7348484848484849 0.669
0.11123853211009174 0.7348484848484849 0.689
0.11519607843137254 0.7121212121212122 0.698
0.12144702842377261 0.7121212121212122 0.727
0.12264150943396226 0.6893939393939394 0.729
0.12219101123595505 0.6590909090909091 0.75
0.12844036697247707 0.6363636363636364 0.769
0.12898089171974522 0.6136363636363636 0.771
0.1314475873544093 0.5984848484848485 0.788
0.1366906474820144 0.5757575757575758 0.79
0.13680154142581888 0.5378787878787878 0.816
0.13429752066115702 0.49242424242424243 0.819
0.13053097345132744 0.44696969696969696 0.84
0.12941176470588237 0.4166666666666667 0.842
0.1341772151898734 0.4015151515151515 0.859
0.12668463611859837 0.3560606060606061 0.863
0.1318051575931232 0.3484848484848485 0.876
0.12538226299694188 0.3106060606060606 0.878
0.1353135313531353 0.3106060606060606 0.892
0.14181818181818182 0.29545454545454547 0.895
0.15294117647058825 0.29545454545454547 0.909
0.17180616740088106 0.29545454545454547 0.911
0.16113744075829384 0.25757575757575757 0.923
0.17010309278350516 0.25 0.929
0.18857142857142858 0.25 0.935
0.17419354838709677 0.20454545454545456 0.942
0.17142857142857143 0.18181818181818182 0.949
0.14173228346456693 0.13636363636363635 0.953
0.12605042016806722 0.11363636363636363 0.958
0.1111111111111111 0.09090909090909091 0.959
0.11428571428571428 0.09090909090909091 0.961
0.11458333333333333 0.08333333333333333 0.966
0.11627906976744186 0.07575757575757576 0.967
0.1111111111111111 0.06060606060606061 0.973
0.08196721311475409 0.03787878787878788 0.977
0.09259259259259259 0.03787878787878788 0.98
0.07317073170731707 0.022727272727272728 0.982
0.09090909090909091 0.022727272727272728 0.987
0.1111111111111111 0.022727272727272728 0.989
0.14285714285714285 0.022727272727272728 0.992
0.2 0.022727272727272728 0.994
0.125 0.007575757575757576 0.996
0.2 0.007575757575757576 0.998
0.25 0.007575757575757576 0.999
0.11495327102803739 1.0 0.125
0.11507750117426022 0.9959349593495935 0.134
0.1148936170212766 0.9878048780487805 0.143
0.11576941400666985 0.9878048780487805 0.146
0.11705202312138728 0.9878048780487805 0.156
0.11836337067705796 0.9878048780487805 0.164
0.11882640586797066 0.9878048780487805 0.171
0.12005928853754941 0.9878048780487805 0.175
0.12071535022354694 0.9878048780487805 0.184
0.12186559679037111 0.9878048780487805 0.188
0.1239795918367347 0.9878048780487805 0.199
0.12558139534883722 0.9878048780487805 0.215
0.12689295039164492 0.9878048780487805 0.219
0.12823218997361477 0.9878048780487805 0.231
0.12973838761345435 0.9878048780487805 0.235
0.13088155759870201 0.983739837398374 0.249
0.13253012048192772 0.983739837398374 0.255
0.13348164627363737 0.975609756097561 0.268
0.13559322033898305 0.975609756097561 0.278
0.1381692573402418 0.975609756097561 0.29
0.14084507042253522 0.975609756097561 0.304
0.14328358208955225 0.975609756097561 0.317
0.14625228519195613 0.975609756097561 0.328
0.1485394655065258 0.9715447154471545 0.345
0.15059861373660996 0.9715447154471545 0.354
0.15310077519379844 0.9634146341463414 0.362
0.15581854043392504 0.9634146341463414 0.384
0.15852842809364548 0.9634146341463414 0.385
0.15843621399176955 0.9390243902439024 0.405
0.16131284916201116 0.9390243902439024 0.415
0.16274089935760172 0.926829268292683 0.426
0.16569767441860464 0.926829268292683 0.44
0.1662971175166297 0.9146341463414634 0.447
0.16880180859080632 0.9105691056910569 0.459
0.17092034029389017 0.8983739837398373 0.468
0.16903633491311215 0.8699186991869918 0.486
0.16896831844029245 0.8455284552845529 0.489
0.1684470008216927 0.8333333333333334 0.501
0.16947723440134907 0.8170731707317073 0.515
0.17391304347826086 0.8130081300813008 0.526
0.17305976806422838 0.7886178861788617 0.544
0.17479300827966882 0.7723577235772358 0.549
0.1760828625235405 0.7601626016260162 0.57
0.18155339805825244 0.7601626016260162 0.571
0.17782217782217782 0.7235772357723578 0.595
0.18435155412647375 0.6991869918699187 0.621
0.18612334801762115 0.6869918699186992 0.624
0.18615209988649262 0.6666666666666666 0.642
0.18941176470588236 0.6544715447154471 0.646
0.18902439024390244 0.6300813008130082 0.667
0.194125159642401 0.6178861788617886 0.67
0.19496021220159152 0.5975609756097561 0.693
0.19971870604781997 0.5772357723577236 0.697
0.20790629575402636 0.5772357723577236 0.719
0.20980091883614088 0.556910569105691 0.728
0.21647819063004847 0.5447154471544715 0.744
0.2098138747884941 0.5040650406504065 0.756
0.20967741935483872 0.47560975609756095 0.766
0.21550094517958412 0.4634146341463415 0.782
0.2134387351778656 0.43902439024390244 0.79
0.2151639344262295 0.4268292682926829 0.801
0.2175824175824176 0.4024390243902439 0.804
0.22448979591836735 0.4024390243902439 0.816
0.2273781902552204 0.3983739837398374 0.824
0.22572815533980584 0.3780487804878049 0.828
0.23255813953488372 0.36585365853658536 0.839
0.2452316076294278 0.36585365853658536 0.848
0.24127906976744187 0.33739837398373984 0.855
0.25382262996941896 0.33739837398373984 0.867
0.25838926174496646 0.3130081300813008 0.869
0.25517241379310346 0.3008130081300813 0.875
0.26523297491039427 0.3008130081300813 0.884
0.2696629213483146 0.2926829268292683 0.89
0.26956521739130435 0.25203252032520324 0.894
0.2863849765258216 0.24796747967479674 0.908
0.30049261083743845 0.24796747967479674 0.916
0.3065326633165829 0.24796747967479674 0.919
0.3105263157894737 0.23983739837398374 0.92
0.3081395348837209 0.21544715447154472 0.926
0.2875 0.18699186991869918 0.934
0.2642857142857143 0.15040650406504066 0.936
0.26865671641791045 0.14634146341463414 0.941
0.26153846153846155 0.13821138211382114 0.944
0.2764227642276423 0.13821138211382114 0.95
0.2743362831858407 0.12601626016260162 0.951
0.2524271844660194 0.10569105691056911 0.958
0.23232323232323232 0.09349593495934959 0.959
0.22727272727272727 0.08130081300813008 0.961
0.2261904761904762 0.07723577235772358 0.964
0.2125 0.06910569105691057 0.968
0.15384615384615385 0.04065040650406504 0.969
0.15873015873015872 0.04065040650406504 0.971
0.16129032258064516 0.04065040650406504 0.972
0.18518518518518517 0.04065040650406504 0.978
0.20454545454545456 0.036585365853658534 0.981
0.21428571428571427 0.036585365853658534 0.982
0.21951219512195122 0.036585365853658534 0.983
0.23684210526315788 0.036585365853658534 0.984
0.2571428571428571 0.036585365853658534 0.985
0.28125 0.036585365853658534 0.986
0.27586206896551724 0.032520325203252036 0.988
0.2962962962962963 0.032520325203252036 0.989
0.2608695652173913 0.024390243902439025 0.99
0.2857142857142857 0.024390243902439025 0.991
0.2631578947368421 0.02032520325203252 0.992
0.35714285714285715 0.02032520325203252 0.993
0.2727272727272727 0.012195121951219513 0.995
0.3333333333333333 0.012195121951219513 0.996
0.42857142857142855 0.012195121951219513 0.997
0.5 0.012195121951219513 0.998
0.5 0.0040650406504065045 0.999
0.015712682379349047 1.0 0.0
0.03537735849056604 0.75 0.001
0.03543705703678704 0.75 0.002
0.035496957403651115 0.75 0.004
0.03556910569105691 0.75 0.006
0.035629453681710214 0.75 0.008
0.03579952267303103 0.75 0.012
0.035860655737704916 0.75 0.014
0.03588516746411483 0.75 0.015
0.03593429158110883 0.75 0.016
0.03597122302158273 0.75 0.017
0.036094877964936406 0.75 0.021
0.03629450397511234 0.75 0.026
0.036458333333333336 0.75 0.03
0.0366364270760642 0.75 0.035
0.036855036855036855 0.75 0.041
0.03699788583509514 0.75 0.044
0.037102473498233215 0.75 0.047
0.03722084367245657 0.75 0.05
0.037366548042704624 0.75 0.054
0.03770197486535009 0.75 0.062
0.03794723527285869 0.75 0.068
0.03802969938428106 0.75 0.07
0.03826530612244898 0.75 0.076
0.03850385038503851 0.75 0.082
0.038817005545286505 0.75 0.089
0.03903345724907063 0.75 0.094
0.0391644908616188 0.75 0.097
0.03938484621155289 0.75 0.102
0.03965256797583082 0.75 0.108
0.0399391403575504 0.75 0.115
0.04016832440703902 0.75 0.12
0.040338071456012294 0.75 0.124
0.04049363671423062 0.75 0.127
0.04087193460490463 0.75 0.135
0.04114420062695925 0.75 0.141
0.04160063391442155 0.75 0.15
0.041932907348242815 0.75 0.157
0.04210104250200481 0.75 0.16
0.04251012145748988 0.75 0.168
0.04287464271131074 0.75 0.175
0.043281121187139324 0.75 0.183
0.043713572023313906 0.75 0.191
0.044341216216216214 0.75 0.203
0.04401709401709402 0.7357142857142858 0.212
0.04449244060475162 0.7357142857142858 0.221
0.04471722928540114 0.7285714285714285 0.232
0.045495093666369314 0.7285714285714285 0.245
0.046153846153846156 0.7285714285714285 0.256
0.0467246907924874 0.7285714285714285 0.265
0.04766355140186916 0.7285714285714285 0.279
0.0475511174512601 0.7142857142857143 0.292
0.04856726566294318 0.7142857142857143 0.307
0.04995004995004995 0.7142857142857143 0.326
0.050510204081632655 0.7071428571428572 0.34
0.05054715997915581 0.6928571428571428 0.354
0.051871657754010696 0.6928571428571428 0.37
0.052776250687190766 0.6857142857142857 0.388
0.05414551607445008 0.6857142857142857 0.403
0.05405405405405406 0.6714285714285714 0.414
0.054746651135701804 0.6714285714285714 0.422
0.05525525525525526 0.6571428571428571 0.439
0.05694618272841051 0.65 0.462
0.0581319399085565 0.6357142857142857 0.485
0.05974202308214528 0.6285714285714286 0.504
0.0613107822410148 0.6214285714285714 0.522
0.06236243580337491 0.6071428571428571 0.541
0.06363636363636363 0.6 0.556
0.0643879173290938 0.5785714285714286 0.576
0.06475409836065574 0.5642857142857143 0.589
0.06689246401354784 0.5642857142857143 0.602
0.06896551724137931 0.5571428571428572 0.619
0.06870937790157845 0.5285714285714286 0.637
0.07101167315175097 0.5214285714285715 0.654
0.07215447154471545 0.5071428571428571 0.669
0.07309322033898305 0.4928571428571429 0.682
0.07378854625550661 0.4785714285714286 0.694
0.07575757575757576 0.4642857142857143 0.711
0.07720588235294118 0.45 0.725
0.07672634271099744 0.42857142857142855 0.737
0.07957559681697612 0.42857142857142855 0.746
0.07417582417582418 0.38571428571428573 0.755
0.07614942528735633 0.37857142857142856 0.766
0.07882534775888717 0.36428571428571427 0.782
0.07868852459016394 0.34285714285714286 0.795
0.07849829351535836 0.32857142857142857 0.803
0.07942238267148015 0.3142857142857143 0.813
0.07590132827324478 0.2857142857142857 0.823
0.07647058823529412 0.2785714285714286 0.828
0.07261410788381743 0.25 0.838
0.06637168141592921 0.21428571428571427 0.848
0.06175771971496437 0.18571428571428572 0.858
0.05714285714285714 0.15714285714285714 0.87
0.059154929577464786 0.15 0.88
0.06060606060606061 0.14285714285714285 0.889
0.04983388704318937 0.10714285714285714 0.899
0.04946996466431095 0.1 0.905
0.05263157894736842 0.1 0.91
0.047244094488188976 0.08571428571428572 0.914
0.041666666666666664 0.07142857142857142 0.919
0.03619909502262444 0.05714285714285714 0.926
0.03684210526315789 0.05 0.936
0.018867924528301886 0.02142857142857143 0.946
0.006756756756756757 0.007142857142857143 0.95
0.0 0.0 0.955
0.0 0.0 0.956
0.0 0.0 0.96
0.0 0.0 0.963
0.0 0.0 0.967
0.0 0.0 0.973
0.0 0.0 0.98
0.0 0.0 0.981
0.0 0.0 0.984
0.0 0.0 0.986
0.0 0.0 0.989
0.0 0.0 0.992
0.0 0.0 0.994
0.0 0.0 0.995
0.0 0.0 0.996
0.0 0.0 0.997
0.0 0.0 0.998
0.0 0.0 0.999
0.0 0.0 1.0
0.02987027765134274 1.0 0.184
0.02986095281513563 0.9980952380952381 0.186
0.029888204426192107 0.9980952380952381 0.187
0.03000286286859433 0.9980952380952381 0.189
0.03004414884467634 0.9980952380952381 0.19
0.03010629129560471 0.9980952380952381 0.191
0.030184331797235023 0.9980952380952381 0.192
0.03017017594462071 0.9961904761904762 0.194
0.0302207326938634 0.9961904761904762 0.198
0.030334667362681977 0.9961904761904762 0.201
0.030417587530533908 0.9961904761904762 0.202
0.030460104834012812 0.9961904761904762 0.203
0.030481408089520923 0.9961904761904762 0.204
0.030524104120462237 0.9961904761904762 0.205
0.030545965240798174 0.9942857142857143 0.207
0.03062122367572007 0.9942857142857143 0.208
0.030653590933114098 0.9942857142857143 0.209
0.030684222901481307 0.9942857142857143 0.211
0.030694002592199836 0.9923809523809524 0.213
0.030749216486310686 0.9904761904761905 0.215
0.03084588919207498 0.9904761904761905 0.218
0.03094133047721052 0.9904761904761905 0.219
0.03098927294398093 0.9904761904761905 0.221
0.031044776119402984 0.9904761904761905 0.222
0.03101284732596355 0.9885714285714285 0.223
0.031057387349649933 0.9885714285714285 0.224
0.031107648046032128 0.9885714285714285 0.226
0.031152460984393757 0.9885714285714285 0.227
0.031182147165259348 0.9847619047619047 0.229
0.031227349601352983 0.9847619047619047 0.232
0.031323841260224174 0.9847619047619047 0.234
0.031359941768773505 0.9847619047619047 0.235
0.031399939265107805 0.9847619047619047 0.237
0.03148645350256285 0.9828571428571429 0.238
0.031534559677320786 0.9828571428571429 0.241
0.031681709338736416 0.9828571428571429 0.242
0.031722611582441905 0.9828571428571429 0.243
0.031804733727810654 0.9828571428571429 0.245
0.031819586036453504 0.9809523809523809 0.246
0.03188262242307931 0.9809523809523809 0.247
0.03194392755241285 0.9809523809523809 0.249
0.03196660019940179 0.9771428571428571 0.253
0.032034469838890973 0.9771428571428571 0.257
0.0321006194856392 0.9771428571428571 0.258
0.032280392650390136 0.9771428571428571 0.259
0.03228857917638898 0.9752380952380952 0.262
0.032386615219178946 0.9752380952380952 0.264
0.0323786592320365 0.9733333333333334 0.265
0.03246711989325878 0.9733333333333334 0.267
0.03261840929401251 0.9733333333333334 0.269
0.03269772203736882 0.9733333333333334 0.272
0.03264075926638451 0.9695238095238096 0.273
0.032716287440545055 0.9695238095238096 0.274
0.032738287040020624 0.9676190476190476 0.279
0.03282926198785059 0.9676190476190476 0.28
0.032888773792567653 0.9676190476190476 0.281
0.032972025702602714 0.9676190476190476 0.282
0.03301059198128534 0.9676190476190476 0.283
0.03307506999153591 0.9676190476190476 0.285
0.033068092877641536 0.9657142857142857 0.286
0.033152422677041785 0.9657142857142857 0.288
0.033215408805031446 0.9657142857142857 0.289
0.03314083213020081 0.9619047619047619 0.29
0.033210574773115877 0.9619047619047619 0.295
0.03330029732408325 0.96 0.296
0.033344359907376775 0.96 0.299
0.03337100312437679 0.9561904761904761 0.3
0.033437687337640715 0.9561904761904761 0.302
0.033545363240709745 0.9542857142857143 0.303
0.0336173924713145 0.9542857142857143 0.304
0.03368520137161299 0.9542857142857143 0.305
0.03376238290989959 0.9542857142857143 0.31
0.033574275484699045 0.9466666666666667 0.312
0.03364928909952607 0.9466666666666667 0.314
0.03375670719282755 0.9466666666666667 0.315
0.03389252591380251 0.9466666666666667 0.317
0.033978259383332196 0.9466666666666667 0.319
0.033993557672537866 0.9447619047619048 0.323
0.03413626978664831 0.9447619047619048 0.324
0.03434189572803434 0.9447619047619048 0.325
0.0344683808200139 0.9447619047619048 0.327
0.034576507493900316 0.9447619047619048 0.33
0.0347387589298221 0.9447619047619048 0.331
0.034843695117667724 0.9447619047619048 0.332
0.03494188094399436 0.9447619047619048 0.338
0.03505795872208086 0.9447619047619048 0.339
0.03506659110229527 0.9428571428571428 0.34
0.035136286201022146 0.9428571428571428 0.343
0.035236332574031894 0.9428571428571428 0.344
0.03536472101164535 0.9428571428571428 0.347
0.03551912568306011 0.940952380952381 0.351
0.035758323057953144 0.939047619047619 0.355
0.03584933100639907 0.939047619047619 0.356
0.03596702414824542 0.939047619047619 0.358
0.036109280011719036 0.939047619047619 0.361
0.036279343586724556 0.939047619047619 0.363
0.03644293317563572 0.939047619047619 0.365
0.036421630442845486 0.9352380952380952 0.368
0.036546334201711946 0.9352380952380952 0.372
0.03654883163571001 0.9295238095238095 0.375
0.03668069753457607 0.9295238095238095 0.378
0.03683852947837246 0.9295238095238095 0.382
0.0366840632327358 0.9238095238095239 0.385
0.036977737114974076 0.9238095238095239 0.386
0.03707951070336391 0.9238095238095239 0.389
0.037113718273138564 0.9219047619047619 0.392
0.03729153798641136 0.92 0.394
0.037404166343994426 0.92 0.399
0.037728479925011715 0.92 0.401
0.03781117895725693 0.92 0.404
0.037758065782243506 0.9161904761904762 0.407
0.03778040141676505 0.9142857142857143 0.408
0.03785190442394133 0.9142857142857143 0.41
0.03795966785290629 0.9142857142857143 0.411
0.038043909011650945 0.9142857142857143 0.412
0.03823787142515733 0.9142857142857143 0.416
0.038248737070002405 0.9085714285714286 0.417
0.03833788779938917 0.9085714285714286 0.42
0.038368531355795585 0.9066666666666666 0.421
0.03852705004461027 0.9047619047619048 0.424
0.038630448926480154 0.9047619047619048 0.426
0.03872493070275559 0.9047619047619048 0.428
0.03877234511468452 0.9047619047619048 0.431
0.03900796583723413 0.9047619047619048 0.432
0.03911718685662521 0.9047619047619048 0.433
0.03932770326212949 0.9047619047619048 0.436
0.03948462177888612 0.9047619047619048 0.437
0.039603134900783724 0.9047619047619048 0.438
0.03968917112299465 0.9047619047619048 0.444
0.03956080797921381 0.8990476190476191 0.445
0.03977320809003977 0.8952380952380953 0.447
0.03989474577709872 0.8952380952380953 0.448
0.04004430433671296 0.8952380952380953 0.45
0.04015721120984279 0.8952380952380953 0.453
0.04028111073020226 0.8952380952380953 0.455
0.04026152787336545 0.8914285714285715 0.458
0.04035254471614966 0.8895238095238095 0.459
0.040488989075775965 0.8895238095238095 0.46
0.04074332577211656 0.8895238095238095 0.463
0.04109468497008096 0.8895238095238095 0.464
0.0412653530087479 0.8895238095238095 0.467
0.04143009226401703 0.8895238095238095 0.472
0.04151077854979512 0.8876190476190476 0.473
0.04170022371364653 0.8876190476190476 0.476
0.04180151024811219 0.8857142857142857 0.48
0.04196372168576843 0.8857142857142857 0.481
0.04220366672717372 0.8857142857142857 0.482
0.042194477353504053 0.8819047619047619 0.483
0.04235660049400787 0.8819047619047619 0.487
0.042469271693267294 0.8819047619047619 0.489
0.04251198819623755 0.878095238095238 0.492
0.04267728198481763 0.878095238095238 0.495
0.04276682781703235 0.8761904761904762 0.496
0.0429264650989175 0.8761904761904762 0.497
0.04306712854601629 0.8761904761904762 0.498
0.04321626965445815 0.8742857142857143 0.499
0.043449450965543354 0.8742857142857143 0.504
0.043647774819322936 0.8742857142857143 0.508
0.04388564872358734 0.8742857142857143 0.51
0.044106317411402154 0.8723809523809524 0.511
0.04420849420849421 0.8723809523809524 0.512
0.044371245882580894 0.8723809523809524 0.52
0.04503441494591937 0.8723809523809524 0.522
0.04523010073079202 0.8723809523809524 0.526
0.045526838966202784 0.8723809523809524 0.528
0.045495360670457945 0.8685714285714285 0.529
0.04577394097570769 0.8685714285714285 0.531
0.045972376247605605 0.8685714285714285 0.537
0.04591423948220065 0.8647619047619047 0.538
0.046246307425893855 0.8647619047619047 0.539
0.046304814474087706 0.8628571428571429 0.542
0.04661716171617162 0.8609523809523809 0.547
0.0467860469930649 0.8609523809523809 0.549
0.046956160398919596 0.8609523809523809 0.551
0.047398843930635835 0.8590476190476191 0.552
0.047573839662447256 0.8590476190476191 0.557
0.04773497036409822 0.8590476190476191 0.558
0.04790228359001593 0.8590476190476191 0.559
0.04826626712328767 0.8590476190476191 0.562
0.04851549053356282 0.8590476190476191 0.565
0.04892601431980907 0.8590476190476191 0.569
0.04886561954624782 0.8533333333333334 0.57
0.04908513202585735 0.8533333333333334 0.571
0.049366391184573005 0.8533333333333334 0.572
0.04986087924318308 0.8533333333333334 0.575
0.050207329373529085 0.8533333333333334 0.579
0.05029318899413622 0.8495238095238096 0.584
0.05057262728200476 0.8495238095238096 0.585
0.05090162063455832 0.8495238095238096 0.587
0.05122315378431147 0.8495238095238096 0.588
0.051207952837822215 0.8438095238095238 0.591
0.05171405171405171 0.8419047619047619 0.598
0.05200611836686669 0.8419047619047619 0.6
0.052307692307692305 0.8419047619047619 0.602
0.05268804386696865 0.8419047619047619 0.606
0.052870813397129186 0.8419047619047619 0.607
0.05337519623233909 0.8419047619047619 0.608
0.0536994289879723 0.8419047619047619 0.613
0.05399462496946005 0.8419047619047619 0.615
0.05443349753694581 0.8419047619047619 0.617
0.05459486166007905 0.8419047619047619 0.618
0.05500248880039821 0.8419047619047619 0.619
0.055104335874047235 0.84 0.624
0.055192356047271816 0.8361904761904762 0.625
0.05552042493992665 0.8361904761904762 0.626
0.05571773067648179 0.8361904761904762 0.627
0.056109406952965235 0.8361904761904762 0.63
0.05647755049530426 0.8361904761904762 0.631
0.056772521062864546 0.8342857142857143 0.636
0.05667014069828035 0.8285714285714286 0.64
0.05730470293768937 0.8285714285714286 0.642
0.057789613848202394 0.8266666666666667 0.647
0.05811462238885913 0.8266666666666667 0.649
0.0586565752128666 0.8266666666666667 0.651
0.058935361216730035 0.8266666666666667 0.653
0.059144180975742706 0.8266666666666667 0.655
0.05961538461538462 0.8266666666666667 0.656
0.05994436717663421 0.820952380952381 0.658
0.06033879322413552 0.820952380952381 0.662
0.06057624736472242 0.820952380952381 0.663
0.06073446327683616 0.819047619047619 0.664
0.06099290780141844 0.819047619047619 0.673
0.061949458483754515 0.8171428571428572 0.674
0.062354651162790695 0.8171428571428572 0.675
0.0625 0.8171428571428572 0.676
0.06308169596690796 0.8133333333333334 0.677
0.06349442379182156 0.8133333333333334 0.681
0.0633497684147617 0.8076190476190476 0.684
0.06351351351351352 0.8057142857142857 0.69
0.06388763026733121 0.8057142857142857 0.691
0.0652878530637444 0.8057142857142857 0.693
0.06547155105222136 0.8 0.695
0.06582875098193244 0.7980952380952381 0.696
0.06607650964274422 0.7961904761904762 0.702
0.06621988192117441 0.7904761904761904 0.704
0.06655974338412189 0.7904761904761904 0.707
0.0669786959328599 0.7904761904761904 0.71
0.06688417618270799 0.780952380952381 0.711
0.06723515906854706 0.780952380952381 0.712
0.0676344440778621 0.780952380952381 0.714
0.06789508632138114 0.7790476190476191 0.715
0.06861264888441537 0.7790476190476191 0.716
0.06898296508686119 0.7790476190476191 0.718
0.06893631436314362 0.7752380952380953 0.722
0.06872322193658954 0.7638095238095238 0.723
0.0687693898655636 0.76 0.725
0.06915077989601387 0.76 0.727
0.06951219512195123 0.76 0.728
0.06984969053934571 0.7523809523809524 0.735
0.07020974049057946 0.7523809523809524 0.736
0.06970939561419148 0.7447619047619047 0.737
0.0700556852883061 0.7428571428571429 0.738
0.0706830250869804 0.7352380952380952 0.741
0.07104631850894999 0.7333333333333333 0.742
0.06968124536693847 0.7161904761904762 0.746
0.07009345794392523 0.7142857142857143 0.747
0.07048872180451128 0.7142857142857143 0.748
0.07071280015125733 0.7123809523809523 0.751
0.07066869300911854 0.7085714285714285 0.752
0.07155222158107329 0.7085714285714285 0.753
0.07209302325581396 0.7085714285714285 0.757
0.0723196881091618 0.7066666666666667 0.758
0.07283078131134668 0.7066666666666667 0.76
0.07239190797302658 0.6952380952380952 0.763
0.07285570131180626 0.6876190476190476 0.765
0.07347852635864034 0.6876190476190476 0.767
0.07387646213831316 0.6857142857142857 0.768
0.074719800747198 0.6857142857142857 0.771
0.074822842851188 0.6838095238095238 0.772
0.07542016806722689 0.6838095238095238 0.778
0.07652952462161586 0.6838095238095238 0.779
0.07768881194546635 0.6838095238095238 0.78
0.07835006547359231 0.6838095238095238 0.782
0.07859495060373216 0.6819047619047619 0.785
0.07850508624502432 0.6761904761904762 0.786
0.07904783292162587 0.6704761904761904 0.789
0.0794044665012407 0.6704761904761904 0.792
0.08072677092916283 0.6685714285714286 0.795
0.08090994371482177 0.6571428571428571 0.796
0.08132956152758133 0.6571428571428571 0.797
0.08144475920679886 0.6571428571428571 0.799
0.08131241084165478 0.6514285714285715 0.802
0.08146201624462494 0.6495238095238095 0.803
0.08200734394124846 0.638095238095238 0.804
0.082039911308204 0.6342857142857142 0.805
0.08228004956629492 0.6323809523809524 0.809
0.08293779665251062 0.6323809523809524 0.81
0.08331242158092848 0.6323809523809524 0.814
0.08453608247422681 0.6247619047619047 0.816
0.0851948051948052 0.6247619047619047 0.817
0.08559498956158663 0.6247619047619047 0.818
0.08563899868247694 0.6190476190476191 0.821
0.0858050847457627 0.6171428571428571 0.822
0.08603591530420798 0.6114285714285714 0.824
0.0856519367157665 0.5980952380952381 0.827
0.08553355335533554 0.5923809523809523 0.828
0.08600055663790704 0.5885714285714285 0.83
0.0862312694373763 0.580952380952381 0.831
0.08684510250569476 0.580952380952381 0.834
0.08721934369602763 0.5771428571428572 0.837
0.08700696055684455 0.5714285714285714 0.838
0.08833922261484099 0.5714285714285714 0.84
0.08891523414344991 0.5714285714285714 0.841
0.08847184986595175 0.5657142857142857 0.842
0.08942598187311178 0.5638095238095238 0.843
0.08849557522123894 0.5523809523809524 0.845
0.08920332205475238 0.5523809523809524 0.846
0.08834469931804091 0.5428571428571428 0.847
0.08717624763108023 0.5257142857142857 0.848
0.08767471410419314 0.5257142857142857 0.851
0.08870967741935484 0.5238095238095238 0.854
0.08925673482635509 0.5238095238095238 0.855
0.08922056384742952 0.5123809523809524 0.856
0.08987637821583695 0.5123809523809524 0.86
0.09093982420554429 0.5123809523809524 0.861
0.09137931034482759 0.5047619047619047 0.863
0.09210983663538408 0.5047619047619047 0.864
0.09288468279004557 0.5047619047619047 0.865
0.09310589907604833 0.4990476190476191 0.867
0.09353557240881184 0.49333333333333335 0.868
0.09318346627991297 0.4895238095238095 0.87
0.09290416971470374 0.4838095238095238 0.871
0.09358879882092852 0.4838095238095238 0.872
0.09263392857142858 0.4742857142857143 0.873
0.09246575342465753 0.46285714285714286 0.876
0.0924079754601227 0.45904761904761904 0.877
0.09246309246309246 0.4533333333333333 0.878
0.09351669941060904 0.4533333333333333 0.879
0.09321697738992463 0.44761904761904764 0.88
0.09332260659694289 0.4419047619047619 0.881
0.09278768233387358 0.4361904761904762 0.882
0.09153783563873068 0.42857142857142855 0.884
0.09298464092984642 0.4266666666666667 0.886
0.09415720891130727 0.4266666666666667 0.887
0.0950149126544525 0.4247619047619048 0.888
0.09410234171725933 0.41333333333333333 0.889
0.09525899912203688 0.41333333333333333 0.891
0.09563684442485676 0.41333333333333333 0.892
0.09612817089452604 0.4114285714285714 0.894
0.09681818181818182 0.4057142857142857 0.895
0.09695290858725762 0.4 0.896
0.09583333333333334 0.3942857142857143 0.897
0.09713749413420929 0.3942857142857143 0.898
0.09847764034253093 0.3942857142857143 0.899
0.09894837476099426 0.3942857142857143 0.901
0.10043881033642126 0.3923809523809524 0.902
0.10193933366484337 0.3904761904761905 0.903
0.10195881466599699 0.38666666666666666 0.904
0.10325534079348932 0.38666666666666666 0.905
0.10420944558521561 0.38666666666666666 0.907
0.10531803962460896 0.38476190476190475 0.908
0.10642781875658588 0.38476190476190475 0.909
0.1072 0.38285714285714284 0.91
0.10823909531502424 0.38285714285714284 0.911
0.11129660545353366 0.38095238095238093 0.914
0.11204481792717087 0.38095238095238093 0.915
0.11409013120365089 0.38095238095238093 0.917
0.11507479861910241 0.38095238095238093 0.918
0.11869436201780416 0.38095238095238093 0.919
0.12046004842615012 0.379047619047619 0.921
0.12138016019716574 0.37523809523809526 0.922
0.11879321181646763 0.36 0.923
0.11969601013299556 0.36 0.925
0.1206126356094448 0.36 0.926
0.12093628088426528 0.35428571428571426 0.927
0.12285336856010567 0.35428571428571426 0.928
0.12432432432432433 0.3504761904761905 0.929
0.1271596406357982 0.3504761904761905 0.93
0.1289418360196216 0.3504761904761905 0.931
0.12987934705464868 0.3485714285714286 0.933
0.1329437545653762 0.3466666666666667 0.935
0.13588588588588588 0.34476190476190477 0.936
0.13806254767353165 0.34476190476190477 0.937
0.13923076923076924 0.34476190476190477 0.938
0.1417004048582996 0.3333333333333333 0.941
0.1420265780730897 0.32571428571428573 0.942
0.14023372287145242 0.32 0.943
0.14470284237726097 0.32 0.944
0.14596003475238922 0.32 0.945
0.14486391571553994 0.3142857142857143 0.946
0.14972776769509982 0.3142857142857143 0.947
0.15298507462686567 0.31238095238095237 0.948
0.15457115928369464 0.31238095238095237 0.949
0.15229885057471265 0.3028571428571429 0.95
0.15539858728557013 0.29333333333333333 0.952
0.15838509316770186 0.2914285714285714 0.954
0.16020942408376965 0.2914285714285714 0.955
0.16090712742980562 0.2838095238095238 0.956
0.16666666666666666 0.2780952380952381 0.957
0.16206896551724137 0.26857142857142857 0.958
0.16726403823178015 0.26666666666666666 0.959
0.17058096415327564 0.26285714285714284 0.961
0.16875 0.2571428571428571 0.962
0.17733333333333334 0.25333333333333335 0.964
0.18246110325318246 0.24571428571428572 0.965
0.1840228245363766 0.24571428571428572 0.966
0.1875 0.24571428571428572 0.967
0.18796992481203006 0.23809523809523808 0.968
0.19319938176197837 0.23809523809523808 0.969
0.1949685534591195 0.2361904761904762 0.97
0.2036727879799666 0.23238095238095238 0.971
0.20552677029360966 0.22666666666666666 0.972
0.20863309352517986 0.22095238095238096 0.973
0.21428571428571427 0.21714285714285714 0.974
0.21146245059288538 0.2038095238095238 0.975
0.19795918367346937 0.18476190476190477 0.976
0.20125786163522014 0.18285714285714286 0.977
0.20758928571428573 0.17714285714285713 0.978
0.20956719817767655 0.17523809523809525 0.979
0.21951219512195122 0.17142857142857143 0.98
0.2245430809399478 0.16380952380952382 0.981
0.22811671087533156 0.16380952380952382 0.982
0.239067055393586 0.15619047619047619 0.983
0.2459546925566343 0.14476190476190476 0.984
0.23986486486486486 0.13523809523809524 0.985
0.25830258302583026 0.13333333333333333 0.986
0.25384615384615383 0.12571428571428572 0.987
0.28205128205128205 0.12571428571428572 0.988
0.3069306930693069 0.1180952380952381 0.989
0.30303030303030304 0.11428571428571428 0.99
0.2864864864864865 0.10095238095238095 0.991
0.3246753246753247 0.09523809523809523 0.992
0.3282442748091603 0.08190476190476191 0.993
0.3559322033898305 0.08 0.994
0.3917525773195876 0.07238095238095238 0.995
0.3977272727272727 0.06666666666666667 0.996
0.45 0.05142857142857143 0.997
0.5128205128205128 0.0380952380952381 0.998
0.5555555555555556 0.02857142857142857 0.999
1.0 0.007619047619047619 1.0
0.19890123610937696 1.0 0.002
0.1987003249187703 0.9981167608286252 0.003
0.19879969992498125 0.9981167608286252 0.004
0.1986232790988736 0.9962335216572504 0.005
0.19819594086695064 0.9930947897049592 0.006
0.19771815446339017 0.9899560577526679 0.007
0.19756342627480533 0.9874450721908349 0.009
0.1971281017760423 0.9824231010671689 0.01
0.19692385274836108 0.9805398618957941 0.011
0.1967192429022082 0.9786566227244193 0.012
0.19664268585131894 0.9780288763339611 0.013
0.1962025316455696 0.9730069052102951 0.014
0.1961231470923603 0.9717514124293786 0.016
0.19626998223801065 0.9711236660389203 0.018
0.19626761457407643 0.970495919648462 0.019
0.1959562563580875 0.9673571876961707 0.02
0.19564940847220455 0.965473948524796 0.021
0.19584872023430536 0.965473948524796 0.022
0.19589338094630787 0.9642184557438794 0.023
0.1958407757080888 0.9635907093534212 0.024
0.19606590880061311 0.9635907093534212 0.025
0.19598568141140374 0.9623352165725048 0.026
0.19597796848981683 0.96045197740113 0.027
0.19602564102564102 0.9598242310106717 0.028
0.19622447669192244 0.9591964846202135 0.029
0.1961968392650649 0.9585687382297552 0.03
0.1961691734156061 0.9579409918392969 0.031
0.19613899613899613 0.9566854990583804 0.032
0.19610874887256796 0.9554300062774639 0.033
0.19630872483221476 0.9548022598870056 0.034
0.19668951247898617 0.9548022598870056 0.035
0.19674039580908032 0.9548022598870056 0.036
0.19676584734799482 0.9548022598870056 0.037
0.19737866597456527 0.9548022598870056 0.038
0.19742990654205608 0.9548022598870056 0.04
0.19789227166276346 0.9548022598870056 0.041
0.1981500781657113 0.9548022598870056 0.043
0.19874558996471972 0.9548022598870056 0.046
0.19910983112972902 0.9548022598870056 0.047
0.1992141453831041 0.9548022598870056 0.048
0.199501573976915 0.9548022598870056 0.049
0.1998948613484032 0.9548022598870056 0.05
0.20026333113890718 0.9548022598870056 0.052
0.20039525691699606 0.9548022598870056 0.053
0.2007920792079208 0.9548022598870056 0.055
0.20100436104136382 0.9548022598870056 0.056
0.20151033386327505 0.9548022598870056 0.057
0.2014846235418876 0.9541745134965474 0.058
0.2017520573400584 0.9541745134965474 0.06
0.20212765957446807 0.9541745134965474 0.061
0.2022890604205483 0.9541745134965474 0.063
0.20272072552680714 0.9541745134965474 0.065
0.20293724966622162 0.9541745134965474 0.066
0.20367144579927643 0.9541745134965474 0.069
0.20386266094420602 0.9541745134965474 0.07
0.20399946315930748 0.9541745134965474 0.071
0.20435600968002152 0.9541745134965474 0.072
0.20454851298613916 0.9541745134965474 0.073
0.2047138047138047 0.9541745134965474 0.074
0.20529443544030254 0.9541745134965474 0.075
0.20557208547470923 0.9541745134965474 0.077
0.2057947468183049 0.9541745134965474 0.078
0.2061296446975861 0.9541745134965474 0.081
0.20638153428377462 0.9541745134965474 0.082
0.20686367969494757 0.9535467671060891 0.083
0.2069200381419425 0.9535467671060891 0.084
0.2072920934043425 0.9529190207156308 0.085
0.2074904319300164 0.9529190207156308 0.086
0.20774599698918844 0.9529190207156308 0.088
0.20788824979457682 0.9529190207156308 0.09
0.208602446062938 0.9529190207156308 0.092
0.2090457804743519 0.9516635279347144 0.093
0.20908714265985362 0.9504080351537979 0.095
0.2092605390463027 0.9504080351537979 0.096
0.20949218209492182 0.9504080351537979 0.098
0.20959245910729138 0.9491525423728814 0.099
0.20982514571190675 0.9491525423728814 0.1
0.21005834954153932 0.9491525423728814 0.101
0.2100653413040456 0.9485247959824231 0.102
0.21051164087550536 0.9478970495919649 0.105
0.21104122990915444 0.9478970495919649 0.106
0.21110023766251923 0.9478970495919649 0.108
0.2114926419060967 0.9472693032015066 0.109
0.21167064104362462 0.9472693032015066 0.111
0.21217660292463442 0.9472693032015066 0.113
0.21250528094634558 0.9472693032015066 0.114
0.21295512277730735 0.9472693032015066 0.115
0.21319581802769144 0.9472693032015066 0.116
0.21331636980491941 0.9472693032015066 0.119
0.21409291092484728 0.9460138104205901 0.121
0.21461122187410994 0.9460138104205901 0.124
0.2150814053127678 0.9453860640301318 0.125
0.21538901601830662 0.9453860640301318 0.126
0.21552341400544178 0.9447583176396736 0.127
0.21577060931899641 0.9447583176396736 0.128
0.2159172532682086 0.943502824858757 0.129
0.2162589928057554 0.943502824858757 0.133
0.21685182513345838 0.943502824858757 0.134
0.21732215153267784 0.943502824858757 0.136
0.2176053279281888 0.943502824858757 0.137
0.21825050857308922 0.9428750784682988 0.139
0.2185633105056098 0.9416195856873822 0.14
0.21885030639042893 0.9416195856873822 0.143
0.21918409124140956 0.9409918392969241 0.146
0.220049977950904 0.9397363465160076 0.147
0.22040636042402828 0.9397363465160076 0.153
0.22073134768504865 0.9397363465160076 0.154
0.22118656606006806 0.938480853735091 0.155
0.22179334916864607 0.9378531073446328 0.156
0.22212310437109722 0.9378531073446328 0.161
0.22228852752498882 0.9353421217827997 0.164
0.2232397537907221 0.933458882611425 0.167
0.2233243162007815 0.9328311362209667 0.169
0.22389633870724726 0.9328311362209667 0.17
0.2244373961637215 0.9328311362209667 0.171
0.22496591425541584 0.9322033898305084 0.172
0.2251253228011545 0.9303201506591338 0.173
0.22550662806643304 0.9290646578782172 0.177
0.22605773636780205 0.9290646578782172 0.181
0.22677092916283348 0.928436911487759 0.185
0.226846874520043 0.9271814187068425 0.186
0.22694380292532718 0.9252981795354677 0.187
0.22763096893834028 0.9246704331450094 0.189
0.22787747524752475 0.9246704331450094 0.193
0.22841614906832297 0.9234149403640929 0.194
0.22900763358778625 0.9227871939736346 0.198
0.22905289436729598 0.9215317011927181 0.199
0.22913410440762738 0.9202762084118016 0.2
0.22951590161366128 0.9196484620213434 0.202
0.23028490476940028 0.9183929692404269 0.205
0.2307206068268015 0.9165097300690521 0.208
0.23145212428662015 0.9165097300690521 0.209
0.231637519872814 0.9146264908976773 0.211
0.23208028034405861 0.9146264908976773 0.213
0.23237639553429026 0.9146264908976773 0.214
0.2330345710627401 0.9139987445072191 0.219
0.23333333333333334 0.9139987445072191 0.22
0.2337035248672139 0.911487758945386 0.223
0.23486565231466494 0.9108600125549278 0.225
0.2353896103896104 0.9102322661644695 0.227
0.2357445421961551 0.9083490269930948 0.23
0.2363606664488729 0.9083490269930948 0.232
0.23705766710353865 0.9083490269930948 0.233
0.2374384236453202 0.9077212806026366 0.238
0.2380089006098566 0.90646578782172 0.24
0.2383548067393459 0.9058380414312618 0.242
0.23910521955260977 0.9058380414312618 0.243
0.23889816360601002 0.8983050847457628 0.245
0.23925046009703865 0.8976773383553045 0.249
0.2394626364399664 0.8951663527934715 0.255
0.24033755274261603 0.8939108600125549 0.256
0.24094754653130288 0.8939108600125549 0.26
0.24105173876166242 0.8920276208411801 0.261
0.241156462585034 0.8901443816698054 0.264
0.24164392905866303 0.8895166352793471 0.266
0.2418636519355944 0.8863779033270559 0.267
0.2424866907092564 0.8863779033270559 0.268
0.24323858742463395 0.8863779033270559 0.271
0.24378453038674033 0.8863779033270559 0.272
0.24401664932362122 0.8832391713747646 0.276
0.2444792210050426 0.8826114249843063 0.279
0.24446381865736705 0.8801004394224733 0.281
0.24484806147397833 0.8801004394224733 0.282
0.24510146955913226 0.879472693032015 0.285
0.24517035475939586 0.8763339610797238 0.288
0.24580314543205514 0.8731952291274325 0.289
0.2462382722605771 0.8731952291274325 0.291
0.24671169569854248 0.8713119899560577 0.296
0.24759014637629417 0.8706842435655995 0.297
0.24803290414878398 0.8706842435655995 0.302
0.24847287100251528 0.8681732580037664 0.303
0.24842484248424843 0.8662900188323918 0.305
0.2486417964505614 0.8618957940991839 0.307
0.24913746141274742 0.8612680477087257 0.308
0.24931656642974304 0.8587570621468926 0.311
0.25 0.8587570621468926 0.314
0.2505069124423963 0.8531073446327684 0.318
0.25050878815911193 0.8499686126804771 0.321
0.2507889363281975 0.8480853735091023 0.323
0.2513569155904922 0.8430634023854363 0.326
0.2521118828608973 0.8430634023854363 0.333
0.25268109125117594 0.8430634023854363 0.335
0.2525958089484614 0.839924670433145 0.337
0.2528387585162756 0.8386691776522285 0.338
0.25434077466132415 0.8367859384808537 0.341
0.25387115274326133 0.8336472065285625 0.342
0.254601226993865 0.8336472065285625 0.347
0.2549019607843137 0.832391713747646 0.348
0.2550348567002324 0.8267419962335216 0.353
0.25678578402655733 0.8254865034526051 0.355
0.257843137254902 0.8254865034526051 0.357
0.25831202046035806 0.8242310106716887 0.359
0.25865822283791806 0.8204645323289391 0.365
0.2594949294094253 0.8192090395480226 0.369
0.2603314034737473 0.8185812931575643 0.37
0.26143922596250757 0.8141870684243565 0.371
0.2624012958088682 0.8135593220338984 0.379
0.26354378818737273 0.8123038292529818 0.382
0.2632440171814277 0.807909604519774 0.383
0.263103802672148 0.8035153797865662 0.384
0.2641353693768056 0.8035153797865662 0.388
0.2647058823529412 0.8022598870056498 0.396
0.2652381942999792 0.800376647834275 0.397
0.2657065330828637 0.7991211550533585 0.398
0.26669466610667786 0.7972379158819837 0.401
0.26893617021276595 0.7934714375392341 0.409
0.2691321077383497 0.7903327055869429 0.412
0.26942893945899526 0.7878217200251099 0.413
0.2702178132413198 0.7865662272441933 0.418
0.2712673611111111 0.7846829880728186 0.42
0.2718362012633413 0.783427495291902 0.426
0.27312775330396477 0.778405524168236 0.429
0.2737937140327579 0.7765222849968613 0.432
0.2740031187346848 0.7721280602636534 0.436
0.27439570277529096 0.7696170747018205 0.438
0.27473021582733814 0.7671060891399875 0.441
0.2751298847978315 0.7645951035781544 0.443
0.27563520871143377 0.7627118644067796 0.445
0.2774857142857143 0.7620841180163214 0.452
0.27849264705882354 0.7608286252354048 0.453
0.279289667896679 0.7602008788449467 0.456
0.2808778893299089 0.7551789077212806 0.457
0.28171992481203006 0.7526679221594476 0.459
0.28197262859839545 0.7501569365976145 0.465
0.2832342449464923 0.7476459510357816 0.469
0.2832577024122283 0.7445072190834903 0.472
0.28345323741007195 0.7419962335216572 0.473
0.283855421686747 0.7394852479598242 0.477
0.2844347615589446 0.7376020087884495 0.479
0.28588837436022424 0.736346516007533 0.482
0.28718703976435933 0.7344632768361582 0.485
0.2880098887515451 0.7313245448838669 0.488
0.28884462151394424 0.7281858129315757 0.489
0.2904034076672513 0.7275580665411174 0.491
0.2916876574307305 0.7269303201506592 0.5
0.2918248544672235 0.7237915881983679 0.504
0.29280081404222846 0.7225360954174513 0.506
0.2934254284983372 0.7200251098556183 0.507
0.2956947666924465 0.7200251098556183 0.508
0.296671866874675 0.7162586315128688 0.51
0.2975878342947037 0.7124921531701193 0.514
0.29836584080126516 0.7106089139987445 0.519
0.29973404255319147 0.7074701820464532 0.523
0.29994643813604716 0.7030759573132455 0.529
0.3029395753946652 0.6986817325800376 0.532
0.3055784556196757 0.6980539861895794 0.534
0.305840022142264 0.6936597614563716 0.542
0.30666294954000556 0.6905210295040803 0.544
0.30862117382757653 0.6898932831136221 0.548
0.30864895421141886 0.6854990583804144 0.553
0.310099573257468 0.6842435655994978 0.555
0.31172928018353885 0.682360326428123 0.559
0.3127346231591106 0.67984934086629 0.562
0.314302359452374 0.677338355304457 0.564
0.31572769953051644 0.6754551161330823 0.565
0.315541138307284 0.6716886377903327 0.571
0.316008316008316 0.6679221594475832 0.576
0.31706586826347305 0.664783427495292 0.577
0.31907200964145827 0.664783427495292 0.578
0.3206060606060606 0.6641556811048337 0.583
0.321930360415394 0.6616446955430006 0.584
0.3225806451612903 0.6591337099811676 0.588
0.32372093023255816 0.655367231638418 0.592
0.3269048371798925 0.6490897677338355 0.596
0.32749283211213764 0.645323289391086 0.598
0.3277742142398974 0.6415568110483365 0.602
0.3301002263174911 0.6409290646578782 0.611
0.32997071265863975 0.6365348399246704 0.613
0.3318062827225131 0.6365348399246704 0.614
0.3347739361702128 0.6321406151914627 0.618
0.3348977539389876 0.6271186440677966 0.621
0.33727610679283543 0.6264908976773383 0.626
0.3389423076923077 0.6195856873822976 0.63
0.3417590027700831 0.6195856873822976 0.633
0.3427475592747559 0.6170747018204645 0.636
0.342947590573338 0.6120527306967984 0.638
0.3444602272727273 0.6089139987445072 0.639
0.34735706580366776 0.6064030131826742 0.648
0.3515881708652793 0.6045197740112994 0.649
0.3544817410549613 0.6032642812303829 0.655
0.3553072625698324 0.5988700564971752 0.658
0.35663284479518975 0.5957313245448839 0.662
0.3599391866210566 0.5944758317639673 0.665
0.3608964451313756 0.5863151286880101 0.67
0.36402653140850566 0.5856873822975518 0.674
0.3648860958366064 0.5831763967357187 0.676
0.3651796288985393 0.5806654111738857 0.679
0.3672900915240748 0.5794099183929693 0.683
0.366693354683747 0.5750156936597615 0.685
0.3691437802907916 0.5737602008788449 0.686
0.3713355048859935 0.5725047080979284 0.687
0.37052284890901604 0.5649717514124294 0.689
0.37463496036712557 0.5637162586315129 0.694
0.378538234051542 0.5624607658505963 0.695
0.3786780383795309 0.5574387947269304 0.701
0.38109756097560976 0.549278091650973 0.707
0.38296003513394816 0.5473948524795983 0.711
0.3841707425522454 0.5423728813559322 0.712
0.38540734109221125 0.5404896421845574 0.716
0.3883363471971067 0.5392341494036409 0.718
0.39094650205761317 0.536723163841808 0.721
0.3918918918918919 0.5279347143753923 0.724
0.3952941176470588 0.527306967984934 0.732
0.3958234456573327 0.5235404896421846 0.733
0.3958434026099565 0.5141242937853108 0.736
0.4003915810083211 0.5134965473948525 0.739
0.40220110055027514 0.504708097928437 0.744
0.40505050505050505 0.5034526051475204 0.745
0.4043743641912513 0.4990583804143126 0.751
0.40276356192425794 0.49403640929064657 0.753
0.40113871635610765 0.48650345260514755 0.756
0.40316622691292875 0.4795982423101067 0.758
0.40447046301224054 0.4770872567482737 0.759
0.40667025282409897 0.4745762711864407 0.76
0.40498105035192206 0.46955430006277465 0.768
0.4028461959496442 0.4620213433772756 0.769
0.40222841225626743 0.45323289391086 0.77
0.4038570618264322 0.44695543000627747 0.774
0.4066437571592211 0.44569993722536094 0.779
0.4066820276497696 0.44318895166352795 0.781
0.404292343387471 0.43753923414940366 0.783
0.40059701492537314 0.421217827997489 0.786
0.4057352043929225 0.4174513496547395 0.79
0.4034546576187539 0.4105461393596987 0.794
0.40324594257178525 0.40552416823603266 0.795
0.4063091482649842 0.40426867545511613 0.798
0.4087403598971722 0.3992467043314501 0.802
0.41130604288499023 0.3973634651600753 0.804
0.41007194244604317 0.3935969868173258 0.807
0.41924629878869446 0.39108600125549275 0.808
0.41948579161028415 0.389202762084118 0.81
0.4186684969114619 0.38292529817953547 0.811
0.41602787456445994 0.3747645951035782 0.814
0.4149085794655415 0.37037037037037035 0.815
0.41797432239657634 0.36785938480853736 0.822
0.4227701232777375 0.3659761456371626 0.824
0.42310522442972776 0.36095417451349654 0.826
0.4211309523809524 0.35530445699937224 0.827
0.42018072289156627 0.3502824858757062 0.83
0.4242193450114242 0.34965473948524795 0.831
0.4232268121590023 0.3408662900188324 0.837
0.4198895027624309 0.3339610797237916 0.839
0.41821112006446415 0.3258003766478343 0.841
0.4236168455821635 0.3220338983050847 0.844
0.4217573221757322 0.3163841807909605 0.845
0.4234006734006734 0.3157564344005022 0.849
0.4217687074829932 0.3113622096672944 0.85
0.42301038062283736 0.3069679849340866 0.851
0.42581211589113255 0.3044569993722536 0.853
0.4298480786416443 0.3019460138104206 0.854
0.4253393665158371 0.2950408035153798 0.856
0.4255514705882353 0.290646578782172 0.858
0.42228464419475653 0.28311362209667296 0.864
0.42638623326959846 0.27997489014438165 0.865
0.4284313725490196 0.27432517263025735 0.868
0.43141153081510936 0.2724419334588826 0.869
0.42828282828282827 0.26616446955430006 0.871
0.4276923076923077 0.2617702448210923 0.873
0.42693110647181626 0.25674827369742625 0.874
0.43086816720257237 0.2523540489642185 0.878
0.43061674008810574 0.24544883866917766 0.881
0.4264870931537598 0.23854362837413684 0.882
0.4232987312572088 0.23038292529817953 0.884
0.42773207990599293 0.22849968612680477 0.886
0.42704626334519574 0.22598870056497175 0.892
0.4129353233830846 0.20841180163214063 0.893
0.4122137404580153 0.2033898305084746 0.896
0.41419354838709677 0.2015065913370998 0.897
0.4112271540469974 0.1977401129943503 0.9
0.4098798397863818 0.19271814187068426 0.904
0.4172366621067031 0.19146264908976773 0.905
0.42398884239888424 0.19083490269930947 0.907
0.4238975817923186 0.18706842435655996 0.908
0.42565597667638483 0.18330194601381042 0.91
0.4260355029585799 0.1807909604519774 0.911
0.4303030303030303 0.17827997489014438 0.913
0.4265842349304482 0.17325800376647835 0.916
0.4283464566929134 0.17074701820464533 0.917
0.426517571884984 0.16760828625235405 0.918
0.42787682333873583 0.1657250470809793 0.921
0.42786069651741293 0.16195856873822975 0.922
0.42905405405405406 0.15944758317639673 0.923
0.43079584775086505 0.15630885122410546 0.924
0.43033509700176364 0.15317011927181418 0.925
0.4343065693430657 0.14940364092906466 0.926
0.43866171003717475 0.14814814814814814 0.931
0.44271844660194176 0.1431261770244821 0.932
0.44223107569721115 0.1393596986817326 0.934
0.4474789915966387 0.1337099811676083 0.937
0.45689655172413796 0.13308223477715003 0.938
0.4533333333333333 0.128060263653484 0.941
0.45601851851851855 0.12366603892027621 0.942
0.45754716981132076 0.12178279974890144 0.945
0.46618357487922707 0.12115505335844319 0.946
0.4682926829268293 0.12052730696798493 0.948
0.44565217391304346 0.1029504080351538 0.949
0.44751381215469616 0.1016949152542373 0.951
0.45609065155807366 0.10106716886377903 0.953
0.45584045584045585 0.10043942247332077 0.954
0.46788990825688076 0.096045197740113 0.957
0.478125 0.096045197740113 0.959
0.4697986577181208 0.08788449466415568 0.96
0.47586206896551725 0.08662900188323917 0.961
0.4756944444444444 0.08600125549278091 0.963
0.490272373540856 0.07909604519774012 0.964
0.4901185770750988 0.0778405524168236 0.966
0.5129310344827587 0.07470182046453233 0.967
0.5152838427947598 0.07407407407407407 0.969
0.5327102803738317 0.07156308851224105 0.97
0.5458937198067633 0.0709353421217828 0.972
0.5572139303482587 0.07030759573132454 0.974
0.5670731707317073 0.0583804143126177 0.975
0.6210526315789474 0.037037037037037035 0.976
0.6129032258064516 0.011927181418706842 0.977
0.6071428571428571 0.010671688637790333 0.979
0.64 0.010043942247332079 0.981
0.7142857142857143 0.009416195856873822 0.984
0.7894736842105263 0.009416195856873822 0.986
0.8 0.007532956685499058 0.989
