0 0.839
0 0.667
0 0.766
0 0.667
0 0.79
0 0.766
0 0.719
0 0.839
0 0.744
0 0.595
0 0.642
0 0.57
0 0.549
0 0.57
0 0.526
0 0.697
0 0.667
0 0.501
0 0.621
0 0.501
0 0.405
0 0.405
0 0.249
1 0.468
0 0.405
0 0.29
0 0.501
0 0.447
0 0.405
0 0.447
0 0.29
0 0.384
0 0.215
0 0.362
0 0.188
0 0.188
0 0.268
0 0.188
0 0.405
0 0.249
0 0.317
0 0.362
0 0.268
0 0.29
0 0.171
0 0.134
0 0.188
0 0.249
0 0.317
0 0.146
0 0.188
0 0.061
0 0.112
0 0.215
0 0.1
0 0.033
0 0.125
0 0.164
0 0.033
0 0.1
0 0.215
0 0.146
0 0.089
0 0.171
0 0.249
0 0.171
0 0.134
0 0.317
0 0.345
0 0.188
0 0.405
0 0.998
0 0.992
0 0.992
0 0.992
0 0.988
0 0.983
0 0.985
0 0.981
0 0.978
0 0.972
0 0.972
0 0.972
0 0.964
0 0.968
1 0.961
1 0.95
0 0.944
1 0.95
1 0.936
1 0.919
1 0.926
1 0.926
1 0.884
0 0.875
0 0.884
0 0.869
0 0.824
0 0.824
0 0.839
0 0.766
0 0.744
0 0.766
0 0.719
1 0.642
0 0.667
0 0.642
1 0.595
0 0.549
0 0.57
1 0.549
0 0.447
0 0.489
1 0.501
0 0.362
0 0.362
0 0.426
1 0.468
0 0.384
0 0.268
0 0.29
0 0.29
0 0.215
0 0.171
0 0.231
0 0.188
0 0.125
0 0.134
0 0.146
0 0.089
0 0.074
0 0.112
0 0.089
0 0.033
0 0.061
0 0.089
0 0.029
0 0.019
0 0.1
0 0.058
0 0.01
0 0.05
1 0.134
0 0.089
0 0.019
0 0.1
0 0.074
0 0.015
0 0.003
0 0.044
0 0.033
0 0
0 0.008
0 0.05
0 0.019
0 0.003
0 0.01
0 0.061
0 0.061
0 0.05
0 0.019
0 0.015
0 0.019
0 0.074
0 0.044
0 0.074
0 0.033
0 0.074
0 0.171
0 0.231
0 0.29
0 0.447
0 0.345
0 0.317
1 0.489
0 0.57
0 0.468
1 0.526
1 0.719
1 0.744
0 0.595
1 0.744
1 0.744
1 0.816
1 0.869
1 0.824
0 0.667
1 0.719
1 0.79
0 0.526
0 0.447
1 0.526
0 0.549
0 0.384
0 0.249
0 0.146
0 0.171
0 0.215
0 0.112
0 0.061
0 0.134
0 0.112
0 0.089
0 0.089
0 0.146
0 0.146
0 0.317
0 0.362
0 0.231
0 0.405
0 0.268
0 0.405
0 0.345
0 0.188
0 0.29
0 0.171
0 0.249
0 0.231
0 0.215
0 0.29
0 0.29
1 0.468
0 0.405
1 0.621
0 0.595
1 0.667
1 0.744
0 0.642
0 0.642
0 0.489
0 0.501
0 0.345
0 0.384
0 0.405
0 0.405
0 0.526
0 0.549
0 0.642
0 0.766
0 0.595
0 0.501
0 0.426
0 0.426
0 0.268
0 0.29
0 0.268
0 0.268
0 0.29
0 0.384
0 0.468
0 0.621
0 0.57
0 0.744
0 0.719
0 0.595
0 0.489
0 0.384
0 0.249
0 0.215
0 0.146
0 0.1
0 0.1
0 0.058
0 0.125
0 0.164
0 0.134
0 0.268
0 0.362
0 0.501
0 0.595
0 0.501
0 0.362
0 0.29
0 0.249
0 0.171
0 0.29
0 0.188
0 0.146
0 0.268
0 0.268
0 0.426
0 0.426
0 0.549
0 0.667
0 0.642
0 0.501
0 0.621
0 0.595
0 0.501
0 0.57
0 0.719
0 0.697
0 0.526
0 0.595
0 0.642
0 0.642
0 0.667
0 0.468
0 0.447
0 0.426
0 0.317
0 0.405
0 0.384
0 0.501
0 0.595
0 0.697
0 0.719
0 0.79
0 0.621
0 0.697
0 0.57
0 0.549
0 0.468
0 0.468
0 0.501
0 0.501
0 0.667
0 0.621
0 0.642
0 0.595
0 0.766
0 0.697
0 0.855
0 0.804
0 0.894
0 0.908
0 0.839
0 0.919
0 0.855
0 0.908
0 0.908
0 0.908
0 0.936
0 0.916
0 0.95
0 0.908
0 0.958
0 0.961
0 0.95
0 0.936
0 0.944
0 0.884
0 0.941
0 0.894
0 0.839
0 0.79
0 0.855
0 0.79
0 0.816
0 0.839
0 0.79
0 0.894
0 0.916
0 0.855
0 0.816
0 0.816
0 0.79
0 0.824
0 0.766
0 0.855
0 0.855
0 0.697
0 0.719
0 0.57
0 0.621
0 0.642
0 0.697
0 0.489
0 0.667
0 0.667
0 0.621
0 0.642
0 0.595
0 0.468
0 0.549
0 0.345
0 0.468
0 0.362
0 0.317
0 0.362
0 0.188
0 0.317
0 0.231
0 0.345
0 0.268
0 0.362
0 0.362
0 0.345
0 0.447
0 0.468
0 0.549
0 0.595
0 0.719
0 0.697
0 0.57
0 0.667
0 0.766
0 0.719
0 0.697
0 0.804
0 0.816
0 0.766
0 0.804
0 0.869
0 0.855
0 0.824
0 0.875
0 0.894
0 0.884
0 0.894
0 0.926
0 0.926
0 0.855
0 0.719
0 0.804
0 0.697
0 0.816
0 0.79
0 0.766
0 0.855
0 0.79
0 0.642
0 0.667
0 0.595
0 0.57
0 0.595
0 0.57
0 0.719
0 0.697
0 0.526
0 0.642
0 0.526
0 0.426
0 0.426
0 0.231
1 0.468
0 0.384
0 0.29
0 0.489
0 0.447
0 0.384
0 0.426
0 0.268
0 0.384
0 0.215
0 0.362
0 0.188
0 0.188
0 0.215
0 0.171
0 0.362
0 0.249
0 0.317
0 0.362
0 0.268
0 0.317
0 0.188
0 0.146
0 0.215
0 0.249
0 0.29
0 0.146
0 0.215
0 0.061
0 0.112
0 0.215
0 0.112
0 0.044
0 0.134
0 0.171
0 0.05
0 0.112
0 0.231
0 0.171
0 0.112
0 0.188
0 0.29
0 0.188
0 0.134
0 0.345
0 0.362
0 0.188
0 0.268
0 0.999
0 0.996
0 0.99
0 0.992
0 0.989
0 0.983
0 0.985
0 0.982
0 0.978
0 0.972
0 0.978
0 0.972
0 0.968
0 0.969
1 0.964
1 0.958
0 0.944
1 0.958
1 0.941
1 0.926
1 0.926
1 0.926
1 0.894
0 0.875
0 0.884
0 0.875
0 0.824
0 0.824
0 0.839
0 0.766
0 0.744
0 0.766
0 0.719
1 0.642
0 0.667
0 0.642
1 0.595
0 0.549
0 0.57
1 0.549
0 0.447
0 0.489
1 0.489
0 0.384
0 0.345
0 0.405
1 0.447
0 0.384
0 0.249
0 0.268
0 0.268
0 0.188
0 0.171
0 0.215
0 0.188
0 0.125
0 0.134
0 0.146
0 0.089
0 0.061
0 0.112
0 0.1
0 0.033
0 0.061
0 0.089
0 0.029
0 0.019
0 0.1
0 0.058
0 0.01
0 0.044
1 0.125
0 0.074
0 0.019
0 0.1
0 0.074
0 0.015
0 0.002
0 0.033
0 0.033
0 0.001
0 0.006
0 0.05
0 0.019
0 0.003
0 0.01
0 0.061
0 0.061
0 0.05
0 0.019
0 0.015
0 0.019
0 0.061
0 0.044
0 0.074
0 0.033
0 0.074
0 0.171
0 0.231
0 0.268
0 0.426
0 0.345
0 0.345
1 0.501
0 0.57
0 0.489
1 0.526
1 0.719
1 0.744
0 0.595
1 0.744
1 0.744
1 0.824
1 0.869
1 0.824
0 0.667
1 0.719
1 0.79
0 0.526
0 0.447
1 0.526
0 0.549
0 0.384
0 0.249
0 0.146
0 0.171
0 0.215
0 0.112
0 0.061
0 0.146
0 0.112
0 0.089
0 0.074
0 0.146
0 0.146
0 0.317
0 0.362
0 0.231
0 0.426
0 0.29
0 0.405
0 0.345
0 0.188
0 0.268
0 0.171
0 0.231
0 0.215
0 0.231
0 0.29
0 0.29
1 0.468
0 0.426
1 0.621
0 0.595
1 0.667
1 0.766
0 0.642
0 0.667
0 0.501
0 0.526
0 0.384
0 0.426
0 0.426
0 0.426
0 0.526
0 0.57
0 0.667
0 0.744
0 0.595
0 0.526
0 0.447
0 0.447
0 0.29
0 0.345
0 0.249
0 0.29
0 0.317
0 0.405
0 0.489
0 0.621
0 0.595
0 0.744
0 0.744
0 0.621
0 0.501
0 0.405
0 0.268
0 0.231
0 0.164
0 0.1
0 0.1
0 0.061
0 0.134
0 0.171
0 0.146
0 0.29
0 0.362
0 0.526
0 0.621
0 0.501
0 0.384
0 0.29
0 0.249
0 0.188
0 0.317
0 0.188
0 0.146
0 0.249
0 0.29
0 0.426
0 0.447
0 0.57
0 0.697
0 0.719
0 0.526
0 0.667
0 0.719
0 0.549
0 0.642
0 0.79
0 0.744
0 0.57
0 0.621
0 0.719
0 0.719
0 0.744
0 0.501
0 0.501
0 0.447
0 0.317
0 0.426
0 0.384
0 0.501
0 0.57
0 0.667
0 0.697
0 0.766
0 0.595
0 0.667
0 0.57
0 0.549
0 0.468
0 0.468
0 0.526
0 0.549
0 0.719
0 0.642
0 0.667
0 0.621
0 0.766
0 0.697
0 0.839
0 0.79
0 0.875
0 0.894
0 0.824
0 0.919
0 0.855
0 0.894
0 0.908
0 0.908
0 0.936
0 0.919
0 0.944
0 0.894
0 0.95
0 0.961
0 0.95
0 0.936
0 0.95
0 0.884
0 0.941
0 0.908
0 0.839
0 0.804
0 0.855
0 0.804
0 0.816
0 0.839
0 0.79
0 0.884
0 0.916
0 0.855
0 0.804
0 0.816
0 0.766
0 0.824
0 0.744
0 0.839
0 0.839
0 0.667
0 0.719
0 0.57
0 0.595
0 0.642
0 0.697
0 0.468
0 0.642
0 0.642
0 0.621
0 0.642
0 0.57
0 0.447
0 0.549
0 0.345
0 0.468
0 0.384
0 0.317
0 0.362
0 0.188
0 0.317
0 0.215
0 0.317
0 0.249
0 0.317
0 0.362
0 0.317
0 0.426
0 0.468
0 0.526
0 0.57
0 0.697
0 0.697
0 0.57
0 0.667
0 0.766
0 0.719
0 0.697
0 0.804
0 0.816
0 0.766
0 0.804
0 0.869
0 0.855
0 0.824
0 0.875
0 0.894
0 0.884
0 0.894
0 0.926
0 0.919
0 0.855
0 0.719
0 0.79
0 0.667
0 0.804
0 0.744
0 0.719
0 0.839
0 0.744
0 0.595
0 0.621
0 0.57
0 0.549
0 0.57
0 0.549
0 0.697
0 0.697
0 0.526
0 0.621
0 0.526
0 0.426
0 0.426
0 0.249
1 0.468
0 0.405
0 0.317
0 0.526
0 0.447
0 0.405
0 0.426
0 0.29
0 0.405
0 0.231
0 0.384
0 0.188
0 0.188
0 0.29
0 0.188
0 0.405
0 0.268
0 0.345
0 0.384
0 0.29
0 0.317
0 0.188
0 0.146
0 0.231
0 0.268
0 0.317
0 0.146
0 0.215
0 0.074
0 0.125
0 0.231
0 0.125
0 0.044
0 0.146
0 0.188
0 0.05
0 0.112
0 0.231
0 0.171
0 0.112
0 0.188
0 0.29
0 0.188
0 0.134
0 0.345
0 0.362
0 0.171
0 0.268
0 0.998
0 0.992
0 0.99
0 0.996
0 0.988
0 0.983
0 0.985
0 0.981
0 0.972
0 0.972
0 0.972
0 0.971
0 0.964
0 0.969
1 0.964
1 0.95
0 0.944
1 0.958
1 0.941
1 0.919
1 0.926
1 0.926
1 0.884
0 0.884
0 0.884
0 0.869
0 0.824
0 0.824
0 0.839
0 0.766
0 0.744
0 0.766
0 0.744
1 0.642
0 0.667
0 0.667
1 0.595
0 0.549
0 0.57
1 0.549
0 0.447
0 0.489
1 0.501
0 0.384
0 0.362
0 0.426
1 0.468
0 0.384
0 0.249
0 0.29
0 0.29
0 0.215
0 0.171
0 0.231
0 0.215
0 0.125
0 0.134
0 0.164
0 0.089
0 0.074
0 0.112
0 0.1
0 0.033
0 0.061
0 0.089
0 0.033
0 0.019
0 0.1
0 0.061
0 0.01
0 0.044
1 0.134
0 0.074
0 0.019
0 0.112
0 0.074
0 0.015
0 0.003
0 0.044
0 0.033
0 0.002
0 0.008
0 0.05
0 0.029
0 0.006
0 0.01
0 0.061
0 0.074
0 0.058
0 0.029
0 0.019
0 0.029
0 0.074
0 0.05
0 0.074
0 0.033
0 0.089
0 0.171
0 0.249
0 0.317
0 0.447
0 0.362
0 0.345
1 0.501
0 0.57
0 0.489
1 0.526
1 0.719
1 0.744
0 0.595
1 0.766
1 0.744
1 0.824
1 0.869
1 0.824
0 0.697
1 0.744
1 0.79
0 0.526
0 0.468
1 0.526
0 0.549
0 0.384
0 0.249
0 0.146
0 0.188
0 0.215
0 0.125
0 0.074
0 0.164
0 0.125
0 0.1
0 0.089
0 0.164
0 0.146
0 0.345
0 0.384
0 0.249
0 0.447
0 0.317
0 0.405
0 0.362
0 0.188
0 0.29
0 0.171
0 0.249
0 0.231
0 0.231
0 0.317
0 0.317
1 0.489
0 0.447
1 0.621
0 0.595
1 0.667
1 0.766
0 0.642
0 0.667
0 0.501
0 0.501
0 0.345
0 0.384
0 0.405
0 0.405
0 0.501
0 0.549
0 0.621
0 0.719
0 0.57
0 0.526
0 0.426
0 0.405
0 0.268
0 0.317
0 0.231
0 0.268
0 0.29
0 0.384
0 0.447
0 0.621
0 0.595
0 0.766
0 0.744
0 0.621
0 0.501
0 0.405
0 0.268
0 0.231
0 0.164
0 0.1
0 0.112
0 0.05
0 0.125
0 0.164
0 0.134
0 0.268
0 0.362
0 0.526
0 0.621
0 0.501
0 0.362
0 0.317
0 0.268
0 0.188
0 0.317
0 0.188
0 0.146
0 0.268
0 0.29
0 0.447
0 0.447
0 0.57
0 0.697
0 0.697
0 0.501
0 0.621
0 0.667
0 0.501
0 0.595
0 0.744
0 0.719
0 0.549
0 0.595
0 0.697
0 0.667
0 0.719
0 0.489
0 0.468
0 0.426
0 0.345
0 0.405
0 0.384
0 0.468
0 0.549
0 0.642
0 0.667
0 0.744
0 0.595
0 0.667
0 0.549
0 0.526
0 0.447
0 0.468
0 0.501
0 0.501
0 0.697
0 0.621
0 0.642
0 0.595
0 0.744
0 0.667
0 0.839
0 0.79
0 0.875
0 0.894
0 0.824
0 0.919
0 0.855
0 0.908
0 0.894
0 0.894
0 0.926
0 0.894
0 0.944
0 0.894
0 0.95
0 0.961
0 0.95
0 0.919
0 0.944
0 0.875
0 0.936
0 0.908
0 0.824
0 0.766
0 0.839
0 0.766
0 0.804
0 0.839
0 0.766
0 0.875
0 0.916
0 0.855
0 0.804
0 0.804
0 0.79
0 0.839
0 0.766
0 0.839
0 0.839
0 0.697
0 0.719
0 0.57
0 0.595
0 0.642
0 0.667
0 0.468
0 0.642
0 0.642
0 0.621
0 0.642
0 0.57
0 0.447
0 0.526
0 0.317
0 0.468
0 0.362
0 0.317
0 0.362
0 0.188
0 0.317
0 0.231
0 0.317
0 0.249
0 0.345
0 0.345
0 0.317
0 0.426
0 0.468
0 0.526
0 0.57
0 0.697
0 0.697
0 0.57
0 0.667
0 0.766
0 0.719
0 0.667
0 0.79
0 0.816
0 0.766
0 0.804
0 0.869
0 0.855
0 0.824
0 0.875
0 0.894
0 0.875
0 0.884
0 0.926
0 0.919
0 0.782
0 0.544
0 0.67
0 0.515
0 0.693
0 0.646
0 0.646
0 0.801
0 0.728
0 0.544
0 0.44
0 0.44
0 0.415
0 0.459
0 0.385
0 0.595
0 0.544
0 0.328
0 0.44
0 0.328
0 0.184
0 0.199
0 0.085
1 0.235
0 0.184
0 0.112
0 0.354
0 0.255
0 0.255
0 0.328
0 0.219
0 0.385
0 0.304
0 0.571
1 0.486
1 0.646
1 0.756
1 0.693
1 0.89
1 0.828
0 0.934
1 0.989
1 0.951
0 0.993
0 0.959
0 0.968
0 0.934
0 0.801
0 0.828
0 0.801
0 0.756
0 0.571
0 0.624
0 0.693
0 0.459
0 0.354
1 0.544
1 0.459
0 0.235
1 0.385
1 0.486
0 0.304
0 0.199
1 0.354
0 0.354
0 0.156
0 0.199
1 0.415
0 0.219
0 0.124
0 0.328
0 0.278
0 0.486
0 0.571
0 0.459
0 0.459
0 0.728
1 0.934
1 0.867
0 0.728
0 0.693
1 0.89
0 0.89
0 0.646
1 0.782
1 0.92
0 0.848
0 0.693
1 0.89
1 0.934
1 0.782
1 0.595
0 0.646
0 0.693
0 0.782
0 0.756
0 0.89
0 0.728
0 0.867
0 0.756
0 0.89
0 0.728
0 0.756
0 0.544
0 0.486
0 0.515
0 0.415
0 0.486
0 0.255
0 0.304
1 0.571
0 0.459
1 0.728
1 0.782
1 0.67
1 0.67
1 0.848
1 0.92
1 0.848
1 0.756
1 0.867
1 0.959
1 0.934
1 0.867
1 0.968
1 0.989
1 0.998
0 0.995
0 0.959
0 0.968
0 0.867
0 0.959
0 0.89
0 0.693
0 0.756
0 0.693
0 0.544
0 0.486
0 0.595
0 0.459
0 0.328
0 0.354
0 0.415
0 0.255
0 0.156
0 0.143
0 0.175
0 0.124
0 0.065
0 0.085
0 0.091
0 0.027
0 0.019
0 0.053
0 0.041
0 0.011
0 0.002
0 0.036
0 0.053
0 0.019
0 0.011
0 0
0 0.002
0 0.031
0 0.031
0 0.077
0 0.07
0 0.07
0 0.112
0 0.156
0 0.199
0 0.328
0 0.235
0 0.184
0 0.328
0 0.459
0 0.328
0 0.354
0 0.595
1 0.624
0 0.415
0 0.624
1 0.571
0 0.67
0 0.756
0 0.67
0 0.459
1 0.544
0 0.595
0 0.278
0 0.219
0 0.328
0 0.354
0 0.175
0 0.112
0 0.077
0 0.065
0 0.085
0 0.053
0 0.011
0 0.041
0 0.041
0 0.027
0 0.053
0 0.085
0 0.124
0 0.235
0 0.385
1 0.385
1 0.624
1 0.801
1 0.693
0 0.515
0 0.255
0 0.255
0 0.124
0 0.156
0 0.112
0 0.1
0 0.143
0 0.124
0 0.278
0 0.184
1 0.44
0 0.385
0 0.459
1 0.571
0 0.515
0 0.571
0 0.328
0 0.385
0 0.175
0 0.235
0 0.199
0 0.199
0 0.278
0 0.278
0 0.515
0 0.595
0 0.44
0 0.44
0 0.235
0 0.304
0 0.156
0 0.219
0 0.1
0 0.124
0 0.143
0 0.255
0 0.278
0 0.544
0 0.459
0 0.67
0 0.728
0 0.544
0 0.415
0 0.235
0 0.156
0 0.1
0 0.07
0 0.015
0 0.036
0 0.002
0 0.019
0 0.053
0 0.031
0 0.112
0 0.143
0 0.304
0 0.385
0 0.278
0 0.156
0 0.108
0 0.1
0 0.065
0 0.124
0 0.091
0 0.041
0 0.124
0 0.184
0 0.354
0 0.385
0 0.595
0 0.693
0 0.782
0 0.486
0 0.595
0 0.756
0 0.544
0 0.571
0 0.801
0 0.828
0 0.595
0 0.782
0 0.828
0 0.848
0 0.867
0 0.515
0 0.515
0 0.415
0 0.219
0 0.304
0 0.199
0 0.354
0 0.328
0 0.486
0 0.278
0 0.459
0 0.278
0 0.354
0 0.235
0 0.235
0 0.184
0 0.199
0 0.278
0 0.328
0 0.544
0 0.415
0 0.415
0 0.354
0 0.459
0 0.415
0 0.624
0 0.515
0 0.728
0 0.828
0 0.595
0 0.693
0 0.624
0 0.67
0 0.693
0 0.693
0 0.848
0 0.756
0 0.934
0 0.984
0 0.89
0 0.92
0 0.89
0 0.828
0 0.89
0 0.693
0 0.848
0 0.801
0 0.67
0 0.595
0 0.728
0 0.624
0 0.624
0 0.693
0 0.595
0 0.89
0 0.801
0 0.646
0 0.571
0 0.486
0 0.415
0 0.486
0 0.354
0 0.44
0 0.354
0 0.219
0 0.278
0 0.199
0 0.235
0 0.354
0 0.255
0 0.515
0 0.44
0 0.693
0 0.756
0 0.89
0 0.801
1 0.89
0 0.867
0 0.867
1 0.968
0 0.92
0 0.951
0 0.801
0 0.693
0 0.693
0 0.89
0 0.89
0 0.728
0 0.92
0 0.828
0 0.934
0 0.828
0 0.624
0 0.544
0 0.459
0 0.354
0 0.354
0 0.112
0 0.184
0 0.304
0 0.459
0 0.595
0 0.646
0 0.515
0 0.595
0 0.782
0 0.756
0 0.646
0 0.828
0 0.934
0 0.867
0 0.92
0 0.978
0 0.989
0 0.968
0 0.801
0 0.571
0 0.646
0 0.515
0 0.693
0 0.624
0 0.646
0 0.801
0 0.728
0 0.515
0 0.44
0 0.44
0 0.385
0 0.44
0 0.385
0 0.571
0 0.515
0 0.304
0 0.415
0 0.328
0 0.184
0 0.199
0 0.112
1 0.255
0 0.184
0 0.112
0 0.328
0 0.278
0 0.255
0 0.328
0 0.219
0 0.385
0 0.304
0 0.571
1 0.486
1 0.646
1 0.756
1 0.693
1 0.89
1 0.782
0 0.782
1 0.934
1 0.959
0 0.991
0 0.959
0 0.959
0 0.92
0 0.782
0 0.801
0 0.801
0 0.693
0 0.571
0 0.624
0 0.646
0 0.486
0 0.354
1 0.544
1 0.486
0 0.255
1 0.415
1 0.486
0 0.304
0 0.199
1 0.354
0 0.328
0 0.143
0 0.199
1 0.385
0 0.219
0 0.112
0 0.328
0 0.278
0 0.515
0 0.624
0 0.486
0 0.515
0 0.756
1 0.951
1 0.89
0 0.801
0 0.67
1 0.867
0 0.89
0 0.67
1 0.801
1 0.92
0 0.848
0 0.693
1 0.89
1 0.934
1 0.801
1 0.624
0 0.646
0 0.728
0 0.801
0 0.756
0 0.89
0 0.756
0 0.867
0 0.728
0 0.828
0 0.67
0 0.728
0 0.544
0 0.515
0 0.544
0 0.415
0 0.515
0 0.278
0 0.328
1 0.571
0 0.459
1 0.728
1 0.782
1 0.646
1 0.67
1 0.848
1 0.934
1 0.867
1 0.756
1 0.848
1 0.968
1 0.959
1 0.89
1 0.978
1 0.991
1 0.998
0 0.995
0 0.959
0 0.978
0 0.89
0 0.951
0 0.89
0 0.728
0 0.756
0 0.693
0 0.595
0 0.486
0 0.571
0 0.459
0 0.328
0 0.278
0 0.415
0 0.255
0 0.156
0 0.143
0 0.175
0 0.124
0 0.065
0 0.085
0 0.091
0 0.031
0 0.019
0 0.053
0 0.041
0 0.011
0 0.008
0 0.041
0 0.053
0 0.025
0 0.015
0 0
0 0.002
0 0.031
0 0.036
0 0.077
0 0.077
0 0.07
0 0.112
0 0.156
0 0.156
0 0.304
0 0.235
0 0.175
0 0.304
0 0.459
0 0.354
0 0.354
0 0.595
1 0.646
0 0.44
0 0.624
1 0.571
0 0.67
0 0.756
0 0.646
0 0.385
1 0.544
0 0.595
0 0.278
0 0.219
0 0.304
0 0.328
0 0.156
0 0.108
0 0.07
0 0.065
0 0.085
0 0.041
0 0.011
0 0.041
0 0.041
0 0.027
0 0.065
0 0.091
0 0.143
0 0.255
0 0.385
1 0.415
1 0.624
1 0.848
1 0.693
0 0.515
0 0.278
0 0.278
0 0.143
0 0.156
0 0.124
0 0.1
0 0.143
0 0.124
0 0.255
0 0.184
1 0.44
0 0.385
0 0.459
1 0.571
0 0.515
0 0.544
0 0.328
0 0.385
0 0.156
0 0.219
0 0.199
0 0.199
0 0.255
0 0.278
0 0.515
0 0.544
0 0.415
0 0.415
0 0.235
0 0.304
0 0.156
0 0.219
0 0.091
0 0.124
0 0.124
0 0.255
0 0.328
0 0.544
0 0.459
0 0.67
0 0.728
0 0.571
0 0.415
0 0.235
0 0.156
0 0.1
0 0.077
0 0.015
0 0.031
0 0.002
0 0.019
0 0.041
0 0.053
0 0.1
0 0.156
0 0.278
0 0.385
0 0.255
0 0.143
0 0.108
0 0.091
0 0.07
0 0.143
0 0.091
0 0.041
0 0.124
0 0.184
0 0.354
0 0.385
0 0.595
0 0.693
0 0.782
0 0.486
0 0.595
0 0.756
0 0.544
0 0.544
0 0.801
0 0.801
0 0.595
0 0.782
0 0.801
0 0.848
0 0.848
0 0.486
0 0.515
0 0.415
0 0.219
0 0.304
0 0.184
0 0.328
0 0.328
0 0.515
0 0.278
0 0.459
0 0.278
0 0.354
0 0.255
0 0.235
0 0.184
0 0.184
0 0.255
0 0.278
0 0.515
0 0.385
0 0.415
0 0.354
0 0.486
0 0.44
0 0.646
0 0.544
0 0.756
0 0.848
0 0.624
0 0.728
0 0.624
0 0.67
0 0.693
0 0.67
0 0.801
0 0.67
0 0.89
0 0.968
0 0.867
0 0.89
0 0.92
0 0.848
0 0.89
0 0.728
0 0.867
0 0.828
0 0.67
0 0.595
0 0.693
0 0.595
0 0.624
0 0.67
0 0.571
0 0.867
0 0.782
0 0.595
0 0.515
0 0.459
0 0.415
0 0.486
0 0.385
0 0.459
0 0.354
0 0.219
0 0.278
0 0.199
0 0.219
0 0.328
0 0.219
0 0.44
0 0.385
0 0.646
0 0.728
0 0.867
0 0.756
1 0.848
0 0.848
0 0.848
1 0.968
0 0.92
0 0.951
0 0.801
0 0.693
0 0.67
0 0.867
0 0.89
0 0.728
0 0.92
0 0.828
0 0.92
0 0.828
0 0.624
0 0.544
0 0.459
0 0.385
0 0.354
0 0.112
0 0.175
0 0.304
0 0.459
0 0.595
0 0.646
0 0.486
0 0.595
0 0.782
0 0.756
0 0.646
0 0.828
0 0.934
0 0.867
0 0.89
0 0.978
0 0.986
0 0.959
0 0.801
0 0.571
0 0.646
0 0.515
0 0.693
0 0.624
0 0.646
0 0.801
0 0.728
0 0.544
0 0.44
0 0.44
0 0.385
0 0.44
0 0.385
0 0.571
0 0.515
0 0.304
0 0.415
0 0.328
0 0.184
0 0.199
0 0.1
1 0.255
0 0.199
0 0.124
0 0.354
0 0.304
0 0.255
0 0.328
0 0.219
0 0.385
0 0.304
0 0.571
1 0.459
1 0.646
1 0.756
1 0.756
1 0.828
1 0.968
0 0.89
1 0.993
1 0.951
0 0.984
0 0.978
0 0.978
0 0.92
0 0.801
0 0.828
0 0.801
0 0.693
0 0.595
0 0.624
0 0.624
0 0.459
0 0.354
1 0.515
1 0.459
0 0.235
1 0.385
1 0.486
0 0.278
0 0.184
1 0.328
0 0.304
0 0.143
0 0.184
1 0.385
0 0.219
0 0.112
0 0.304
0 0.219
0 0.354
0 0.544
0 0.486
0 0.486
0 0.756
1 0.951
1 0.89
0 0.756
0 0.693
1 0.89
0 0.89
0 0.67
1 0.801
1 0.934
0 0.848
0 0.693
1 0.92
1 0.951
1 0.801
1 0.624
0 0.67
0 0.728
0 0.801
0 0.756
0 0.867
0 0.728
0 0.867
0 0.728
0 0.848
0 0.693
0 0.756
0 0.571
0 0.515
0 0.544
0 0.415
0 0.515
0 0.278
0 0.328
1 0.571
0 0.459
1 0.728
1 0.782
1 0.646
1 0.67
1 0.848
1 0.92
1 0.828
1 0.756
1 0.92
1 0.968
1 0.934
1 0.934
1 0.986
1 0.993
1 0.999
0 0.997
0 0.968
0 0.968
0 0.867
0 0.934
0 0.92
0 0.693
0 0.728
0 0.693
0 0.544
0 0.486
0 0.571
0 0.44
0 0.304
0 0.278
0 0.385
0 0.235
0 0.156
0 0.143
0 0.175
0 0.112
0 0.053
0 0.085
0 0.091
0 0.027
0 0.015
0 0.053
0 0.041
0 0.01
0 0.008
0 0.041
0 0.053
0 0.025
0 0.015
0 0.002
0 0.002
0 0.036
0 0.036
0 0.077
0 0.077
0 0.077
0 0.124
0 0.175
0 0.199
0 0.328
0 0.255
0 0.199
0 0.354
0 0.486
0 0.354
0 0.385
0 0.595
1 0.67
0 0.459
0 0.646
1 0.595
0 0.693
0 0.782
0 0.67
0 0.486
1 0.571
0 0.595
0 0.304
0 0.235
0 0.328
0 0.354
0 0.175
0 0.112
0 0.077
0 0.07
0 0.091
0 0.053
0 0.011
0 0.053
0 0.053
0 0.027
0 0.065
0 0.091
0 0.124
0 0.255
0 0.385
1 0.385
1 0.595
1 0.801
1 0.693
0 0.515
0 0.255
0 0.255
0 0.143
0 0.156
0 0.124
0 0.124
0 0.156
0 0.143
0 0.278
0 0.199
1 0.44
0 0.415
0 0.459
1 0.571
0 0.515
0 0.544
0 0.328
0 0.385
0 0.156
0 0.235
0 0.199
0 0.199
0 0.278
0 0.304
0 0.544
0 0.544
0 0.44
0 0.44
0 0.235
0 0.304
0 0.156
0 0.199
0 0.091
0 0.124
0 0.124
0 0.235
0 0.255
0 0.515
0 0.459
0 0.693
0 0.728
0 0.544
0 0.415
0 0.235
0 0.143
0 0.1
0 0.07
0 0.019
0 0.036
0 0.002
0 0.019
0 0.041
0 0.031
0 0.108
0 0.124
0 0.255
0 0.354
0 0.278
0 0.156
0 0.108
0 0.108
0 0.077
0 0.156
0 0.091
0 0.041
0 0.124
0 0.175
0 0.354
0 0.385
0 0.595
0 0.693
0 0.782
0 0.486
0 0.624
0 0.782
0 0.515
0 0.544
0 0.801
0 0.801
0 0.595
0 0.782
0 0.828
0 0.848
0 0.867
0 0.486
0 0.515
0 0.415
0 0.219
0 0.304
0 0.199
0 0.354
0 0.354
0 0.544
0 0.304
0 0.486
0 0.278
0 0.354
0 0.255
0 0.235
0 0.184
0 0.184
0 0.278
0 0.304
0 0.515
0 0.415
0 0.415
0 0.354
0 0.486
0 0.44
0 0.646
0 0.544
0 0.728
0 0.828
0 0.595
0 0.728
0 0.624
0 0.67
0 0.728
0 0.693
0 0.828
0 0.756
0 0.951
0 0.986
0 0.867
0 0.89
0 0.934
0 0.867
0 0.89
0 0.728
0 0.867
0 0.801
0 0.67
0 0.624
0 0.728
0 0.595
0 0.646
0 0.693
0 0.595
0 0.89
0 0.828
0 0.646
0 0.571
0 0.486
0 0.415
0 0.486
0 0.385
0 0.459
0 0.385
0 0.219
0 0.278
0 0.199
0 0.235
0 0.354
0 0.235
0 0.486
0 0.415
0 0.67
0 0.728
0 0.867
0 0.782
1 0.867
0 0.848
0 0.867
1 0.968
0 0.92
0 0.951
0 0.828
0 0.693
0 0.693
0 0.89
0 0.89
0 0.756
0 0.934
0 0.828
0 0.934
0 0.848
0 0.646
0 0.571
0 0.486
0 0.385
0 0.354
0 0.124
0 0.175
0 0.304
0 0.459
0 0.595
0 0.67
0 0.515
0 0.624
0 0.782
0 0.756
0 0.646
0 0.828
0 0.934
0 0.828
0 0.867
0 0.978
0 0.984
0 0.959
