0.839
0.667
0.766
0.667
0.79
0.766
0.719
0.839
0.744
0.595
0.642
0.57
0.549
0.57
0.526
0.697
0.667
0.501
0.621
0.501
0.405
0.405
0.249
0.468
0.405
0.29
0.501
0.447
0.405
0.447
0.29
0.384
0.215
0.362
0.188
0.188
0.268
0.188
0.405
0.249
0.317
0.362
0.268
0.29
0.171
0.134
0.188
0.249
0.317
0.146
0.188
0.061
0.112
0.215
0.1
0.033
0.125
0.164
0.033
0.1
0.215
0.146
0.089
0.171
0.249
0.171
0.134
0.317
0.345
0.188
0.405
0.998
0.992
0.992
0.992
0.988
0.983
0.985
0.981
0.978
0.972
0.972
0.972
0.964
0.968
0.961
0.95
0.944
0.95
0.936
0.919
0.926
0.926
0.884
0.875
0.884
0.869
0.824
0.824
0.839
0.766
0.744
0.766
0.719
0.642
0.667
0.642
0.595
0.549
0.57
0.549
0.447
0.489
0.501
0.362
0.362
0.426
0.468
0.384
0.268
0.29
0.29
0.215
0.171
0.231
0.188
0.125
0.134
0.146
0.089
0.074
0.112
0.089
0.033
0.061
0.089
0.029
0.019
0.1
0.058
0.01
0.05
0.134
0.089
0.019
0.1
0.074
0.015
0.003
0.044
0.033
0
0.008
0.05
0.019
0.003
0.01
0.061
0.061
0.05
0.019
0.015
0.019
0.074
0.044
0.074
0.033
0.074
0.171
0.231
0.29
0.447
0.345
0.317
0.489
0.57
0.468
0.526
0.719
0.744
0.595
0.744
0.744
0.816
0.869
0.824
0.667
0.719
0.79
0.526
0.447
0.526
0.549
0.384
0.249
0.146
0.171
0.215
0.112
0.061
0.134
0.112
0.089
0.089
0.146
0.146
0.317
0.362
0.231
0.405
0.268
0.405
0.345
0.188
0.29
0.171
0.249
0.231
0.215
0.29
0.29
0.468
0.405
0.621
0.595
0.667
0.744
0.642
0.642
0.489
0.501
0.345
0.384
0.405
0.405
0.526
0.549
0.642
0.766
0.595
0.501
0.426
0.426
0.268
0.29
0.268
0.268
0.29
0.384
0.468
0.621
0.57
0.744
0.719
0.595
0.489
0.384
0.249
0.215
0.146
0.1
0.1
0.058
0.125
0.164
0.134
0.268
0.362
0.501
0.595
0.501
0.362
0.29
0.249
0.171
0.29
0.188
0.146
0.268
0.268
0.426
0.426
0.549
0.667
0.642
0.501
0.621
0.595
0.501
0.57
0.719
0.697
0.526
0.595
0.642
0.642
0.667
0.468
0.447
0.426
0.317
0.405
0.384
0.501
0.595
0.697
0.719
0.79
0.621
0.697
0.57
0.549
0.468
0.468
0.501
0.501
0.667
0.621
0.642
0.595
0.766
0.697
0.855
0.804
0.894
0.908
0.839
0.919
0.855
0.908
0.908
0.908
0.936
0.916
0.95
0.908
0.958
0.961
0.95
0.936
0.944
0.884
0.941
0.894
0.839
0.79
0.855
0.79
0.816
0.839
0.79
0.894
0.916
0.855
0.816
0.816
0.79
0.824
0.766
0.855
0.855
0.697
0.719
0.57
0.621
0.642
0.697
0.489
0.667
0.667
0.621
0.642
0.595
0.468
0.549
0.345
0.468
0.362
0.317
0.362
0.188
0.317
0.231
0.345
0.268
0.362
0.362
0.345
0.447
0.468
0.549
0.595
0.719
0.697
0.57
0.667
0.766
0.719
0.697
0.804
0.816
0.766
0.804
0.869
0.855
0.824
0.875
0.894
0.884
0.894
0.926
0.926
0.855
0.719
0.804
0.697
0.816
0.79
0.766
0.855
0.79
0.642
0.667
0.595
0.57
0.595
0.57
0.719
0.697
0.526
0.642
0.526
0.426
0.426
0.231
0.468
0.384
0.29
0.489
0.447
0.384
0.426
0.268
0.384
0.215
0.362
0.188
0.188
0.215
0.171
0.362
0.249
0.317
0.362
0.268
0.317
0.188
0.146
0.215
0.249
0.29
0.146
0.215
0.061
0.112
0.215
0.112
0.044
0.134
0.171
0.05
0.112
0.231
0.171
0.112
0.188
0.29
0.188
0.134
0.345
0.362
0.188
0.268
0.999
0.996
0.99
0.992
0.989
0.983
0.985
0.982
0.978
0.972
0.978
0.972
0.968
0.969
0.964
0.958
0.944
0.958
0.941
0.926
0.926
0.926
0.894
0.875
0.884
0.875
0.824
0.824
0.839
0.766
0.744
0.766
0.719
0.642
0.667
0.642
0.595
0.549
0.57
0.549
0.447
0.489
0.489
0.384
0.345
0.405
0.447
0.384
0.249
0.268
0.268
0.188
0.171
0.215
0.188
0.125
0.134
0.146
0.089
0.061
0.112
0.1
0.033
0.061
0.089
0.029
0.019
0.1
0.058
0.01
0.044
0.125
0.074
0.019
0.1
0.074
0.015
0.002
0.033
0.033
0.001
0.006
0.05
0.019
0.003
0.01
0.061
0.061
0.05
0.019
0.015
0.019
0.061
0.044
0.074
0.033
0.074
0.171
0.231
0.268
0.426
0.345
0.345
0.501
0.57
0.489
0.526
0.719
0.744
0.595
0.744
0.744
0.824
0.869
0.824
0.667
0.719
0.79
0.526
0.447
0.526
0.549
0.384
0.249
0.146
0.171
0.215
0.112
0.061
0.146
0.112
0.089
0.074
0.146
0.146
0.317
0.362
0.231
0.426
0.29
0.405
0.345
0.188
0.268
0.171
0.231
0.215
0.231
0.29
0.29
0.468
0.426
0.621
0.595
0.667
0.766
0.642
0.667
0.501
0.526
0.384
0.426
0.426
0.426
0.526
0.57
0.667
0.744
0.595
0.526
0.447
0.447
0.29
0.345
0.249
0.29
0.317
0.405
0.489
0.621
0.595
0.744
0.744
0.621
0.501
0.405
0.268
0.231
0.164
0.1
0.1
0.061
0.134
0.171
0.146
0.29
0.362
0.526
0.621
0.501
0.384
0.29
0.249
0.188
0.317
0.188
0.146
0.249
0.29
0.426
0.447
0.57
0.697
0.719
0.526
0.667
0.719
0.549
0.642
0.79
0.744
0.57
0.621
0.719
0.719
0.744
0.501
0.501
0.447
0.317
0.426
0.384
0.501
0.57
0.667
0.697
0.766
0.595
0.667
0.57
0.549
0.468
0.468
0.526
0.549
0.719
0.642
0.667
0.621
0.766
0.697
0.839
0.79
0.875
0.894
0.824
0.919
0.855
0.894
0.908
0.908
0.936
0.919
0.944
0.894
0.95
0.961
0.95
0.936
0.95
0.884
0.941
0.908
0.839
0.804
0.855
0.804
0.816
0.839
0.79
0.884
0.916
0.855
0.804
0.816
0.766
0.824
0.744
0.839
0.839
0.667
0.719
0.57
0.595
0.642
0.697
0.468
0.642
0.642
0.621
0.642
0.57
0.447
0.549
0.345
0.468
0.384
0.317
0.362
0.188
0.317
0.215
0.317
0.249
0.317
0.362
0.317
0.426
0.468
0.526
0.57
0.697
0.697
0.57
0.667
0.766
0.719
0.697
0.804
0.816
0.766
0.804
0.869
0.855
0.824
0.875
0.894
0.884
0.894
0.926
0.919
0.855
0.719
0.79
0.667
0.804
0.744
0.719
0.839
0.744
0.595
0.621
0.57
0.549
0.57
0.549
0.697
0.697
0.526
0.621
0.526
0.426
0.426
0.249
0.468
0.405
0.317
0.526
0.447
0.405
0.426
0.29
0.405
0.231
0.384
0.188
0.188
0.29
0.188
0.405
0.268
0.345
0.384
0.29
0.317
0.188
0.146
0.231
0.268
0.317
0.146
0.215
0.074
0.125
0.231
0.125
0.044
0.146
0.188
0.05
0.112
0.231
0.171
0.112
0.188
0.29
0.188
0.134
0.345
0.362
0.171
0.268
0.998
0.992
0.99
0.996
0.988
0.983
0.985
0.981
0.972
0.972
0.972
0.971
0.964
0.969
0.964
0.95
0.944
0.958
0.941
0.919
0.926
0.926
0.884
0.884
0.884
0.869
0.824
0.824
0.839
0.766
0.744
0.766
0.744
0.642
0.667
0.667
0.595
0.549
0.57
0.549
0.447
0.489
0.501
0.384
0.362
0.426
0.468
0.384
0.249
0.29
0.29
0.215
0.171
0.231
0.215
0.125
0.134
0.164
0.089
0.074
0.112
0.1
0.033
0.061
0.089
0.033
0.019
0.1
0.061
0.01
0.044
0.134
0.074
0.019
0.112
0.074
0.015
0.003
0.044
0.033
0.002
0.008
0.05
0.029
0.006
0.01
0.061
0.074
0.058
0.029
0.019
0.029
0.074
0.05
0.074
0.033
0.089
0.171
0.249
0.317
0.447
0.362
0.345
0.501
0.57
0.489
0.526
0.719
0.744
0.595
0.766
0.744
0.824
0.869
0.824
0.697
0.744
0.79
0.526
0.468
0.526
0.549
0.384
0.249
0.146
0.188
0.215
0.125
0.074
0.164
0.125
0.1
0.089
0.164
0.146
0.345
0.384
0.249
0.447
0.317
0.405
0.362
0.188
0.29
0.171
0.249
0.231
0.231
0.317
0.317
0.489
0.447
0.621
0.595
0.667
0.766
0.642
0.667
0.501
0.501
0.345
0.384
0.405
0.405
0.501
0.549
0.621
0.719
0.57
0.526
0.426
0.405
0.268
0.317
0.231
0.268
0.29
0.384
0.447
0.621
0.595
0.766
0.744
0.621
0.501
0.405
0.268
0.231
0.164
0.1
0.112
0.05
0.125
0.164
0.134
0.268
0.362
0.526
0.621
0.501
0.362
0.317
0.268
0.188
0.317
0.188
0.146
0.268
0.29
0.447
0.447
0.57
0.697
0.697
0.501
0.621
0.667
0.501
0.595
0.744
0.719
0.549
0.595
0.697
0.667
0.719
0.489
0.468
0.426
0.345
0.405
0.384
0.468
0.549
0.642
0.667
0.744
0.595
0.667
0.549
0.526
0.447
0.468
0.501
0.501
0.697
0.621
0.642
0.595
0.744
0.667
0.839
0.79
0.875
0.894
0.824
0.919
0.855
0.908
0.894
0.894
0.926
0.894
0.944
0.894
0.95
0.961
0.95
0.919
0.944
0.875
0.936
0.908
0.824
0.766
0.839
0.766
0.804
0.839
0.766
0.875
0.916
0.855
0.804
0.804
0.79
0.839
0.766
0.839
0.839
0.697
0.719
0.57
0.595
0.642
0.667
0.468
0.642
0.642
0.621
0.642
0.57
0.447
0.526
0.317
0.468
0.362
0.317
0.362
0.188
0.317
0.231
0.317
0.249
0.345
0.345
0.317
0.426
0.468
0.526
0.57
0.697
0.697
0.57
0.667
0.766
0.719
0.667
0.79
0.816
0.766
0.804
0.869
0.855
0.824
0.875
0.894
0.875
0.884
0.926
0.919
0.782
0.544
0.67
0.515
0.693
0.646
0.646
0.801
0.728
0.544
0.44
0.44
0.415
0.459
0.385
0.595
0.544
0.328
0.44
0.328
0.184
0.199
0.085
0.235
0.184
0.112
0.354
0.255
0.255
0.328
0.219
0.385
0.304
0.571
0.486
0.646
0.756
0.693
0.89
0.828
0.934
0.989
0.951
0.993
0.959
0.968
0.934
0.801
0.828
0.801
0.756
0.571
0.624
0.693
0.459
0.354
0.544
0.459
0.235
0.385
0.486
0.304
0.199
0.354
0.354
0.156
0.199
0.415
0.219
0.124
0.328
0.278
0.486
0.571
0.459
0.459
0.728
0.934
0.867
0.728
0.693
0.89
0.89
0.646
0.782
0.92
0.848
0.693
0.89
0.934
0.782
0.595
0.646
0.693
0.782
0.756
0.89
0.728
0.867
0.756
0.89
0.728
0.756
0.544
0.486
0.515
0.415
0.486
0.255
0.304
0.571
0.459
0.728
0.782
0.67
0.67
0.848
0.92
0.848
0.756
0.867
0.959
0.934
0.867
0.968
0.989
0.998
0.995
0.959
0.968
0.867
0.959
0.89
0.693
0.756
0.693
0.544
0.486
0.595
0.459
0.328
0.354
0.415
0.255
0.156
0.143
0.175
0.124
0.065
0.085
0.091
0.027
0.019
0.053
0.041
0.011
0.002
0.036
0.053
0.019
0.011
0
0.002
0.031
0.031
0.077
0.07
0.07
0.112
0.156
0.199
0.328
0.235
0.184
0.328
0.459
0.328
0.354
0.595
0.624
0.415
0.624
0.571
0.67
0.756
0.67
0.459
0.544
0.595
0.278
0.219
0.328
0.354
0.175
0.112
0.077
0.065
0.085
0.053
0.011
0.041
0.041
0.027
0.053
0.085
0.124
0.235
0.385
0.385
0.624
0.801
0.693
0.515
0.255
0.255
0.124
0.156
0.112
0.1
0.143
0.124
0.278
0.184
0.44
0.385
0.459
0.571
0.515
0.571
0.328
0.385
0.175
0.235
0.199
0.199
0.278
0.278
0.515
0.595
0.44
0.44
0.235
0.304
0.156
0.219
0.1
0.124
0.143
0.255
0.278
0.544
0.459
0.67
0.728
0.544
0.415
0.235
0.156
0.1
0.07
0.015
0.036
0.002
0.019
0.053
0.031
0.112
0.143
0.304
0.385
0.278
0.156
0.108
0.1
0.065
0.124
0.091
0.041
0.124
0.184
0.354
0.385
0.595
0.693
0.782
0.486
0.595
0.756
0.544
0.571
0.801
0.828
0.595
0.782
0.828
0.848
0.867
0.515
0.515
0.415
0.219
0.304
0.199
0.354
0.328
0.486
0.278
0.459
0.278
0.354
0.235
0.235
0.184
0.199
0.278
0.328
0.544
0.415
0.415
0.354
0.459
0.415
0.624
0.515
0.728
0.828
0.595
0.693
0.624
0.67
0.693
0.693
0.848
0.756
0.934
0.984
0.89
0.92
0.89
0.828
0.89
0.693
0.848
0.801
0.67
0.595
0.728
0.624
0.624
0.693
0.595
0.89
0.801
0.646
0.571
0.486
0.415
0.486
0.354
0.44
0.354
0.219
0.278
0.199
0.235
0.354
0.255
0.515
0.44
0.693
0.756
0.89
0.801
0.89
0.867
0.867
0.968
0.92
0.951
0.801
0.693
0.693
0.89
0.89
0.728
0.92
0.828
0.934
0.828
0.624
0.544
0.459
0.354
0.354
0.112
0.184
0.304
0.459
0.595
0.646
0.515
0.595
0.782
0.756
0.646
0.828
0.934
0.867
0.92
0.978
0.989
0.968
0.801
0.571
0.646
0.515
0.693
0.624
0.646
0.801
0.728
0.515
0.44
0.44
0.385
0.44
0.385
0.571
0.515
0.304
0.415
0.328
0.184
0.199
0.112
0.255
0.184
0.112
0.328
0.278
0.255
0.328
0.219
0.385
0.304
0.571
0.486
0.646
0.756
0.693
0.89
0.782
0.782
0.934
0.959
0.991
0.959
0.959
0.92
0.782
0.801
0.801
0.693
0.571
0.624
0.646
0.486
0.354
0.544
0.486
0.255
0.415
0.486
0.304
0.199
0.354
0.328
0.143
0.199
0.385
0.219
0.112
0.328
0.278
0.515
0.624
0.486
0.515
0.756
0.951
0.89
0.801
0.67
0.867
0.89
0.67
0.801
0.92
0.848
0.693
0.89
0.934
0.801
0.624
0.646
0.728
0.801
0.756
0.89
0.756
0.867
0.728
0.828
0.67
0.728
0.544
0.515
0.544
0.415
0.515
0.278
0.328
0.571
0.459
0.728
0.782
0.646
0.67
0.848
0.934
0.867
0.756
0.848
0.968
0.959
0.89
0.978
0.991
0.998
0.995
0.959
0.978
0.89
0.951
0.89
0.728
0.756
0.693
0.595
0.486
0.571
0.459
0.328
0.278
0.415
0.255
0.156
0.143
0.175
0.124
0.065
0.085
0.091
0.031
0.019
0.053
0.041
0.011
0.008
0.041
0.053
0.025
0.015
0
0.002
0.031
0.036
0.077
0.077
0.07
0.112
0.156
0.156
0.304
0.235
0.175
0.304
0.459
0.354
0.354
0.595
0.646
0.44
0.624
0.571
0.67
0.756
0.646
0.385
0.544
0.595
0.278
0.219
0.304
0.328
0.156
0.108
0.07
0.065
0.085
0.041
0.011
0.041
0.041
0.027
0.065
0.091
0.143
0.255
0.385
0.415
0.624
0.848
0.693
0.515
0.278
0.278
0.143
0.156
0.124
0.1
0.143
0.124
0.255
0.184
0.44
0.385
0.459
0.571
0.515
0.544
0.328
0.385
0.156
0.219
0.199
0.199
0.255
0.278
0.515
0.544
0.415
0.415
0.235
0.304
0.156
0.219
0.091
0.124
0.124
0.255
0.328
0.544
0.459
0.67
0.728
0.571
0.415
0.235
0.156
0.1
0.077
0.015
0.031
0.002
0.019
0.041
0.053
0.1
0.156
0.278
0.385
0.255
0.143
0.108
0.091
0.07
0.143
0.091
0.041
0.124
0.184
0.354
0.385
0.595
0.693
0.782
0.486
0.595
0.756
0.544
0.544
0.801
0.801
0.595
0.782
0.801
0.848
0.848
0.486
0.515
0.415
0.219
0.304
0.184
0.328
0.328
0.515
0.278
0.459
0.278
0.354
0.255
0.235
0.184
0.184
0.255
0.278
0.515
0.385
0.415
0.354
0.486
0.44
0.646
0.544
0.756
0.848
0.624
0.728
0.624
0.67
0.693
0.67
0.801
0.67
0.89
0.968
0.867
0.89
0.92
0.848
0.89
0.728
0.867
0.828
0.67
0.595
0.693
0.595
0.624
0.67
0.571
0.867
0.782
0.595
0.515
0.459
0.415
0.486
0.385
0.459
0.354
0.219
0.278
0.199
0.219
0.328
0.219
0.44
0.385
0.646
0.728
0.867
0.756
0.848
0.848
0.848
0.968
0.92
0.951
0.801
0.693
0.67
0.867
0.89
0.728
0.92
0.828
0.92
0.828
0.624
0.544
0.459
0.385
0.354
0.112
0.175
0.304
0.459
0.595
0.646
0.486
0.595
0.782
0.756
0.646
0.828
0.934
0.867
0.89
0.978
0.986
0.959
0.801
0.571
0.646
0.515
0.693
0.624
0.646
0.801
0.728
0.544
0.44
0.44
0.385
0.44
0.385
0.571
0.515
0.304
0.415
0.328
0.184
0.199
0.1
0.255
0.199
0.124
0.354
0.304
0.255
0.328
0.219
0.385
0.304
0.571
0.459
0.646
0.756
0.756
0.828
0.968
0.89
0.993
0.951
0.984
0.978
0.978
0.92
0.801
0.828
0.801
0.693
0.595
0.624
0.624
0.459
0.354
0.515
0.459
0.235
0.385
0.486
0.278
0.184
0.328
0.304
0.143
0.184
0.385
0.219
0.112
0.304
0.219
0.354
0.544
0.486
0.486
0.756
0.951
0.89
0.756
0.693
0.89
0.89
0.67
0.801
0.934
0.848
0.693
0.92
0.951
0.801
0.624
0.67
0.728
0.801
0.756
0.867
0.728
0.867
0.728
0.848
0.693
0.756
0.571
0.515
0.544
0.415
0.515
0.278
0.328
0.571
0.459
0.728
0.782
0.646
0.67
0.848
0.92
0.828
0.756
0.92
0.968
0.934
0.934
0.986
0.993
0.999
0.997
0.968
0.968
0.867
0.934
0.92
0.693
0.728
0.693
0.544
0.486
0.571
0.44
0.304
0.278
0.385
0.235
0.156
0.143
0.175
0.112
0.053
0.085
0.091
0.027
0.015
0.053
0.041
0.01
0.008
0.041
0.053
0.025
0.015
0.002
0.002
0.036
0.036
0.077
0.077
0.077
0.124
0.175
0.199
0.328
0.255
0.199
0.354
0.486
0.354
0.385
0.595
0.67
0.459
0.646
0.595
0.693
0.782
0.67
0.486
0.571
0.595
0.304
0.235
0.328
0.354
0.175
0.112
0.077
0.07
0.091
0.053
0.011
0.053
0.053
0.027
0.065
0.091
0.124
0.255
0.385
0.385
0.595
0.801
0.693
0.515
0.255
0.255
0.143
0.156
0.124
0.124
0.156
0.143
0.278
0.199
0.44
0.415
0.459
0.571
0.515
0.544
0.328
0.385
0.156
0.235
0.199
0.199
0.278
0.304
0.544
0.544
0.44
0.44
0.235
0.304
0.156
0.199
0.091
0.124
0.124
0.235
0.255
0.515
0.459
0.693
0.728
0.544
0.415
0.235
0.143
0.1
0.07
0.019
0.036
0.002
0.019
0.041
0.031
0.108
0.124
0.255
0.354
0.278
0.156
0.108
0.108
0.077
0.156
0.091
0.041
0.124
0.175
0.354
0.385
0.595
0.693
0.782
0.486
0.624
0.782
0.515
0.544
0.801
0.801
0.595
0.782
0.828
0.848
0.867
0.486
0.515
0.415
0.219
0.304
0.199
0.354
0.354
0.544
0.304
0.486
0.278
0.354
0.255
0.235
0.184
0.184
0.278
0.304
0.515
0.415
0.415
0.354
0.486
0.44
0.646
0.544
0.728
0.828
0.595
0.728
0.624
0.67
0.728
0.693
0.828
0.756
0.951
0.986
0.867
0.89
0.934
0.867
0.89
0.728
0.867
0.801
0.67
0.624
0.728
0.595
0.646
0.693
0.595
0.89
0.828
0.646
0.571
0.486
0.415
0.486
0.385
0.459
0.385
0.219
0.278
0.199
0.235
0.354
0.235
0.486
0.415
0.67
0.728
0.867
0.782
0.867
0.848
0.867
0.968
0.92
0.951
0.828
0.693
0.693
0.89
0.89
0.756
0.934
0.828
0.934
0.848
0.646
0.571
0.486
0.385
0.354
0.124
0.175
0.304
0.459
0.595
0.67
0.515
0.624
0.782
0.756
0.646
0.828
0.934
0.828
0.867
0.978
0.984
0.959
