0.0 0.16849357196954767 1.52884 0.70281483 -14.735629586843055 H3_noNV.txt NeighborSum 20.1
0.0 0.16114264022494476 -0.5508 0.211964021 -13.168847843048432 H3_noNV.txt NeighborSum 20.1
0.0 0.15787448302801038 -0.68593 0.612367541 -16.971656844882848 H3_noNV.txt NeighborSum 20.1
0.0 0.13971589612938 -2.9028 1.196666614 -27.080542678917258 H3_noNV.txt NeighborSum 20.1
0.0 0.13451222625327325 -2.42402 0.715100347 -28.076669142758444 H3_noNV.txt NeighborSum 20.1
0.0 0.13895725067392467 -3.4265800000000004 0.115711929 -20.885230695751105 H3_noNV.txt NeighborSum 20.1
0.0 0.1294934027066355 -1.3467 0.6905827440000001 -32.31573324411727 H3_noNV.txt NeighborSum 20.1
0.0 0.10373868328396517 -4.18677 1.196403002 -45.34460142160982 H3_noNV.txt NeighborSum 20.1
0.0 0.11403120593997902 -2.34491 0.483154326 -38.39343387566838 H3_noNV.txt NeighborSum 20.1
0.0 0.1300456766301358 0.09823 0.13067727199999998 -31.069272734708928 H3_noNV.txt NeighborSum 20.1
0.0 0.10689526634122845 -1.9977900000000002 0.943695555 -45.38633220572607 H3_noNV.txt NeighborSum 20.1
0.0 0.08874161834118913 -4.73053 0.958617728 -51.65721814091211 H3_noNV.txt NeighborSum 20.1
0.0 0.11450415945876605 -3.1488 0.262675306 -35.76670330300661 H3_noNV.txt NeighborSum 20.1
0.0 0.12153517872295763 -0.18274 0.539623645 -37.63978727090563 H3_noNV.txt NeighborSum 20.1
0.0 0.09209063895907832 -3.23461 1.223431364 -53.390458909110386 H3_noNV.txt NeighborSum 20.1
0.0 0.10236396399185574 -2.77369 0.8156641729999999 -46.10125573712227 H3_noNV.txt NeighborSum 20.1
0.0 0.12748007614911153 -0.08763 0.760532859 -35.64912285805436 H3_noNV.txt NeighborSum 20.1
0.0 0.11700836574938314 -1.15649 0.854286305 -40.4646526971999 H3_noNV.txt NeighborSum 20.1
0.0 0.08764983803893922 -3.9233 1.153800785 -54.49791399072115 H3_noNV.txt NeighborSum 20.1
0.0 0.11795322229374702 -2.31607 1.042818155 -39.27462974123747 H3_noNV.txt NeighborSum 20.1
0.0 0.13052475486961104 -1.7281900000000001 0.812858912 -31.847700156972646 H3_noNV.txt NeighborSum 20.1
0.0 0.09785830685057091 -4.04467 1.048833101 -48.04105970940407 H3_noNV.txt NeighborSum 20.1
0.0 0.09211179948999855 -4.4366900000000005 1.118867783 -51.06679879770463 H3_noNV.txt NeighborSum 20.1
0.0 0.12928216310267396 -0.93916 1.004286968 -34.72600085182471 H3_noNV.txt NeighborSum 20.1
0.0 0.11630623152885716 -1.38571 0.864627887 -40.58080523989585 H3_noNV.txt NeighborSum 20.1
0.0 0.08093780701455962 -4.76964 1.6828666230000002 -59.8925681052103 H3_noNV.txt NeighborSum 20.1
0.0 0.10753980534017074 -3.66705 0.973980498 -42.76665794020964 H3_noNV.txt NeighborSum 20.1
0.0 0.12750165448206313 -1.60765 1.019964963 -34.83675945517968 H3_noNV.txt NeighborSum 20.1
0.0 0.08992843934561819 -2.145 1.080741775 -55.40850911324706 H3_noNV.txt NeighborSum 20.1
0.0 0.08065525267426663 -3.17593 1.0264390540000001 -58.805969149121985 H3_noNV.txt NeighborSum 20.1
0.0 0.12049715080852925 -1.05362 0.7831203390000001 -38.276235259037406 H3_noNV.txt NeighborSum 20.1
0.0 0.10933415851059289 -3.1393400000000002 0.87491363 -41.99176955369522 H3_noNV.txt NeighborSum 20.1
0.0 0.07060172522254705 -3.0171799999999998 1.273974642 -66.0031999310416 H3_noNV.txt NeighborSum 20.1
0.0 0.08420652089301131 -4.10324 0.698662507 -53.69612777928069 H3_noNV.txt NeighborSum 20.1
0.0 0.1039391872411093 0.52582 0.806137062 -49.95806948163069 H3_noNV.txt NeighborSum 20.1
0.0 0.07887348390844302 -1.9917200000000002 0.999791515 -61.37751217833963 H3_noNV.txt NeighborSum 20.1
0.0 0.04978466267235143 -4.6731300000000005 0.7230108690000001 -72.25997982293887 H3_noNV.txt NeighborSum 20.1
0.0 0.08461655695130685 -1.1148 0.9134051999999999 -58.96897377267145 H3_noNV.txt NeighborSum 20.1
0.0 0.08599929316452219 -5.404 1.177075753 -53.39807659224503 H3_noNV.txt NeighborSum 20.1
0.0 0.035027374275154594 -4.9215 0.866090372 -80.93176447945024 H3_noNV.txt NeighborSum 20.1
0.0 0.04913983207826014 -2.3531299999999997 1.040738514 -77.7109134965108 H3_noNV.txt NeighborSum 20.1
0.0 0.08686273006109842 -2.96365 0.883922457 -54.868497034638445 H3_noNV.txt NeighborSum 20.1
0.0 0.047920171984559834 -4.0631699999999995 1.192942461 -76.73594062691784 H3_noNV.txt NeighborSum 20.1
0.0 0.006636328721745244 -4.13784 0.598159525 -96.50193348734742 H3_noNV.txt NeighborSum 20.1
0.0 0.04977708166613071 -3.01452 1.063868523 -76.51962834924308 H3_noNV.txt NeighborSum 20.1
0.0 0.05762191669428726 -5.09443 1.0201036940000001 -68.87383847763562 H3_noNV.txt NeighborSum 20.1
0.0 0.004155437912274518 -2.28589 0.43627146899999997 -99.7008915992332 H3_noNV.txt NeighborSum 20.1
0.0 0.0031716127572005703 -3.6143 0.535295504 -98.85970206882037 H3_noNV.txt NeighborSum 20.1
0.0 0.04948036298730327 -2.23618 1.043296385 -77.70402315126294 H3_noNV.txt NeighborSum 20.1
0.0 0.02461748544089204 -3.2566200000000003 0.716735645 -88.36340160155441 H3_noNV.txt NeighborSum 20.1
0.0 -0.028242062220030395 -3.9775699999999996 0.332333688 -114.80825092628893 H3_noNV.txt NeighborSum 20.1
0.0 0.007342030380807468 -3.66304 0.984743405 -98.89185962168601 H3_noNV.txt NeighborSum 20.1
0.0 0.03361791703312081 -2.33928 0.8276413579999999 -85.26047596777592 H3_noNV.txt NeighborSum 20.1
0.0 -0.026524916272202603 -4.78178 0.7526299479999999 -114.95831087433415 H3_noNV.txt NeighborSum 20.1
0.0 -0.03949465163101354 -2.92275 0.7607216170000001 -124.9574873662327 H3_noNV.txt NeighborSum 20.1
0.0 0.025569656365018234 -2.8843799999999997 0.993678795 -89.87222558690948 H3_noNV.txt NeighborSum 20.1
0.0 0.01865505550038246 -5.10075 0.800457834 -89.47616008997451 H3_noNV.txt NeighborSum 20.1
0.0 -0.0451509648441103 -5.5473 0.704684042 -124.00847847580965 H3_noNV.txt NeighborSum 20.1
0.0 -0.0051724415931581336 -5.75177 1.140684827 -103.70690370690751 H3_noNV.txt NeighborSum 20.1
0.0 0.047347865793430255 -1.9061400000000002 0.70700435 -77.55336860315542 H3_noNV.txt NeighborSum 20.1
0.0 0.02815754740380777 -4.0602 1.090830856 -87.24401027070255 H3_noNV.txt NeighborSum 20.1
0.0 0.0018741092515357771 -6.95578 1.013050303 -97.32465074986932 H3_noNV.txt NeighborSum 20.1
0.0 0.06830431571425677 -3.20118 0.997334168 -65.52194514347265 H3_noNV.txt NeighborSum 20.1
0.0 0.09011557676739222 -2.07735 0.7009037090000001 -53.34306085663629 H3_noNV.txt NeighborSum 20.1
0.0 0.08087369537714816 -2.42921 1.057297943 -59.935014321992284 H3_noNV.txt NeighborSum 20.1
0.0 0.12080862777504489 -0.34126999999999996 0.801095412 -39.23349551239344 H3_noNV.txt NeighborSum 20.1
0.0 0.059109456134559396 -1.1374 1.4141199830000002 -75.92166046493809 H3_noNV.txt NeighborSum 20.1
0.0 0.04076802595836862 -3.56227 1.320760203 -82.1575839180714 H3_noNV.txt NeighborSum 20.1
0.0 0.09989381425008213 -6.054069999999999 1.0783360370000001 -44.14512329775457 H3_noNV.txt NeighborSum 20.1
0.0 0.07285892632813219 -5.75949 1.5271394930000002 -62.13166297706316 H3_noNV.txt NeighborSum 20.1
0.0 0.1304908522413167 -1.7259799999999998 0.995512046 -32.859966292666606 H3_noNV.txt NeighborSum 20.1
0.0 0.11715728068724482 -0.27599 0.809259689 -41.41545848924334 H3_noNV.txt NeighborSum 20.1
0.0 0.13531412272743087 0.78786 0.661070452 -31.997720613705074 H3_noNV.txt NeighborSum 20.1
0.0 0.09172937074023305 -1.25191 1.286137987 -56.810723484885294 H3_noNV.txt NeighborSum 20.1
0.0 0.05090893262649601 -3.39295 1.206935439 -76.11250620646044 H3_noNV.txt NeighborSum 20.1
0.0 0.10070225769641904 -0.6642 0.629992918 -49.08682090597422 H3_noNV.txt NeighborSum 20.1
0.0 0.08874008022581698 -0.54879 0.537023876 -55.443294439936295 H3_noNV.txt NeighborSum 20.1
0.0 0.016639249686921237 -4.67577 1.163806547 -93.19050937326924 H3_noNV.txt NeighborSum 20.1
0.0 0.05318859344594801 -3.6124400000000003 1.138946126 -74.1498574186438 H3_noNV.txt NeighborSum 20.1
0.0 0.09883552662740912 -2.14659 0.433889401 -46.916324514490654 H3_noNV.txt NeighborSum 20.1
0.0 0.04667133603117707 -3.42675 0.7531584729999999 -75.97464857713908 H3_noNV.txt NeighborSum 20.1
0.0 0.018676252752084177 -2.43284 1.307695958 -96.08675936502391 H3_noNV.txt NeighborSum 20.1
0.0 0.09232579290075306 -2.60718 0.821615474 -51.991628125135264 H3_noNV.txt NeighborSum 20.1
0.0 0.10388522748875936 -1.84538 0.867244679 -46.87730001132588 H3_noNV.txt NeighborSum 20.1
0.0 0.051632076402380045 -1.4708299999999999 1.13120506 -78.08768454591878 H3_noNV.txt NeighborSum 20.1
0.0 0.08913097345746816 -5.06677 0.951889434 -50.914791545023796 H3_noNV.txt NeighborSum 20.1
0.0 0.14030073433107526 0.14959 0.8255073890000001 -29.17248147599297 H3_noNV.txt NeighborSum 20.1
0.0 0.11208073185730874 -2.3538799999999998 0.793110125 -41.151856042193515 H3_noNV.txt NeighborSum 20.1
0.0 0.08531917936805239 -1.97868 1.031493409 -57.961893880978224 H3_noNV.txt NeighborSum 20.1
0.0 0.12811354082598267 -1.68432 0.864759332 -33.54179975605332 H3_noNV.txt NeighborSum 20.1
0.0 0.1626774815650015 -2.93833 0.61270284 -11.01643666676707 H3_noNV.txt NeighborSum 20.1
0.0 0.17859793454064 0.00428 0.884873647 -7.855909660144396 H3_noNV.txt NeighborSum 20.1
0.0 0.18294548543455488 3.39402 0.640065215 -9.017214087885447 H3_noNV.txt NeighborSum 20.1
0.0 0.20127278464352188 3.7293199999999995 0.851685847 -0.39687537835698516 H3_noNV.txt NeighborSum 20.1
0.0 0.19065913792971123 3.02247 0.34808929299999997 -2.57934372032748 H3_noNV.txt NeighborSum 20.1
0.0 0.1525087624849337 -1.44359 0.862810622 -20.231477101343124 H3_noNV.txt NeighborSum 20.1
0.0 0.16248591871042034 0.04102 0.592361004 -15.338385044038228 H3_noNV.txt NeighborSum 20.1
0.0 0.13080970576090944 -5.15766 0.8720874359999999 -27.03086421486198 H3_noNV.txt NeighborSum 20.1
0.0 0.15496170774968665 -2.09295 0.212941744 -14.393710133577676 H3_noNV.txt NeighborSum 20.1
0.0 0.10535628126733768 -2.09427 1.0463594459999999 -46.66384285464571 H3_noNV.txt NeighborSum 20.1
0.0 0.13133924338597583 -0.9528 0.561512033 -31.15515064547039 H3_noNV.txt NeighborSum 20.1
0.0 0.10779314723981558 -0.93621 0.924414753 -46.32051480365556 H3_noNV.txt NeighborSum 20.1
0.0 0.10642048369843557 -4.12068 0.8471421929999999 -42.04686208656657 H3_noNV.txt NeighborSum 20.1
0.0 0.09661907837244224 -1.51253 1.19843548 -53.221179004836245 H3_noNV.txt NeighborSum 20.1
0.0 0.1415051779658408 -3.8361 0.445627454 -20.653507276477555 H3_noNV.txt NeighborSum 20.1
0.0 0.15684367488825546 -0.29297 0.155453728 -15.642099905701102 H3_noNV.txt NeighborSum 20.1
0.0 0.1552466436979401 0.84165 0.29890498 -18.960330478137806 H3_noNV.txt NeighborSum 20.1
0.0 0.12258452077325428 -0.7801899999999999 0.885523229 -38.06035885119577 H3_noNV.txt NeighborSum 20.1
0.0 0.11552830966680978 -0.54588 0.6936568209999999 -41.308446062706295 H3_noNV.txt NeighborSum 20.1
0.0 0.1432946207627793 -0.0536 0.530187444 -25.601614871976 H3_noNV.txt NeighborSum 20.1
0.0 0.11884848177567611 -1.19656 0.883519866 -39.53539570504566 H3_noNV.txt NeighborSum 20.1
0.0 0.08242812462771697 -2.19318 1.387089416 -61.19561002624691 H3_noNV.txt NeighborSum 20.1
0.0 0.13512846066754303 1.59275 0.778761919 -33.907992134017405 H3_noNV.txt NeighborSum 20.1
0.0 0.16369249706825856 0.1107 0.859310583 -16.21147867077924 H3_noNV.txt NeighborSum 20.1
0.0 0.16134541586565054 0.41361000000000003 0.29777400800000003 -14.920540685953457 H3_noNV.txt NeighborSum 20.1
0.0 0.1626545675279299 0.28113 0.63965973 -15.848973279664982 H3_noNV.txt NeighborSum 20.1
0.0 0.14485061279992806 -2.27529 1.182778761 -25.043306019430755 H3_noNV.txt NeighborSum 20.1
0.0 0.13088651047116878 -3.70025 0.8045728990000001 -28.73760093201943 H3_noNV.txt NeighborSum 20.1
0.0 0.13733211081143343 -2.84012 0.209785592 -23.155784643519162 H3_noNV.txt NeighborSum 20.1
0.0 0.13388011815530593 -1.13788 0.7107326540000001 -30.27371144872755 H3_noNV.txt NeighborSum 20.1
0.0 0.10514975284918406 -4.2066300000000005 1.229652285 -44.706503436762425 H3_noNV.txt NeighborSum 20.1
0.0 0.11225272124107583 -2.08391 0.546764592 -40.11219447156145 H3_noNV.txt NeighborSum 20.1
0.0 0.12815894961896176 0.0015 0.148827361 -32.082868028872376 H3_noNV.txt NeighborSum 20.1
0.0 0.10867777589413312 -2.16323 0.9882842629999999 -44.390544468552164 H3_noNV.txt NeighborSum 20.1
0.0 0.08883226373427884 -4.83761 0.97372298 -51.53293637312443 H3_noNV.txt NeighborSum 20.1
0.0 0.11469597094580354 -2.8658 0.267811892 -36.09805003393238 H3_noNV.txt NeighborSum 20.1
0.0 0.12097760914780341 -0.51165 0.525778473 -37.39923167247074 H3_noNV.txt NeighborSum 20.1
0.0 0.09094120317877846 -3.94918 1.253416225 -53.15878865969907 H3_noNV.txt NeighborSum 20.1
0.0 0.10236546696258303 -2.78632 0.812587298 -46.06540172271787 H3_noNV.txt NeighborSum 20.1
0.0 0.12960666124799977 0.051739999999999994 0.750926705 -34.60953849612006 H3_noNV.txt NeighborSum 20.1
0.0 0.11323284106266782 -1.73511 0.896655797 -41.96677590942047 H3_noNV.txt NeighborSum 20.1
0.0 0.08638614206231565 -3.9533099999999997 1.164038449 -55.21688638013398 H3_noNV.txt NeighborSum 20.1
0.0 0.11805023979548115 -1.74702 1.014292453 -39.89179454075393 H3_noNV.txt NeighborSum 20.1
0.0 0.12725332246080653 -1.75657 0.823902963 -33.69674609693208 H3_noNV.txt NeighborSum 20.1
0.0 0.09174092405960234 -3.38826 1.050005639 -52.423005417552766 H3_noNV.txt NeighborSum 20.1
0.0 0.09167742487037922 -3.48545 1.118057678 -52.68632842243116 H3_noNV.txt NeighborSum 20.1
0.0 0.1265968601523577 0.039169999999999996 1.024392338 -37.75763363686521 H3_noNV.txt NeighborSum 20.1
0.0 0.10723970704952025 -2.27652 0.811640813 -44.07317658821246 H3_noNV.txt NeighborSum 20.1
0.0 0.0766998983391666 -5.13785 1.672334066 -61.672082060815214 H3_noNV.txt NeighborSum 20.1
0.0 0.10691154309352978 -3.2387599999999996 0.990691291 -43.83049133740117 H3_noNV.txt NeighborSum 20.1
0.0 0.12074279862422632 -2.9165400000000004 1.0209793870000001 -36.7237875893348 H3_noNV.txt NeighborSum 20.1
0.0 0.0845389007815428 -4.50715 1.0557956370000001 -54.85969119940325 H3_noNV.txt NeighborSum 20.1
0.0 0.08012425026474056 -4.03849 1.066198821 -58.06643624889797 H3_noNV.txt NeighborSum 20.1
0.0 0.11739519302062917 -1.36978 0.778543834 -39.528025131770036 H3_noNV.txt NeighborSum 20.1
0.0 0.1024333591620859 -4.307980000000001 0.8479862979999999 -44.01035129960178 H3_noNV.txt NeighborSum 20.1
0.0 0.06753337331102946 -3.5346300000000004 1.275809547 -66.97873420273797 H3_noNV.txt NeighborSum 20.1
0.0 0.08619980961688044 -2.5691900000000003 0.741038623 -55.037513441344906 H3_noNV.txt NeighborSum 20.1
0.0 0.10346018618712036 0.28557 0.764726784 -49.652840189983294 H3_noNV.txt NeighborSum 20.1
0.0 0.0722264299065309 0.031389999999999994 0.9437829759999999 -67.72985275319688 H3_noNV.txt NeighborSum 20.1
0.0 0.051988265593920946 -4.03036 0.714746749 -71.91534902246485 H3_noNV.txt NeighborSum 20.1
0.0 0.08679573710359507 -2.02353 0.930253372 -56.52186518033483 H3_noNV.txt NeighborSum 20.1
0.0 0.07691631050672357 -5.07726 1.256053567 -59.382465885512346 H3_noNV.txt NeighborSum 20.1
0.0 0.028619612667079963 -5.28832 0.835810015 -83.82029239399196 H3_noNV.txt NeighborSum 20.1
0.0 0.05619378166142763 -2.36821 1.083273344 -73.97287472031553 H3_noNV.txt NeighborSum 20.1
0.0 0.08370711899337156 -2.95877 0.886397964 -56.65457639981445 H3_noNV.txt NeighborSum 20.1
0.0 0.03999459484225357 -3.71619 1.218344686 -81.81172714584088 H3_noNV.txt NeighborSum 20.1
0.0 0.006431230608542615 -4.48718 0.617600794 -96.21494356648464 H3_noNV.txt NeighborSum 20.1
0.0 0.04982852327036458 -3.1313400000000002 1.0464075000000002 -76.22661328564207 H3_noNV.txt NeighborSum 20.1
0.0 0.051500793911089415 -5.72685 1.026717248 -71.4164143836675 H3_noNV.txt NeighborSum 20.1
0.0 -0.0013629150567828208 -2.59026 0.518199171 -102.79068359634454 H3_noNV.txt NeighborSum 20.1
0.0 0.003223066606746955 -2.8663 0.539287956 -99.9384041160892 H3_noNV.txt NeighborSum 20.1
0.0 0.04342540017157884 -2.4493400000000003 1.023206693 -80.67346191150808 H3_noNV.txt NeighborSum 20.1
0.0 0.018974723866121146 -3.8369400000000002 0.728241107 -90.74048165648642 H3_noNV.txt NeighborSum 20.1
0.0 -0.0317841981648323 -3.8988699999999996 0.328855717 -116.8854833106796 H3_noNV.txt NeighborSum 20.1
0.0 -0.0007784298750933005 -4.07024 0.974385705 -102.78802328057358 H3_noNV.txt NeighborSum 20.1
0.0 0.02904762552403589 -2.38199 0.8434824320000001 -87.84143885575634 H3_noNV.txt NeighborSum 20.1
0.0 -0.025745877769867476 -3.82156 0.746764275 -115.88456300000635 H3_noNV.txt NeighborSum 20.1
0.0 -0.04387823935493246 -3.38786 0.741876229 -126.63278196155548 H3_noNV.txt NeighborSum 20.1
0.0 0.017779931486337025 -3.11426 0.8737419359999999 -93.24676704817429 H3_noNV.txt NeighborSum 20.1
0.0 0.015517568304193458 -5.24012 0.715975754 -90.57133351446159 H3_noNV.txt NeighborSum 20.1
0.0 -0.04701332784653009 -5.12656 0.676692141 -125.50952051292424 H3_noNV.txt NeighborSum 20.1
0.0 -0.0034977424372441834 -5.4106 1.149109632 -103.3108368654406 H3_noNV.txt NeighborSum 20.1
0.0 0.04746660270831382 -2.74384 0.6639633770000001 -76.03756301557507 H3_noNV.txt NeighborSum 20.1
0.0 0.03670036989920644 -2.92053 1.038341646 -83.83417021579601 H3_noNV.txt NeighborSum 20.1
0.0 0.004904952411955349 -6.717910000000001 1.00931652 -95.9539518016511 H3_noNV.txt NeighborSum 20.1
0.0 0.07297912148664254 -1.9202700000000001 1.009611947 -64.83238498609501 H3_noNV.txt NeighborSum 20.1
0.0 0.09964249086770999 -1.8167900000000001 0.652709931 -48.12972393551058 H3_noNV.txt NeighborSum 20.1
0.0 0.0893295835225967 -0.51203 1.057207112 -57.986532918084094 H3_noNV.txt NeighborSum 20.1
0.0 0.12808293228688877 -0.09657 0.796349185 -35.49299052945411 H3_noNV.txt NeighborSum 20.1
0.0 0.05447263120842624 -1.49485 1.425720087 -78.05996182916653 H3_noNV.txt NeighborSum 20.1
0.0 0.03849022541545766 -3.73869 1.324051971 -83.19376177431865 H3_noNV.txt NeighborSum 20.1
0.0 0.10557927599639465 -2.59388 0.931263958 -45.189921154141125 H3_noNV.txt NeighborSum 20.1
0.0 0.07567176203214272 -5.61514 1.5338730409999999 -60.80391905168396 H3_noNV.txt NeighborSum 20.1
0.0 0.13011563669821855 -2.1396599999999997 1.003082454 -32.51041010435207 H3_noNV.txt NeighborSum 20.1
0.0 0.10219318823790567 -2.37709 0.678620048 -46.02967659496095 H3_noNV.txt NeighborSum 20.1
0.0 0.12824227488568027 0.17981 0.75855219 -35.600167969607625 H3_noNV.txt NeighborSum 20.1
0.0 0.0773494246551593 -2.60548 1.338682007 -63.176241438631195 H3_noNV.txt NeighborSum 20.1
0.0 0.053672786405851686 -3.9884699999999995 1.177513617 -73.54213699648348 H3_noNV.txt NeighborSum 20.1
0.0 0.09801374946522129 -0.18059 0.609733531 -51.183275713857526 H3_noNV.txt NeighborSum 20.1
0.0 0.08170259981611408 -0.9666899999999999 0.57155383 -58.96131180252194 H3_noNV.txt NeighborSum 20.1
0.0 0.012931222172176515 -4.8795 1.200862802 -95.17028331829411 H3_noNV.txt NeighborSum 20.1
0.0 0.04983874170376221 -3.67725 1.102180344 -75.73073702990617 H3_noNV.txt NeighborSum 20.1
0.0 0.08714874245011611 -3.05186 0.423707349 -52.08577889259553 H3_noNV.txt NeighborSum 20.1
0.0 0.04142068543895139 -3.64711 0.7980664409999999 -78.83594575639337 H3_noNV.txt NeighborSum 20.1
0.0 0.015756116368229517 -2.49425 1.225768266 -97.18734268542136 H3_noNV.txt NeighborSum 20.1
0.0 0.07718630950341647 -1.96038 0.760830503 -61.071676372655254 H3_noNV.txt NeighborSum 20.1
0.0 0.09591918973984837 -1.69825 0.8695110229999999 -51.560197815465145 H3_noNV.txt NeighborSum 20.1
0.0 0.04688448818438021 -1.7158099999999998 1.161003485 -80.54987351701794 H3_noNV.txt NeighborSum 20.1
0.0 0.07182439150691501 -4.23326 1.014349233 -62.14644146130307 H3_noNV.txt NeighborSum 20.1
0.0 0.12564108532702434 -1.06952 0.973275298 -36.40585630397879 H3_noNV.txt NeighborSum 20.1
0.0 0.11011801500703162 -2.15604 0.825378865 -42.712117925595116 H3_noNV.txt NeighborSum 20.1
0.0 0.08197183896001428 -2.29049 1.012759628 -59.28055012648672 H3_noNV.txt NeighborSum 20.1
0.0 0.12091673006443784 -1.0211700000000001 0.84322232 -38.41437445519231 H3_noNV.txt NeighborSum 20.1
0.0 0.1565538554906009 -0.29344000000000003 0.779412834 -19.185804445220032 H3_noNV.txt NeighborSum 20.1
0.0 0.15014756300954507 -2.6590599999999998 0.930594875 -20.15554708297162 H3_noNV.txt NeighborSum 20.1
0.0 0.16042053957753344 0.47193 0.379967836 -15.968213647094384 H3_noNV.txt NeighborSum 20.1
0.0 0.16674424362292345 0.8982 0.814016394 -15.401683328375128 H3_noNV.txt NeighborSum 20.1
0.0 0.1585481698570996 -0.2394 0.316414832 -15.63869991298664 H3_noNV.txt NeighborSum 20.1
0.0 0.11932489459255421 -3.05671 0.9334386459999999 -36.83910653404374 H3_noNV.txt NeighborSum 20.1
0.0 0.1462477715853449 -0.22077 0.309571582 -22.510769988699973 H3_noNV.txt NeighborSum 20.1
0.0 0.10948787912262936 -6.60376 0.879706311 -36.90254674165452 H3_noNV.txt NeighborSum 20.1
0.0 0.14533152871868055 -1.60209 0.53804943 -22.25667718446162 H3_noNV.txt NeighborSum 20.1
0.0 0.09878336310666189 -3.18765 1.011120086 -48.563170340962174 H3_noNV.txt NeighborSum 20.1
0.0 0.1263966555853292 1.1406399999999999 0.543627628 -36.862587424377665 H3_noNV.txt NeighborSum 20.1
0.0 0.10269163375471128 -1.32924 0.9234685020000001 -48.599152024850945 H3_noNV.txt NeighborSum 20.1
0.0 0.10429832546567396 -4.64228 0.8827119109999999 -42.66983581306297 H3_noNV.txt NeighborSum 20.1
0.0 0.08819369092770087 -1.37019 1.186875898 -58.07918643168621 H3_noNV.txt NeighborSum 20.1
0.0 0.132536296950411 -4.19771 0.442003714 -25.127049332307077 H3_noNV.txt NeighborSum 20.1
0.0 0.1451532238305317 -0.04808 0.120918225 -22.351248458543914 H3_noNV.txt NeighborSum 20.1
0.0 0.14648210810049553 -0.23083 0.22126522899999998 -21.886380729842514 H3_noNV.txt NeighborSum 20.1
0.0 0.10797832349296405 -1.1378 0.975002954 -46.19848413959889 H3_noNV.txt NeighborSum 20.1
0.0 0.10102782624528728 -2.88341 0.657951648 -45.83465642149759 H3_noNV.txt NeighborSum 20.1
0.0 0.13352481621542053 0.04784 0.203960544 -29.446770340056336 H3_noNV.txt NeighborSum 20.1
0.0 0.11819864092406172 -0.60415 0.731130699 -39.93292752181293 H3_noNV.txt NeighborSum 20.1
0.0 0.07499670848774347 -2.186 1.3740866790000001 -65.2934562116585 H3_noNV.txt NeighborSum 20.1
0.0 0.11025760707306041 -2.75189 0.575827981 -40.41632289879073 H3_noNV.txt NeighborSum 20.1
0.0 0.16743973357606734 -0.06371 0.784631442 -13.456894075385636 H3_noNV.txt NeighborSum 20.1
0.0 0.16605282810600536 0.79046 0.404721355 -13.41350597652899 H3_noNV.txt NeighborSum 20.1
0.0 0.16410523441594854 -0.45848999999999995 0.605313959 -13.777460764163488 H3_noNV.txt NeighborSum 20.1
0.0 0.14480949642436688 -2.05804 1.121181829 -25.047793872639772 H3_noNV.txt NeighborSum 20.1
0.0 0.1366579267619359 -2.46537 0.866287947 -27.63564219830279 H3_noNV.txt NeighborSum 20.1
0.0 0.14388432806118978 -3.09908 0.22578184199999998 -19.200578754440382 H3_noNV.txt NeighborSum 20.1
0.0 0.13653851258927388 -1.20107 0.65672676 -28.401854279581507 H3_noNV.txt NeighborSum 20.1
0.0 0.10845121328503775 -3.4281300000000003 1.183858458 -43.74121885345207 H3_noNV.txt NeighborSum 20.1
0.0 0.11757805661492449 -1.69757 0.617009927 -38.07425888031698 H3_noNV.txt NeighborSum 20.1
0.0 0.12964580009397925 0.14145 0.207435725 -31.771823119647625 H3_noNV.txt NeighborSum 20.1
0.0 0.10927595645448379 -2.03707 0.94038325 -43.979350688872735 H3_noNV.txt NeighborSum 20.1
0.0 0.08989450802713658 -4.7304 1.022230688 -51.357180972559064 H3_noNV.txt NeighborSum 20.1
0.0 0.11643113346572007 -2.53619 0.334850427 -35.96909389664783 H3_noNV.txt NeighborSum 20.1
0.0 0.12260251235123532 -0.12594 0.494418865 -36.880027913782115 H3_noNV.txt NeighborSum 20.1
0.0 0.09135744083963698 -3.8332300000000004 1.23377934 -52.98777956672923 H3_noNV.txt NeighborSum 20.1
0.0 0.1022630535945115 -2.3094 0.8621375929999999 -47.08362512493824 H3_noNV.txt NeighborSum 20.1
0.0 0.12742210029597584 0.0807 0.770149767 -35.97804958542677 H3_noNV.txt NeighborSum 20.1
0.0 0.11424018863120126 -1.36635 0.858298918 -41.730561691589536 H3_noNV.txt NeighborSum 20.1
0.0 0.08464533857266915 -4.04703 1.183739322 -56.16161260894457 H3_noNV.txt NeighborSum 20.1
0.0 0.11223401155852171 -2.53589 1.040113198 -42.14078147073932 H3_noNV.txt NeighborSum 20.1
0.0 0.12531280254920396 -2.32882 0.8189936999999999 -33.92514509728545 H3_noNV.txt NeighborSum 20.1
0.0 0.09250273073040755 -2.3620799999999997 1.058076775 -53.53019682043509 H3_noNV.txt NeighborSum 20.1
0.0 0.08666424905655742 -4.3730400000000005 1.126303504 -54.247428998512454 H3_noNV.txt NeighborSum 20.1
0.0 0.11989646903768658 -1.28578 1.033761289 -39.633923238303794 H3_noNV.txt NeighborSum 20.1
0.0 0.10668873952652443 -1.76027 0.857445172 -45.379156727185496 H3_noNV.txt NeighborSum 20.1
0.0 0.0748612514447265 -4.75711 1.6740213959999999 -63.26266723625418 H3_noNV.txt NeighborSum 20.1
0.0 0.0989283822852943 -4.41633 0.9735018520000001 -46.494480262228294 H3_noNV.txt NeighborSum 20.1
0.0 0.1161716601101024 -2.95255 1.022611663 -39.2379303808193 H3_noNV.txt NeighborSum 20.1
0.0 0.08276896692443633 -4.01106 1.0664444290000001 -56.627857793884814 H3_noNV.txt NeighborSum 20.1
0.0 0.07603613306691111 -3.00875 1.044997612 -61.73367296065151 H3_noNV.txt NeighborSum 20.1
0.0 0.11008674983153133 -1.36355 0.79112984 -43.69439469389907 H3_noNV.txt NeighborSum 20.1
0.0 0.10061460815325028 -4.80221 0.8603976329999999 -44.37776743576796 H3_noNV.txt NeighborSum 20.1
0.0 0.06638376511929237 -3.3186199999999997 1.256955553 -67.83331970775134 H3_noNV.txt NeighborSum 20.1
0.0 0.07806028850422705 -3.5095 0.706950877 -58.04181085409309 H3_noNV.txt NeighborSum 20.1
0.0 0.09379646650446372 -0.0153 0.7970421679999999 -54.79813314132815 H3_noNV.txt NeighborSum 20.1
0.0 0.06758981795125985 0.55593 0.973929637 -71.24892686107002 H3_noNV.txt NeighborSum 20.1
0.0 0.04379308835681758 -3.80654 0.6942547309999999 -76.71441588250005 H3_noNV.txt NeighborSum 20.1
0.0 0.07786550117731403 -1.54641 0.8917984790000001 -62.00253868425304 H3_noNV.txt NeighborSum 20.1
0.0 0.07271160594295589 -5.086130000000001 1.261879668 -61.753718843771736 H3_noNV.txt NeighborSum 20.1
0.0 0.024270042958237648 -4.6477699999999995 0.8205623940000001 -87.10110933243222 H3_noNV.txt NeighborSum 20.1
0.0 0.04697163938861473 -1.68062 1.040108166 -79.89687137478099 H3_noNV.txt NeighborSum 20.1
0.0 0.07632989236169133 -2.78645 0.869979244 -60.94331546686098 H3_noNV.txt NeighborSum 20.1
0.0 0.03801621367829763 -3.22231 1.179757521 -83.4264242645241 H3_noNV.txt NeighborSum 20.1
0.0 0.0009133946372518742 -4.343319999999999 0.601591722 -99.42425244092838 H3_noNV.txt NeighborSum 20.1
0.0 0.04181979117313364 -3.20198 1.083122381 -80.80400024159049 H3_noNV.txt NeighborSum 20.1
0.0 0.04687275551954395 -6.21378 1.006637211 -73.19011208751148 H3_noNV.txt NeighborSum 20.1
0.0 -0.0030122451261433147 -2.7833900000000003 0.432581259 -102.96902873432815 H3_noNV.txt NeighborSum 20.1
0.0 -0.0016542418349922428 -2.68834 0.6119896810000001 -103.31970293996778 H3_noNV.txt NeighborSum 20.1
0.0 0.037444682969616894 -2.1739 1.058319156 -84.60987466627995 H3_noNV.txt NeighborSum 20.1
0.0 0.019092785214127217 -2.87977 0.667925035 -91.73697169125646 H3_noNV.txt NeighborSum 20.1
0.0 -0.03252759565658844 -4.21333 0.345201153 -116.93352693873821 H3_noNV.txt NeighborSum 20.1
0.0 0.004074320926391928 -3.98978 1.059536526 -100.65126038938307 H3_noNV.txt NeighborSum 20.1
0.0 0.029420198261336294 -2.81077 0.794924622 -86.74732350974247 H3_noNV.txt NeighborSum 20.1
0.0 -0.023661455577761947 -5.25553 0.70427318 -112.40634233622195 H3_noNV.txt NeighborSum 20.1
0.0 -0.04076137175852465 -3.3245199999999997 0.7509904279999999 -125.03023578992013 H3_noNV.txt NeighborSum 20.1
0.0 0.01612296974654287 -2.71549 0.921750244 -95.01295971561606 H3_noNV.txt NeighborSum 20.1
0.0 0.020757596133165718 -4.7866800000000005 0.731156107 -88.38004972568014 H3_noNV.txt NeighborSum 20.1
0.0 -0.043279956400183506 -5.0761 0.687332561 -123.55161359555272 H3_noNV.txt NeighborSum 20.1
0.0 -0.005060243302165424 -5.39295 1.128182407 -104.09724598046986 H3_noNV.txt NeighborSum 20.1
0.0 0.04319769203552348 -1.88965 0.6511415110000001 -79.59653474657166 H3_noNV.txt NeighborSum 20.1
0.0 0.029254721702103442 -3.8445 1.092719543 -86.95350008866892 H3_noNV.txt NeighborSum 20.1
0.0 0.0001246563559346714 -7.825239999999999 1.0124646659999998 -97.03813280862627 H3_noNV.txt NeighborSum 20.1
0.0 0.06568396824036744 -3.8010300000000004 1.0158724959999998 -66.21774415238708 H3_noNV.txt NeighborSum 20.1
0.0 0.09004068310054493 -2.0045900000000003 0.711453749 -53.54777519321977 H3_noNV.txt NeighborSum 20.1
0.0 0.0775838474093373 -3.6809 1.115958164 -60.276629491341694 H3_noNV.txt NeighborSum 20.1
0.0 0.11864731679420622 -0.25187 0.8231434940000001 -40.69205039030373 H3_noNV.txt NeighborSum 20.1
0.0 0.05328123612269253 -2.1976400000000003 1.4515260669999999 -77.84621660923113 H3_noNV.txt NeighborSum 20.1
0.0 0.04154439142709576 -2.86952 1.3122992070000001 -82.68298522534977 H3_noNV.txt NeighborSum 20.1
0.0 0.10721136531389185 -2.8608599999999997 0.912711905 -43.78863082771311 H3_noNV.txt NeighborSum 20.1
0.0 0.07184370677454213 -6.19442 1.516847775 -62.01252008444958 H3_noNV.txt NeighborSum 20.1
0.0 0.13283923156753039 -1.9631900000000002 0.97506998 -31.090880176980654 H3_noNV.txt NeighborSum 20.1
0.0 0.10783147349248133 -2.92345 0.620981734 -41.76946578537088 H3_noNV.txt NeighborSum 20.1
0.0 0.13833919293753671 0.7518199999999999 0.657617848 -30.234148869548722 H3_noNV.txt NeighborSum 20.1
0.0 0.09912043726411557 -1.6641599999999999 1.255474233 -51.910726565622184 H3_noNV.txt NeighborSum 20.1
0.0 0.05354486554717425 -4.2178 1.196279444 -73.38251972826647 H3_noNV.txt NeighborSum 20.1
0.0 0.0988619893817536 -0.67915 0.607995014 -49.97551380923752 H3_noNV.txt NeighborSum 20.1
0.0 0.08484479599361182 -1.10036 0.550428197 -56.89468269063138 H3_noNV.txt NeighborSum 20.1
0.0 0.012745808093091282 -5.2012 1.184196075 -94.71667731793951 H3_noNV.txt NeighborSum 20.1
0.0 0.04894751706667341 -2.74257 1.096636703 -77.55617773639322 H3_noNV.txt NeighborSum 20.1
0.0 0.093281279870087 -1.8952799999999999 0.40894099700000003 -50.253530780515284 H3_noNV.txt NeighborSum 20.1
0.0 0.0490714959676144 -3.32553 0.7294752990000001 -74.65031096015996 H3_noNV.txt NeighborSum 20.1
0.0 0.014881579340751572 -3.2298400000000003 1.268900122 -96.84261600659909 H3_noNV.txt NeighborSum 20.1
0.0 0.07623566037345621 -3.00248 0.702256702 -59.77327779481249 H3_noNV.txt NeighborSum 20.1
0.0 0.09791276726339779 -1.9705599999999999 0.87665334 -50.088194913149664 H3_noNV.txt NeighborSum 20.1
0.0 0.03876423523248282 -1.88963 1.150906151 -84.78612328331822 H3_noNV.txt NeighborSum 20.1
0.0 0.06105662786934536 -4.844530000000001 0.975306772 -67.07205063061583 H3_noNV.txt NeighborSum 20.1
0.0 0.11463698106017711 1.0777299999999999 0.923744322 -45.41130578742993 H3_noNV.txt NeighborSum 20.1
0.0 0.09371315901186414 -1.05014 0.83649241 -53.556341693133376 H3_noNV.txt NeighborSum 20.1
0.0 0.06237736968935455 -2.52051 1.09437991 -70.35224840716242 H3_noNV.txt NeighborSum 20.1
0.0 0.09321515569722383 -0.65501 0.708683209 -53.71577248496693 H3_noNV.txt NeighborSum 20.1
0.0 0.13478443108328797 -1.97508 0.593224647 -27.915443017374507 H3_noNV.txt NeighborSum 20.1
0.0 0.13611391052908206 -3.57439 0.857243788 -26.281065497179917 H3_noNV.txt NeighborSum 20.1
0.0 0.14696390311038532 -0.0055899999999999995 0.31878471 -22.472402683693982 H3_noNV.txt NeighborSum 20.1
0.0 0.15627904639945586 -2.62371 0.760981142 -15.85686722651175 H3_noNV.txt NeighborSum 20.1
0.0 0.15899527739619962 -0.21843 0.207246088 -14.827223128075849 H3_noNV.txt NeighborSum 20.1
0.0 0.12555223883431887 -0.9630200000000001 0.7796054790000001 -35.56036279697614 H3_noNV.txt NeighborSum 20.1
0.0 0.13385012597450757 -0.73868 0.25258880100000003 -28.38658501315519 H3_noNV.txt NeighborSum 20.1
0.0 0.09885119119112572 -5.45621 0.707217285 -43.58468461789216 H3_noNV.txt NeighborSum 20.1
0.0 0.12860527661692295 -3.1049599999999997 0.204689558 -27.626397971175813 H3_noNV.txt NeighborSum 20.1
0.0 0.08910873446225745 -4.12046 1.04134297 -52.78585592729276 H3_noNV.txt NeighborSum 20.1
0.0 0.1105438982452467 -2.06128 0.5950591829999999 -41.36292436470903 H3_noNV.txt NeighborSum 20.1
0.0 0.09619899111039984 -0.31143000000000004 0.9317708579999999 -53.75433849397661 H3_noNV.txt NeighborSum 20.1
0.0 0.09617104344845315 -4.28469 0.872256556 -47.6795096592508 H3_noNV.txt NeighborSum 20.1
0.0 0.0849558169916526 -1.25944 1.212739305 -60.19175690909898 H3_noNV.txt NeighborSum 20.1
0.0 0.12979456861040262 -4.81659 0.42695745700000004 -25.68108757074371 H3_noNV.txt NeighborSum 20.1
0.0 0.14488876151389138 -0.53857 0.092517369 -21.633236861604605 H3_noNV.txt NeighborSum 20.1
0.0 0.1443702053805411 -0.1696 0.26160591899999996 -23.3755548337587 H3_noNV.txt NeighborSum 20.1
0.0 0.10502141201298083 -1.14458 1.0051793470000001 -48.00661923082561 H3_noNV.txt NeighborSum 20.1
0.0 0.10277943576653636 -2.8054200000000002 0.6551623329999999 -44.952720171798724 H3_noNV.txt NeighborSum 20.1
0.0 0.13007596965698065 -0.35188 0.205533792 -30.804679601863786 H3_noNV.txt NeighborSum 20.1
0.0 0.11426507786745588 -1.76164 0.7570787259999999 -40.594131400637266 H3_noNV.txt NeighborSum 20.1
0.0 0.07659404949971578 -1.8778599999999999 1.355263093 -64.74502030065727 H3_noNV.txt NeighborSum 20.1
0.0 0.11817395901839114 -0.61363 0.48403432799999996 -38.59356510578102 H3_noNV.txt NeighborSum 20.1
1.0 0.13516825616839584 -4.75777 0.70281483 -24.2551880675956 H3_noNV.txt NeighborSum 20.1
1.0 0.14129401086641666 -1.2940200000000002 0.211964021 -23.195321825660592 H3_noNV.txt NeighborSum 20.1
0.0 0.12307151071429673 -1.45537 0.612367541 -35.32708023333416 H3_noNV.txt NeighborSum 20.1
0.0 0.12126022001723603 -3.89779 1.196666614 -35.96216701442265 H3_noNV.txt NeighborSum 20.1
1.0 0.13944885532752785 -2.7384 0.715100347 -24.858230227617717 H3_noNV.txt NeighborSum 20.1
1.0 0.13848143355266446 -3.62681 0.115711929 -20.86078430536983 H3_noNV.txt NeighborSum 20.1
0.0 0.12300286820050865 -1.29095 0.6905827440000001 -36.02814277966085 H3_noNV.txt NeighborSum 20.1
1.0 0.13441398734929902 -3.75295 1.196403002 -28.811414736266414 H3_noNV.txt NeighborSum 20.1
1.0 0.15123162170519655 -2.5434400000000004 0.483154326 -17.29145863401896 H3_noNV.txt NeighborSum 20.1
1.0 0.15813794500954315 0.51657 0.13067727199999998 -15.95883256255788 H3_noNV.txt NeighborSum 20.1
0.0 0.13696391039493722 -0.9336 0.943695555 -30.107663368548515 H3_noNV.txt NeighborSum 20.1
1.0 0.15934508011225063 -1.79045 0.958617728 -16.42233676727592 H3_noNV.txt NeighborSum 20.1
1.0 0.16597865207756846 -1.3240399999999999 0.262675306 -9.615476844550603 H3_noNV.txt NeighborSum 20.1
0.0 0.15566300100832525 0.18962 0.539623645 -19.085683769017788 H3_noNV.txt NeighborSum 20.1
0.0 0.1577005043301348 -2.26927 1.223431364 -18.082842952715772 H3_noNV.txt NeighborSum 20.1
1.0 0.18057324691612453 1.6089200000000001 0.8156641729999999 -8.704965870726078 H3_noNV.txt NeighborSum 20.1
0.0 0.18383718634957713 -0.31093000000000004 0.760532859 -3.792945796753254 H3_noNV.txt NeighborSum 20.1
1.0 0.18510258685613057 0.0206 0.854286305 -4.07442131781725 H3_noNV.txt NeighborSum 20.1
1.0 0.18181961238242803 0.38414 1.153800785 -8.062545970964058 H3_noNV.txt NeighborSum 20.1
1.0 0.16759974675862202 -0.37162 1.042818155 -14.319908858175403 H3_noNV.txt NeighborSum 20.1
0.0 0.1879100119321591 -1.01975 0.812858912 -0.768850034433681 H3_noNV.txt NeighborSum 20.1
0.0 0.1522529870272861 -3.4985699999999995 1.048833101 -18.39978470035632 H3_noNV.txt NeighborSum 20.1
0.0 0.18727839427574922 2.34185 1.118867783 -7.660927770179996 H3_noNV.txt NeighborSum 20.1
0.0 0.16280250276802233 1.81148 1.004286968 -19.964264040204757 H3_noNV.txt NeighborSum 20.1
0.0 0.13295707933169715 -0.8239299999999999 0.864627887 -32.080111279777334 H3_noNV.txt NeighborSum 20.1
0.0 0.09721305838475691 -2.21698 1.6828666230000002 -54.492122649143795 H3_noNV.txt NeighborSum 20.1
0.0 0.13842646513969625 -0.0665 0.973980498 -30.712263995357954 H3_noNV.txt NeighborSum 20.1
0.0 0.1353583432488366 -1.59397 1.019964963 -30.460770826427815 H3_noNV.txt NeighborSum 20.1
0.0 0.16745736422345422 -0.5896 1.080741775 -14.288706111372996 H3_noNV.txt NeighborSum 20.1
0.0 0.15822339659583554 -1.4661799999999998 1.0264390540000001 -17.8882882135278 H3_noNV.txt NeighborSum 20.1
0.0 0.1832984958899758 -0.25813 0.7831203390000001 -4.293431010790668 H3_noNV.txt NeighborSum 20.1
0.0 0.1782911593059556 -1.41549 0.87491363 -5.912524746194835 H3_noNV.txt NeighborSum 20.1
0.0 0.17645404599356002 1.21723 1.273974642 -12.925386949467816 H3_noNV.txt NeighborSum 20.1
0.0 0.14964717316263138 -2.39566 0.698662507 -19.560674776340996 H3_noNV.txt NeighborSum 20.1
0.0 0.15573120814840719 -0.9435100000000001 0.806137062 -18.847252948076438 H3_noNV.txt NeighborSum 20.1
0.0 0.12448079880027532 -2.80478 0.999791515 -34.6797498635818 H3_noNV.txt NeighborSum 20.1
0.0 0.10186124116368848 0.05205 0.7230108690000001 -49.982336845271526 H3_noNV.txt NeighborSum 20.1
0.0 0.12655101608463182 -2.4725599999999996 0.9134051999999999 -33.53546365676311 H3_noNV.txt NeighborSum 20.1
0.0 0.1173184195883464 -4.09892 1.177075753 -37.76945087394538 H3_noNV.txt NeighborSum 20.1
0.0 0.06344771135250009 -5.40796 0.866090372 -64.32429755617697 H3_noNV.txt NeighborSum 20.1
0.0 0.08090217504658867 -5.7612 1.040738514 -54.992367747158895 H3_noNV.txt NeighborSum 20.1
0.0 0.10785924641793013 -3.20132 0.883922457 -42.77584724620252 H3_noNV.txt NeighborSum 20.1
0.0 0.07065736482436849 -3.8035400000000004 1.192942461 -64.39129118900837 H3_noNV.txt NeighborSum 20.1
0.0 0.032733140191063576 -4.44307 0.598159525 -81.45757420882228 H3_noNV.txt NeighborSum 20.1
0.0 0.08230266583500194 -4.42333 1.063868523 -56.27631207867847 H3_noNV.txt NeighborSum 20.1
0.0 0.10083608884564027 -1.5268700000000002 1.0201036940000001 -49.874263533181896 H3_noNV.txt NeighborSum 20.1
0.0 0.047874212530462756 -2.32609 0.43627146899999997 -75.18171251672726 H3_noNV.txt NeighborSum 20.1
0.0 0.05767297514430897 -1.1089200000000001 0.535295504 -72.00296604131815 H3_noNV.txt NeighborSum 20.1
0.0 0.11010765793754476 -1.28695 1.043296385 -45.160788036076816 H3_noNV.txt NeighborSum 20.1
0.0 0.1007740598550189 -3.8285699999999996 0.716735645 -44.92322367183273 H3_noNV.txt NeighborSum 20.1
0.0 0.057873003324764694 -5.14881 0.332333688 -64.92628770236733 H3_noNV.txt NeighborSum 20.1
0.0 0.09854106844185906 -1.62541 0.984743405 -50.8236147506038 H3_noNV.txt NeighborSum 20.1
0.0 0.12624633029270604 -1.3047799999999998 0.8276413579999999 -34.93627642225006 H3_noNV.txt NeighborSum 20.1
0.0 0.0987496870392091 -2.9336900000000004 0.7526299479999999 -47.54950711405027 H3_noNV.txt NeighborSum 20.1
0.0 0.08841090163035731 -2.75751 0.7607216170000001 -53.633714089715745 H3_noNV.txt NeighborSum 20.1
0.0 0.13165022053917672 -1.34156 0.993678795 -32.75940896829116 H3_noNV.txt NeighborSum 20.1
0.0 0.13418058429690777 -2.12549 0.800457834 -29.15827980850867 H3_noNV.txt NeighborSum 20.1
0.0 0.1020306899239774 -3.61401 0.704684042 -44.466277756843326 H3_noNV.txt NeighborSum 20.1
0.0 0.11869223149824645 -2.19707 1.140684827 -39.56439592479912 H3_noNV.txt NeighborSum 20.1
0.0 0.1454295926881782 0.8555200000000001 0.70700435 -26.685285615586675 H3_noNV.txt NeighborSum 20.1
0.0 0.13453041137822913 -1.46995 1.090830856 -31.488173549579294 H3_noNV.txt NeighborSum 20.1
0.0 0.11267214707770705 -4.861619999999999 1.013050303 -38.37275330669588 H3_noNV.txt NeighborSum 20.1
0.0 0.13024530022320183 -4.153519999999999 0.997334168 -29.483243476836286 H3_noNV.txt NeighborSum 20.1
0.0 0.14138576730572625 -1.95822 0.7009037090000001 -24.830130215148063 H3_noNV.txt NeighborSum 20.1
0.0 0.12116277632032016 -0.48431 1.057297943 -40.21647220230186 H3_noNV.txt NeighborSum 20.1
0.0 0.11172600707342484 -0.54065 0.801095412 -44.02582262946874 H3_noNV.txt NeighborSum 20.1
0.0 0.132503341537725 -2.17009 1.4141199830000002 -33.35837516772733 H3_noNV.txt NeighborSum 20.1
0.0 0.13397863690048153 -0.71104 1.320760203 -34.144935060054394 H3_noNV.txt NeighborSum 20.1
0.0 0.10340624484426326 -3.9596199999999997 1.0783360370000001 -45.220355246458894 H3_noNV.txt NeighborSum 20.1
0.0 0.11388576330507623 -1.45186 1.5271394930000002 -45.43024789614259 H3_noNV.txt NeighborSum 20.1
0.0 0.12069587193633044 -2.32088 0.995512046 -37.47669680140237 H3_noNV.txt NeighborSum 20.1
0.0 0.10347777146817981 -7.530530000000001 0.809259689 -38.53799790942689 H3_noNV.txt NeighborSum 20.1
0.0 0.09328173049694144 -2.7305200000000003 0.661070452 -50.40747829623008 H3_noNV.txt NeighborSum 20.1
0.0 0.10926847861526665 -4.30751 1.286137987 -42.561802420348 H3_noNV.txt NeighborSum 20.1
0.0 0.11402091535441354 -1.7258099999999998 1.206935439 -43.22124719984691 H3_noNV.txt NeighborSum 20.1
0.0 0.08823196867099523 -1.18195 0.629992918 -55.31239324067014 H3_noNV.txt NeighborSum 20.1
0.0 0.09355130354988381 -2.64982 0.537023876 -49.701394235507735 H3_noNV.txt NeighborSum 20.1
0.0 0.10854274755600912 -3.12395 1.163806547 -44.02288071492542 H3_noNV.txt NeighborSum 20.1
0.0 0.101167775757834 -3.5175300000000003 1.138946126 -47.443099043803784 H3_noNV.txt NeighborSum 20.1
0.0 0.08580653637273018 -3.43685 0.433889401 -52.333062701128924 H3_noNV.txt NeighborSum 20.1
0.0 0.11026306425483 -1.85087 0.7531584729999999 -42.68249071871619 H3_noNV.txt NeighborSum 20.1
0.0 0.11103455657322053 -3.3003400000000003 1.307695958 -43.15261065858484 H3_noNV.txt NeighborSum 20.1
0.0 0.10269169062084985 -1.8385200000000002 0.821615474 -47.30770932179997 H3_noNV.txt NeighborSum 20.1
0.0 0.10865690809636587 -2.82625 0.867244679 -42.78362682667464 H3_noNV.txt NeighborSum 20.1
0.0 0.125339916764094 -0.9902200000000001 1.13120506 -37.54555252633433 H3_noNV.txt NeighborSum 20.1
0.0 0.11462308595445964 -6.0986400000000005 0.951889434 -35.15392213696694 H3_noNV.txt NeighborSum 20.1
0.0 0.1285906985498433 5.26967 0.8255073890000001 -43.156958140632895 H3_noNV.txt NeighborSum 20.1
0.0 0.14279019206907256 3.39804 0.793110125 -32.31968533197897 H3_noNV.txt NeighborSum 20.1
0.0 0.1355619410376579 -3.83505 1.031493409 -27.15603945381074 H3_noNV.txt NeighborSum 20.1
0.0 0.12484114863835832 -2.42327 0.864759332 -34.30000414588327 H3_noNV.txt NeighborSum 20.1
0.0 0.13103943176276953 -4.7131300000000005 0.61270284 -26.141622783668456 H3_noNV.txt NeighborSum 20.1
0.0 0.11184956455591312 -4.36946 0.884873647 -38.85265112737953 H3_noNV.txt NeighborSum 20.1
0.0 0.1346252559331231 -0.29921 0.640065215 -30.691216313516705 H3_noNV.txt NeighborSum 20.1
0.0 0.11554761508883546 -1.95715 0.851685847 -40.105558112582514 H3_noNV.txt NeighborSum 20.1
0.0 0.1406423444861499 -2.09951 0.34808929299999997 -23.128506395718173 H3_noNV.txt NeighborSum 20.1
0.0 0.11498380591188236 -2.1375599999999997 0.862810622 -40.21941865297176 H3_noNV.txt NeighborSum 20.1
0.0 0.13033660359605903 -0.64753 0.592361004 -32.32650264957386 H3_noNV.txt NeighborSum 20.1
0.0 0.11647734383981959 -5.0457 0.8720874359999999 -35.212404615357755 H3_noNV.txt NeighborSum 20.1
0.0 0.1338382569548077 -2.3073599999999996 0.212941744 -25.901109232311274 H3_noNV.txt NeighborSum 20.1
0.0 0.12787391483867155 -3.20706 1.0463594459999999 -32.44973666478786 H3_noNV.txt NeighborSum 20.1
0.0 0.14662514412753277 -4.24697 0.561512033 -17.820582684503275 H3_noNV.txt NeighborSum 20.1
0.0 0.14572882757789513 -4.26129 0.924414753 -20.268437234326704 H3_noNV.txt NeighborSum 20.1
0.0 0.1533163115802165 -1.3301399999999999 0.8471421929999999 -19.859409992466244 H3_noNV.txt NeighborSum 20.1
0.0 0.1372770116203322 -0.00773 1.19843548 -32.65738261996099 H3_noNV.txt NeighborSum 20.1
0.0 0.14959020501957598 -4.685919999999999 0.445627454 -14.896245416638337 H3_noNV.txt NeighborSum 20.1
0.0 0.1540019399991291 -2.16794 0.155453728 -14.51022368127192 H3_noNV.txt NeighborSum 20.1
0.0 0.1565387796444148 0.10503 0.29890498 -17.16804627505222 H3_noNV.txt NeighborSum 20.1
0.0 0.14126424743755756 -1.88707 0.885523229 -26.00215565418257 H3_noNV.txt NeighborSum 20.1
0.0 0.1358253734122645 -2.67076 0.6936568209999999 -26.86753646400052 H3_noNV.txt NeighborSum 20.1
0.0 0.15041573620728088 -0.33149 0.530187444 -21.213918900825504 H3_noNV.txt NeighborSum 20.1
0.0 0.15094862747941035 -3.02644 0.883519866 -18.91885918003868 H3_noNV.txt NeighborSum 20.1
0.0 0.1287004044618672 -4.0757 1.387089416 -32.57329423079305 H3_noNV.txt NeighborSum 20.1
1.0 0.1391691634809129 -1.53205 0.778761919 -27.111024865595166 H3_noNV.txt NeighborSum 20.1
1.0 0.13789600064634122 -4.91755 0.859310583 -23.34535737409733 H3_noNV.txt NeighborSum 20.1
1.0 0.1432225718252561 -1.27514 0.29777400800000003 -22.608833590875335 H3_noNV.txt NeighborSum 20.1
0.0 0.12348198013092236 -1.29311 0.63965973 -35.48090900056105 H3_noNV.txt NeighborSum 20.1
0.0 0.12216888606598278 -3.85198 1.182778761 -35.444985408171775 H3_noNV.txt NeighborSum 20.1
1.0 0.14161345239957365 -2.85527 0.8045728990000001 -23.96246796835692 H3_noNV.txt NeighborSum 20.1
1.0 0.14034554298126495 -3.44489 0.209785592 -20.59183130229485 H3_noNV.txt NeighborSum 20.1
0.0 0.12425984285626329 -1.2597200000000002 0.7107326540000001 -35.479420868910196 H3_noNV.txt NeighborSum 20.1
1.0 0.13592989309800815 -3.69254 1.229652285 -28.231186059549245 H3_noNV.txt NeighborSum 20.1
1.0 0.15269003983359358 -2.40279 0.546764592 -17.024451202935857 H3_noNV.txt NeighborSum 20.1
1.0 0.16037416971964125 0.43991 0.148827361 -14.694755585689942 H3_noNV.txt NeighborSum 20.1
0.0 0.13962856566457682 -1.08336 0.9882842629999999 -28.641073908443293 H3_noNV.txt NeighborSum 20.1
1.0 0.16083975353123975 -1.6756 0.97372298 -15.834665071440584 H3_noNV.txt NeighborSum 20.1
1.0 0.16706066095718722 -1.69697 0.267811892 -8.496560789669426 H3_noNV.txt NeighborSum 20.1
0.0 0.15860601772850588 -0.40057 0.525778473 -16.507244373162692 H3_noNV.txt NeighborSum 20.1
0.0 0.1599166927158471 -1.98033 1.253416225 -17.424858491550758 H3_noNV.txt NeighborSum 20.1
1.0 0.1810331357106293 1.59349 0.812587298 -8.408578555072841 H3_noNV.txt NeighborSum 20.1
0.0 0.18394459019686016 -0.21564 0.750926705 -3.8191114677867426 H3_noNV.txt NeighborSum 20.1
1.0 0.1862654233349266 -0.03585 0.896655797 -3.5715310799185027 H3_noNV.txt NeighborSum 20.1
1.0 0.17970584481628535 0.38713000000000003 1.164038449 -9.305041784034037 H3_noNV.txt NeighborSum 20.1
1.0 0.17037931857544 -0.38731 1.014292453 -12.587324695269935 H3_noNV.txt NeighborSum 20.1
0.0 0.18591918062772678 -1.57996 0.823902963 -1.129353068325773 H3_noNV.txt NeighborSum 20.1
0.0 0.14924263061363968 -4.22743 1.050005639 -19.03238227884233 H3_noNV.txt NeighborSum 20.1
0.0 0.18488639875569254 2.68302 1.118057678 -9.49013344631489 H3_noNV.txt NeighborSum 20.1
0.0 0.1597978297783638 2.00924 1.024392338 -22.04145549865052 H3_noNV.txt NeighborSum 20.1
0.0 0.1335929133061559 -0.8249700000000001 0.811640813 -31.435628346434317 H3_noNV.txt NeighborSum 20.1
0.0 0.09651982224814867 -2.29809 1.672334066 -54.70515320481484 H3_noNV.txt NeighborSum 20.1
0.0 0.1370043757442028 -0.11523 0.990691291 -31.527771079402346 H3_noNV.txt NeighborSum 20.1
0.0 0.13205459895290003 -1.85847 1.0209793870000001 -31.93076047934604 H3_noNV.txt NeighborSum 20.1
0.0 0.16570800924976167 -0.5931 1.0557956370000001 -15.127173081328122 H3_noNV.txt NeighborSum 20.1
0.0 0.15771350161179049 -1.40486 1.066198821 -18.478114549662358 H3_noNV.txt NeighborSum 20.1
0.0 0.18308048695513005 -0.24761999999999998 0.778543834 -4.405857501620224 H3_noNV.txt NeighborSum 20.1
0.0 0.1782760265603555 -1.41029 0.8479862979999999 -5.782578005579081 H3_noNV.txt NeighborSum 20.1
0.0 0.17569540440701958 1.12562 1.275809547 -13.226808614862072 H3_noNV.txt NeighborSum 20.1
0.0 0.14994889847015505 -2.33122 0.741038623 -19.71510783675777 H3_noNV.txt NeighborSum 20.1
0.0 0.15548470596199968 -0.92338 0.764726784 -18.789925495484194 H3_noNV.txt NeighborSum 20.1
0.0 0.1238258702215145 -2.8022 0.9437829759999999 -34.7463304225622 H3_noNV.txt NeighborSum 20.1
0.0 0.10144500256335197 -0.01974 0.714746749 -50.06621206873771 H3_noNV.txt NeighborSum 20.1
0.0 0.1258827804558047 -2.48348 0.930253372 -33.984818990110526 H3_noNV.txt NeighborSum 20.1
0.0 0.11718770079404625 -4.05156 1.256053567 -38.33944664957379 H3_noNV.txt NeighborSum 20.1
0.0 0.06250222211611979 -5.37611 0.835810015 -64.7354004422611 H3_noNV.txt NeighborSum 20.1
0.0 0.07922620905091383 -5.67761 1.083273344 -56.28198647725436 H3_noNV.txt NeighborSum 20.1
0.0 0.10635890365091535 -3.1579900000000003 0.886397964 -43.69161436673793 H3_noNV.txt NeighborSum 20.1
0.0 0.07033888460215987 -4.5826 1.218344686 -63.57623928946235 H3_noNV.txt NeighborSum 20.1
0.0 0.032018714880525295 -4.29972 0.617600794 -82.17077812162236 H3_noNV.txt NeighborSum 20.1
0.0 0.07907754276388357 -4.19526 1.0464075000000002 -58.31721399009684 H3_noNV.txt NeighborSum 20.1
0.0 0.10000192919645381 -1.7094799999999999 1.026717248 -50.11173900723106 H3_noNV.txt NeighborSum 20.1
0.0 0.05120549962356355 -2.48409 0.518199171 -73.53257792829527 H3_noNV.txt NeighborSum 20.1
0.0 0.051649308567777746 -2.68823 0.539287956 -73.1022350352408 H3_noNV.txt NeighborSum 20.1
0.0 0.10583944108849 -1.20313 1.023206693 -47.561652550614085 H3_noNV.txt NeighborSum 20.1
0.0 0.09743194413245396 -4.346509999999999 0.728241107 -46.1036387329122 H3_noNV.txt NeighborSum 20.1
0.0 0.054068662398923384 -4.60651 0.328855717 -67.82321901170317 H3_noNV.txt NeighborSum 20.1
0.0 0.0952023378248198 -1.7083 0.974385705 -52.51517346356797 H3_noNV.txt NeighborSum 20.1
0.0 0.12226677440851941 -1.49109 0.8434824320000001 -36.97826064560486 H3_noNV.txt NeighborSum 20.1
0.0 0.09384181733284945 -3.0420700000000003 0.746764275 -50.106351566170396 H3_noNV.txt NeighborSum 20.1
0.0 0.08742262175262874 -2.69687 0.741876229 -54.17253645943904 H3_noNV.txt NeighborSum 20.1
0.0 0.12938501882978282 -1.18715 0.8737419359999999 -33.60082082601824 H3_noNV.txt NeighborSum 20.1
0.0 0.13152576577022634 -2.17792 0.715975754 -30.109606456399103 H3_noNV.txt NeighborSum 20.1
0.0 0.09933666280335607 -3.7977199999999995 0.676692141 -45.55517709624632 H3_noNV.txt NeighborSum 20.1
0.0 0.12034894708586857 -2.1581 1.149109632 -38.73969627090576 H3_noNV.txt NeighborSum 20.1
0.0 0.14584442987768503 0.9376 0.6639633770000001 -26.33902786420017 H3_noNV.txt NeighborSum 20.1
0.0 0.13365279024129956 -1.41486 1.038341646 -31.774655511711394 H3_noNV.txt NeighborSum 20.1
0.0 0.11281150390238828 -4.72697 1.00931652 -38.47001066253734 H3_noNV.txt NeighborSum 20.1
0.0 0.13187307588782055 -3.45534 1.009611947 -29.65257665646788 H3_noNV.txt NeighborSum 20.1
0.0 0.1413656782575371 -2.04081 0.652709931 -24.46023756736164 H3_noNV.txt NeighborSum 20.1
0.0 0.12110229741462036 -0.57995 1.057207112 -40.1109803002734 H3_noNV.txt NeighborSum 20.1
0.0 0.11234885478379028 -0.6097100000000001 0.796349185 -43.55135722445968 H3_noNV.txt NeighborSum 20.1
0.0 0.13306467145399498 -2.2187099999999997 1.425720087 -33.03660823643604 H3_noNV.txt NeighborSum 20.1
0.0 0.1342058951530806 -0.68489 1.324051971 -34.07358772098304 H3_noNV.txt NeighborSum 20.1
0.0 0.10230610916053762 -4.02353 0.931263958 -44.94589046207151 H3_noNV.txt NeighborSum 20.1
0.0 0.11432601705343867 -1.3895600000000001 1.5338730409999999 -45.31086314038106 H3_noNV.txt NeighborSum 20.1
0.0 0.1209718347633843 -2.19767 1.003082454 -37.542190950240084 H3_noNV.txt NeighborSum 20.1
0.0 0.10205762349648187 -8.06823 0.678620048 -37.84386812352708 H3_noNV.txt NeighborSum 20.1
0.0 0.09404021965524854 -2.65016 0.75855219 -50.62816626777366 H3_noNV.txt NeighborSum 20.1
0.0 0.11002630750882678 -4.22106 1.338682007 -42.548111158739886 H3_noNV.txt NeighborSum 20.1
0.0 0.11382437775105955 -1.6193600000000001 1.177513617 -43.3262571358667 H3_noNV.txt NeighborSum 20.1
0.0 0.08808290378122963 -1.26789 0.609733531 -55.161221092341954 H3_noNV.txt NeighborSum 20.1
0.0 0.09470741179631198 -2.69164 0.57155383 -49.18101141466729 H3_noNV.txt NeighborSum 20.1
0.0 0.11048986608285206 -3.23685 1.200862802 -42.970433967154875 H3_noNV.txt NeighborSum 20.1
0.0 0.10199771910006625 -3.79799 1.102180344 -46.37231464133934 H3_noNV.txt NeighborSum 20.1
0.0 0.08731314288656733 -3.5886099999999996 0.423707349 -51.214612321331664 H3_noNV.txt NeighborSum 20.1
0.0 0.11321703996901986 -1.7895599999999998 0.7980664409999999 -41.36215993789645 H3_noNV.txt NeighborSum 20.1
0.0 0.11424277376607009 -3.24208 1.225768266 -40.998078020886574 H3_noNV.txt NeighborSum 20.1
0.0 0.10506471723406333 -1.48119 0.760830503 -46.169226175364976 H3_noNV.txt NeighborSum 20.1
0.0 0.11236415541947559 -2.1564400000000004 0.8695110229999999 -41.6940357958095 H3_noNV.txt NeighborSum 20.1
0.0 0.1291762624067681 -1.13286 1.161003485 -35.3535615178013 H3_noNV.txt NeighborSum 20.1
0.0 0.118992799302474 -6.61769 1.014349233 -32.29413092449135 H3_noNV.txt NeighborSum 20.1
0.0 0.13343225392582295 4.8735800000000005 0.973275298 -40.67408786259278 H3_noNV.txt NeighborSum 20.1
0.0 0.1434047916206216 3.60952 0.825378865 -32.45772959067689 H3_noNV.txt NeighborSum 20.1
0.0 0.13876273726883315 -4.30213 1.012759628 -24.585587346612844 H3_noNV.txt NeighborSum 20.1
0.0 0.12874012973803595 -2.1326400000000003 0.84322232 -32.42366464974689 H3_noNV.txt NeighborSum 20.1
0.0 0.13487518619406472 -3.6939699999999998 0.779412834 -26.378655457492442 H3_noNV.txt NeighborSum 20.1
0.0 0.11398563889270467 -4.22694 0.930594875 -38.11223778204143 H3_noNV.txt NeighborSum 20.1
0.0 0.1367798357798065 0.17248 0.379967836 -28.76057542735457 H3_noNV.txt NeighborSum 20.1
0.0 0.11694202777736262 -2.5862 0.814016394 -38.20801484875008 H3_noNV.txt NeighborSum 20.1
0.0 0.1423377691165823 -2.2570099999999997 0.316414832 -21.779577251157356 H3_noNV.txt NeighborSum 20.1
0.0 0.11637477836870447 -2.00232 0.9334386459999999 -40.02033424678009 H3_noNV.txt NeighborSum 20.1
0.0 0.13310616823411076 0.33482 0.309571582 -30.67008078826655 H3_noNV.txt NeighborSum 20.1
0.0 0.1208896017715017 -4.48065 0.879706311 -33.605294414352564 H3_noNV.txt NeighborSum 20.1
0.0 0.13985581173064304 -2.32292 0.53804943 -24.27395450537054 H3_noNV.txt NeighborSum 20.1
0.0 0.13203627380291777 -2.62324 1.011120086 -30.77737645846649 H3_noNV.txt NeighborSum 20.1
0.0 0.14829227411455786 -4.3788800000000005 0.543627628 -16.59938309396692 H3_noNV.txt NeighborSum 20.1
0.0 0.14656704847792199 -4.3021 0.9234685020000001 -19.735077527099502 H3_noNV.txt NeighborSum 20.1
0.0 0.1534401441821134 -2.28167 0.8827119109999999 -18.601626736696648 H3_noNV.txt NeighborSum 20.1
0.0 0.14040867734435478 -0.03752 1.186875898 -30.799298542683477 H3_noNV.txt NeighborSum 20.1
0.0 0.152052032484431 -3.83055 0.442003714 -14.74091568290897 H3_noNV.txt NeighborSum 20.1
0.0 0.1572856823947926 -2.5259400000000003 0.120918225 -11.966056256015925 H3_noNV.txt NeighborSum 20.1
0.0 0.1580592575237456 0.16462000000000002 0.22126522899999998 -15.982984178842969 H3_noNV.txt NeighborSum 20.1
0.0 0.14466064525877265 -1.59538 0.975002954 -25.010329350827103 H3_noNV.txt NeighborSum 20.1
0.0 0.14175045385769042 -1.68294 0.657951648 -24.79287654673932 H3_noNV.txt NeighborSum 20.1
0.0 0.15009498986278308 -0.04791 0.203960544 -20.036697273963874 H3_noNV.txt NeighborSum 20.1
0.0 0.15119381477175756 -2.99001 0.731130699 -18.00851980815454 H3_noNV.txt NeighborSum 20.1
0.0 0.13168995142520637 -4.42836 1.3740866790000001 -30.318202673372223 H3_noNV.txt NeighborSum 20.1
1.0 0.13894650495782396 -0.8973899999999999 0.575827981 -27.05689668468119 H3_noNV.txt NeighborSum 20.1
1.0 0.13638596301402653 -4.93666 0.784631442 -23.757682166170408 H3_noNV.txt NeighborSum 20.1
1.0 0.14361121340958516 -1.3856899999999999 0.404721355 -22.810623634483342 H3_noNV.txt NeighborSum 20.1
0.0 0.1234806908436202 -1.3856899999999999 0.605313959 -35.161060115987 H3_noNV.txt NeighborSum 20.1
0.0 0.12150706030634909 -3.73593 1.121181829 -35.649853531952154 H3_noNV.txt NeighborSum 20.1
1.0 0.14133562126265928 -2.7641400000000003 0.866287947 -24.584738738806543 H3_noNV.txt NeighborSum 20.1
1.0 0.1398901227167155 -3.6781099999999998 0.22578184199999998 -20.59479144550989 H3_noNV.txt NeighborSum 20.1
0.0 0.12320303638965588 -1.3673600000000001 0.65672676 -35.621706108238016 H3_noNV.txt NeighborSum 20.1
1.0 0.13475427695677505 -3.60129 1.183858458 -28.773182740166362 H3_noNV.txt NeighborSum 20.1
1.0 0.15220404458544967 -2.4070400000000003 0.617009927 -17.670969562890534 H3_noNV.txt NeighborSum 20.1
1.0 0.15991551255447387 0.27874 0.207435725 -15.035102772953755 H3_noNV.txt NeighborSum 20.1
0.0 0.13754858814716353 -1.11469 0.94038325 -29.499696321548555 H3_noNV.txt NeighborSum 20.1
1.0 0.15905941050004935 -1.75142 1.022230688 -16.983649004147612 H3_noNV.txt NeighborSum 20.1
1.0 0.16661106612043172 -1.72343 0.334850427 -9.073088613138033 H3_noNV.txt NeighborSum 20.1
0.0 0.15705614686166852 -0.40095 0.494418865 -17.203863585852602 H3_noNV.txt NeighborSum 20.1
0.0 0.15748580314089713 -1.84978 1.23377934 -18.868022381010668 H3_noNV.txt NeighborSum 20.1
1.0 0.1797767057038129 1.5278 0.8621375929999999 -9.284788005834262 H3_noNV.txt NeighborSum 20.1
0.0 0.1832546443620111 -0.30784 0.770149767 -4.175495328337267 H3_noNV.txt NeighborSum 20.1
1.0 0.18579831211968098 -0.06145 0.858298918 -3.587801603110232 H3_noNV.txt NeighborSum 20.1
1.0 0.17734755323599632 0.37206 1.183739322 -10.709428815113043 H3_noNV.txt NeighborSum 20.1
1.0 0.16854424027128623 -0.35841999999999996 1.040113198 -13.795960677054294 H3_noNV.txt NeighborSum 20.1
0.0 0.18382354977878498 -1.58404 0.8189936999999999 -2.269332602424187 H3_noNV.txt NeighborSum 20.1
0.0 0.14451452029696815 -4.24126 1.058076775 -21.70145191155821 H3_noNV.txt NeighborSum 20.1
0.0 0.1836767226800034 2.8491299999999997 1.126303504 -10.452786069520032 H3_noNV.txt NeighborSum 20.1
0.0 0.1598523305920924 2.11652 1.033761289 -22.217482568238786 H3_noNV.txt NeighborSum 20.1
0.0 0.12872475233624556 -1.02019 0.857445172 -34.12427507676099 H3_noNV.txt NeighborSum 20.1
0.0 0.09375321095157868 -2.07897 1.6740213959999999 -56.580319106791855 H3_noNV.txt NeighborSum 20.1
0.0 0.1364478344054851 -0.12717 0.9735018520000001 -31.728648104615974 H3_noNV.txt NeighborSum 20.1
0.0 0.131610876656822 -1.49308 1.022611663 -32.718298435265496 H3_noNV.txt NeighborSum 20.1
0.0 0.1654701776820878 -0.6406 1.0664444290000001 -15.249009253110877 H3_noNV.txt NeighborSum 20.1
0.0 0.1568509763481436 -1.38762 1.044997612 -18.87080429122922 H3_noNV.txt NeighborSum 20.1
0.0 0.18324983950290388 -0.21591999999999997 0.79112984 -4.425345727135399 H3_noNV.txt NeighborSum 20.1
0.0 0.1783007081807169 -1.3971 0.8603976329999999 -5.855192935521349 H3_noNV.txt NeighborSum 20.1
0.0 0.17562229233446655 1.17292 1.256955553 -13.234179162221714 H3_noNV.txt NeighborSum 20.1
0.0 0.14948625941217905 -2.3749599999999997 0.706950877 -19.725684131897623 H3_noNV.txt NeighborSum 20.1
0.0 0.15541293478433418 -0.94216 0.7970421679999999 -18.977988101298777 H3_noNV.txt NeighborSum 20.1
0.0 0.12413418128736432 -2.8370599999999997 0.973929637 -34.68663692564351 H3_noNV.txt NeighborSum 20.1
0.0 0.101337920968013 -0.054279999999999995 0.6942547309999999 -49.96490494739205 H3_noNV.txt NeighborSum 20.1
0.0 0.125298410018032 -2.36904 0.8917984790000001 -34.26945707635185 H3_noNV.txt NeighborSum 20.1
0.0 0.1181930638596682 -4.07135 1.261879668 -37.77979456523224 H3_noNV.txt NeighborSum 20.1
0.0 0.0632332764576449 -5.44984 0.8205623940000001 -64.13668987330992 H3_noNV.txt NeighborSum 20.1
0.0 0.07874254829641605 -5.64414 1.040108166 -56.367202822590336 H3_noNV.txt NeighborSum 20.1
0.0 0.10652653408010705 -3.2017 0.869979244 -43.445372713353805 H3_noNV.txt NeighborSum 20.1
0.0 0.07162921532718583 -4.05429 1.179757521 -63.41206057892458 H3_noNV.txt NeighborSum 20.1
0.0 0.0320681613495655 -4.4285 0.601591722 -81.86938781339715 H3_noNV.txt NeighborSum 20.1
0.0 0.07892956886125488 -4.51222 1.083122381 -58.138901244949466 H3_noNV.txt NeighborSum 20.1
0.0 0.10016689501524159 -1.34928 1.006637211 -50.43348573248949 H3_noNV.txt NeighborSum 20.1
0.0 0.0506370123749888 -2.1003 0.432581259 -73.94368484858468 H3_noNV.txt NeighborSum 20.1
0.0 0.05135984112765965 -2.9068099999999997 0.6119896810000001 -73.34097399635874 H3_noNV.txt NeighborSum 20.1
0.0 0.10538387160472416 -1.3563 1.058319156 -47.784523684203045 H3_noNV.txt NeighborSum 20.1
0.0 0.09758826672038302 -4.40102 0.667925035 -45.610095905494575 H3_noNV.txt NeighborSum 20.1
0.0 0.05477216699508414 -5.025519999999999 0.345201153 -66.90994327318965 H3_noNV.txt NeighborSum 20.1
0.0 0.09277808367492128 -2.1089700000000002 1.059536526 -53.75148072198364 H3_noNV.txt NeighborSum 20.1
0.0 0.12094014757177622 -1.4231200000000002 0.794924622 -37.55597106847326 H3_noNV.txt NeighborSum 20.1
0.0 0.09505597576972681 -3.032 0.70427318 -49.21131642140491 H3_noNV.txt NeighborSum 20.1
0.0 0.08457696328730888 -2.54882 0.7509904279999999 -56.02901743968987 H3_noNV.txt NeighborSum 20.1
0.0 0.1257129329843317 -1.28902 0.921750244 -35.767719061663286 H3_noNV.txt NeighborSum 20.1
0.0 0.1299092231642502 -2.18418 0.731156107 -31.08726738308444 H3_noNV.txt NeighborSum 20.1
0.0 0.09851239146887919 -3.592 0.687332561 -46.37267507274471 H3_noNV.txt NeighborSum 20.1
0.0 0.11576224930990371 -1.8847099999999999 1.128182407 -41.58940524507692 H3_noNV.txt NeighborSum 20.1
0.0 0.14085551977030206 -0.42065 0.6511415110000001 -27.08910916230161 H3_noNV.txt NeighborSum 20.1
0.0 0.13257315875148054 -1.87732 1.092719543 -32.00213488252613 H3_noNV.txt NeighborSum 20.1
0.0 0.11171179248893322 -4.76208 1.0124646659999998 -39.05140011291189 H3_noNV.txt NeighborSum 20.1
0.0 0.12966511994933339 -3.6391699999999996 1.0158724959999998 -30.655011883506102 H3_noNV.txt NeighborSum 20.1
0.0 0.1401836817184252 -2.12472 0.711453749 -25.318186175944174 H3_noNV.txt NeighborSum 20.1
0.0 0.12040628135366986 -0.5032 1.115958164 -40.93028549100238 H3_noNV.txt NeighborSum 20.1
0.0 0.11129152936196432 -0.50472 0.8231434940000001 -44.4405868779049 H3_noNV.txt NeighborSum 20.1
0.0 0.13207704710192245 -2.2966599999999997 1.4515260669999999 -33.61591402143215 H3_noNV.txt NeighborSum 20.1
0.0 0.13382743547849585 -0.7033699999999999 1.3122992070000001 -34.19480348259538 H3_noNV.txt NeighborSum 20.1
0.0 0.10210892181377694 -3.93135 0.912711905 -45.08946925342221 H3_noNV.txt NeighborSum 20.1
0.0 0.11359105365430258 -1.36362 1.516847775 -45.667447169422644 H3_noNV.txt NeighborSum 20.1
0.0 0.12109892987332385 -2.29501 0.97506998 -37.177930813851866 H3_noNV.txt NeighborSum 20.1
0.0 0.10228708872188205 -7.1730100000000006 0.620981734 -38.702611353476094 H3_noNV.txt NeighborSum 20.1
0.0 0.09304462726345414 -2.66975 0.657617848 -50.609641272837464 H3_noNV.txt NeighborSum 20.1
0.0 0.1092873540968227 -4.08281 1.255474233 -42.7112158780439 H3_noNV.txt NeighborSum 20.1
0.0 0.11271384983636525 -1.61904 1.196279444 -44.04978830722504 H3_noNV.txt NeighborSum 20.1
0.0 0.08619646135839204 -1.1492799999999999 0.607995014 -56.37945163908888 H3_noNV.txt NeighborSum 20.1
0.0 0.09263846863368295 -2.8942099999999997 0.550428197 -49.93001466859575 H3_noNV.txt NeighborSum 20.1
0.0 0.10740261928402825 -3.0901099999999997 1.184196075 -44.82043481067575 H3_noNV.txt NeighborSum 20.1
0.0 0.09613774533061759 -3.6308599999999998 1.096636703 -49.86356018604612 H3_noNV.txt NeighborSum 20.1
0.0 0.08348509373567742 -3.43745 0.40894099700000003 -53.495812471258745 H3_noNV.txt NeighborSum 20.1
0.0 0.10948738776648838 -1.8659700000000001 0.7294752990000001 -42.966187492759516 H3_noNV.txt NeighborSum 20.1
0.0 0.10650499305555074 -3.18398 1.268900122 -45.64553848397457 H3_noNV.txt NeighborSum 20.1
0.0 0.09833331472505802 -1.5293700000000001 0.702256702 -49.54802515905909 H3_noNV.txt NeighborSum 20.1
0.0 0.1107167265591506 -2.68237 0.87665334 -41.891017362074805 H3_noNV.txt NeighborSum 20.1
0.0 0.12502369733097665 -0.8983700000000001 1.150906151 -37.96260610801038 H3_noNV.txt NeighborSum 20.1
0.0 0.11097379485733003 -6.13207 0.975306772 -37.27412114771087 H3_noNV.txt NeighborSum 20.1
0.0 0.13086520904874602 4.6192 0.923744322 -41.472595951470474 H3_noNV.txt NeighborSum 20.1
0.0 0.1429914963937915 2.55398 0.83649241 -31.21691611874209 H3_noNV.txt NeighborSum 20.1
0.0 0.13371968997755337 -4.14995 1.09437991 -28.070537554429492 H3_noNV.txt NeighborSum 20.1
0.0 0.11810622938770796 -2.19097 0.708683209 -37.55941423924226 H3_noNV.txt NeighborSum 20.1
0.0 0.12321769283900241 -5.79459 0.593224647 -28.84240913721606 H3_noNV.txt NeighborSum 20.1
0.0 0.10563143045666931 -4.53995 0.857243788 -41.934455389413024 H3_noNV.txt NeighborSum 20.1
0.0 0.12740354184600766 0.16827999999999999 0.31878471 -33.66890164506767 H3_noNV.txt NeighborSum 20.1
0.0 0.11123090115617054 -2.32023 0.760981142 -41.50202995806621 H3_noNV.txt NeighborSum 20.1
0.0 0.13606994912755602 -2.2563 0.207246088 -24.695717317389967 H3_noNV.txt NeighborSum 20.1
0.0 0.10961306513956001 -2.2328099999999997 0.7796054790000001 -42.63507545715874 H3_noNV.txt NeighborSum 20.1
0.0 0.12156573914472513 -0.75188 0.25258880100000003 -35.24058447848862 H3_noNV.txt NeighborSum 20.1
0.0 0.1077946069841382 -5.11908 0.707217285 -39.070210729464634 H3_noNV.txt NeighborSum 20.1
0.0 0.12681007325927054 -2.29067 0.204689558 -29.81290153121878 H3_noNV.txt NeighborSum 20.1
0.0 0.1221910012012033 -3.45165 1.04134297 -35.247092345657286 H3_noNV.txt NeighborSum 20.1
0.0 0.1425065293449683 -4.3838099999999995 0.5950591829999999 -20.108162539651353 H3_noNV.txt NeighborSum 20.1
0.0 0.14314039976134976 -4.15693 0.9317708579999999 -21.90804329487627 H3_noNV.txt NeighborSum 20.1
0.0 0.15259997671898226 -1.35755 0.872256556 -20.356546693721764 H3_noNV.txt NeighborSum 20.1
0.0 0.13477995347173005 -0.06909 1.212739305 -34.042957041400086 H3_noNV.txt NeighborSum 20.1
0.0 0.14887966213074766 -4.8783199999999995 0.42695745700000004 -14.913293012495028 H3_noNV.txt NeighborSum 20.1
0.0 0.1530067752880715 -2.0211799999999998 0.092517369 -14.93891651704927 H3_noNV.txt NeighborSum 20.1
0.0 0.15648814003214026 0.2355 0.26160591899999996 -17.18359549093387 H3_noNV.txt NeighborSum 20.1
0.0 0.14152918718902321 -1.6179299999999999 1.0051793470000001 -26.893231091339775 H3_noNV.txt NeighborSum 20.1
0.0 0.13387821931901506 -2.75668 0.6551623329999999 -27.62358598926305 H3_noNV.txt NeighborSum 20.1
0.0 0.14785490301102192 -0.30834 0.205533792 -20.920503968098387 H3_noNV.txt NeighborSum 20.1
0.0 0.14948271712864736 -2.8317099999999997 0.7570787259999999 -19.3363387001652 H3_noNV.txt NeighborSum 20.1
0.0 0.12633603155366702 -3.9247099999999997 1.355263093 -33.942839877333654 H3_noNV.txt NeighborSum 20.1
1.0 0.13743114560384256 -1.33679 0.48403432799999996 -26.76930569975871 H3_noNV.txt NeighborSum 20.1
