0.0 0.16513741599746856 0.70281483 0.56155535 18.58083933005129 H3_noREU.txt NeighborSum 20.1
0.0 0.11184806926264199 0.211964021 0.6264770820000001 16.475973575979427 H3_noREU.txt NeighborSum 20.1
0.0 0.15795628671344508 0.612367541 0.577727537 17.70090697834798 H3_noREU.txt NeighborSum 20.1
0.0 0.17981207385367562 1.196666614 0.482218707 28.583496694187225 H3_noREU.txt NeighborSum 20.1
0.0 0.11078147911218461 0.715100347 0.473249904 29.048399755211523 H3_noREU.txt NeighborSum 20.1
0.0 0.0736569647278713 0.115711929 0.6084090289999999 21.411405429299954 H3_noREU.txt NeighborSum 20.1
0.0 0.12735507342557698 0.6905827440000001 0.594653653 26.48660516517795 H3_noREU.txt NeighborSum 20.1
0.0 0.12672458685792634 1.196403002 0.46925080700000005 39.40490937785053 H3_noREU.txt NeighborSum 20.1
0.0 0.06860807610836979 0.483154326 0.5385509079999999 32.021193520267815 H3_noREU.txt NeighborSum 20.1
0.0 0.06030432004650488 0.13067727199999998 0.609272048 24.614755219493624 H3_noREU.txt NeighborSum 20.1
0.0 0.11901847618758585 0.943695555 0.5163038670000001 34.41075505075559 H3_noREU.txt NeighborSum 20.1
0.0 0.07777413689237683 0.958617728 0.467438631 42.74742149748898 H3_noREU.txt NeighborSum 20.1
0.0 0.0551496166233935 0.262675306 0.574262765 28.99002814885455 H3_noREU.txt NeighborSum 20.1
0.0 0.09438725530432054 0.539623645 0.595199657 29.022334656533317 H3_noREU.txt NeighborSum 20.1
0.0 0.10992579498747349 1.223431364 0.509046026 44.169108753688334 H3_noREU.txt NeighborSum 20.1
0.0 0.07924135032128571 0.8156641729999999 0.510678066 38.93030527056087 H3_noREU.txt NeighborSum 20.1
0.0 0.12418746079780307 0.760532859 0.627501588 29.56009966228236 H3_noREU.txt NeighborSum 20.1
0.0 0.10408289168764379 0.854286305 0.549632638 35.38848533919354 H3_noREU.txt NeighborSum 20.1
0.0 0.07395834147829322 1.153800785 0.454219304 48.92701445922864 H3_noREU.txt NeighborSum 20.1
0.0 0.13029096395850726 1.042818155 0.539641004 35.201168650906304 H3_noREU.txt NeighborSum 20.1
0.0 0.13065342406034927 0.812858912 0.632049147 29.770124463973346 H3_noREU.txt NeighborSum 20.1
0.0 0.08516506573150204 1.048833101 0.5385445320000001 44.705757837124985 H3_noREU.txt NeighborSum 20.1
0.0 0.08187156572227147 1.118867783 0.47043307700000003 46.502375807819114 H3_noREU.txt NeighborSum 20.1
0.0 0.153652357525336 1.004286968 0.628100731 30.408191141256033 H3_noREU.txt NeighborSum 20.1
0.0 0.10853922954189141 0.864627887 0.5995188779999999 35.40499996376988 H3_noREU.txt NeighborSum 20.1
0.0 0.14319921758465542 1.6828666230000002 0.478859209 49.97427649467525 H3_noREU.txt NeighborSum 20.1
0.0 0.11187852037843554 0.973980498 0.542138731 37.08648165862374 H3_noREU.txt NeighborSum 20.1
0.0 0.15895104117806633 1.019964963 0.6318788329999999 29.8060792292834 H3_noREU.txt NeighborSum 20.1
0.0 0.09098465888217105 1.080741775 0.5543414720000001 44.61349991654894 H3_noREU.txt NeighborSum 20.1
0.0 0.068588422464498 1.0264390540000001 0.49846790700000004 46.983354716566275 H3_noREU.txt NeighborSum 20.1
0.0 0.11333721999578811 0.7831203390000001 0.616650998 32.31077612699624 H3_noREU.txt NeighborSum 20.1
0.0 0.09537487108936576 0.87491363 0.59456164 38.36078852801508 H3_noREU.txt NeighborSum 20.1
0.0 0.07496996301793349 1.273974642 0.491998065 52.62927669605382 H3_noREU.txt NeighborSum 20.1
0.0 0.03441868347454824 0.698662507 0.53317147 45.17276225773442 H3_noREU.txt NeighborSum 20.1
0.0 0.0872630588228161 0.806137062 0.632076224 38.56691245644432 H3_noREU.txt NeighborSum 20.1
0.0 0.044160879052578955 0.999791515 0.48253840600000003 51.078238798925824 H3_noREU.txt NeighborSum 20.1
0.0 -0.032452855238277484 0.7230108690000001 0.42923938799999994 58.37440004740041 H3_noREU.txt NeighborSum 20.1
0.0 0.07465620350351529 0.9134051999999999 0.5406159979999999 43.05147320397903 H3_noREU.txt NeighborSum 20.1
0.0 0.10471565157470514 1.177075753 0.529124751 44.187437358775554 H3_noREU.txt NeighborSum 20.1
0.0 -0.03207191742479981 0.866090372 0.34616749799999996 61.29725963044981 H3_noREU.txt NeighborSum 20.1
0.0 0.02548693083871048 1.040738514 0.40682385299999996 55.133862511594934 H3_noREU.txt NeighborSum 20.1
0.0 0.07596202219021594 0.883922457 0.46264375 40.93297295849984 H3_noREU.txt NeighborSum 20.1
0.0 0.044506538269949686 1.192942461 0.270529635 53.767673209386885 H3_noREU.txt NeighborSum 20.1
0.0 -0.07444022581743484 0.598159525 0.32355924199999997 62.14871081797245 H3_noREU.txt NeighborSum 20.1
0.0 0.04892344904465451 1.063868523 0.328395925 49.924056333627334 H3_noREU.txt NeighborSum 20.1
0.0 0.05782232625468098 1.0201036940000001 0.28760917399999997 46.3066671591991 H3_noREU.txt NeighborSum 20.1
0.0 -0.07371236669780962 0.43627146899999997 0.391556774 58.26547683991789 H3_noREU.txt NeighborSum 20.1
0.0 -0.051288203808253 0.535295504 0.40505386200000004 56.61588662972377 H3_noREU.txt NeighborSum 20.1
0.0 0.06875789866786239 1.043296385 0.43676337600000004 46.630644312854635 H3_noREU.txt NeighborSum 20.1
0.0 0.0053160967494996075 0.716735645 0.41662983600000003 50.209108058343986 H3_noREU.txt NeighborSum 20.1
0.0 -0.09137018050867554 0.332333688 0.408527766 59.18172435778717 H3_noREU.txt NeighborSum 20.1
0.0 0.02909792261115679 0.984743405 0.426183226 53.041075309329045 H3_noREU.txt NeighborSum 20.1
0.0 0.024936836077262103 0.8276413579999999 0.38656022700000003 48.915391611182926 H3_noREU.txt NeighborSum 20.1
0.0 -0.0314193294634845 0.7526299479999999 0.431684229 59.0356727952385 H3_noREU.txt NeighborSum 20.1
0.0 -0.04781587213433716 0.7607216170000001 0.38025284600000003 61.99758632198894 H3_noREU.txt NeighborSum 20.1
0.0 0.030497532905200714 0.993678795 0.346179275 51.971280731191854 H3_noREU.txt NeighborSum 20.1
0.0 0.015476475677891649 0.800457834 0.497762087 51.53844549432606 H3_noREU.txt NeighborSum 20.1
0.0 -0.07695837507739359 0.704684042 0.37975270899999997 66.43140380735565 H3_noREU.txt NeighborSum 20.1
0.0 0.0199497904098051 1.140684827 0.40330024700000006 59.082404977643215 H3_noREU.txt NeighborSum 20.1
0.0 0.019463155383729988 0.70700435 0.403129698 46.8269103893358 H3_noREU.txt NeighborSum 20.1
0.0 0.054890808387554696 1.090830856 0.47261561799999996 51.32073703359657 H3_noREU.txt NeighborSum 20.1
0.0 -6.028268599697628e-05 1.013050303 0.4003109 59.552782837144925 H3_noREU.txt NeighborSum 20.1
0.0 0.07820171826833522 0.997334168 0.353239521 42.28520652150178 H3_noREU.txt NeighborSum 20.1
0.0 0.07694869135070248 0.7009037090000001 0.40932059299999995 34.82556188514293 H3_noREU.txt NeighborSum 20.1
0.0 0.09795248802556639 1.057297943 0.376497109 40.20288973816168 H3_noREU.txt NeighborSum 20.1
0.0 0.12560137423005915 0.801095412 0.41242343299999995 27.641841309418616 H3_noREU.txt NeighborSum 20.1
0.0 0.12083581965797374 1.4141199830000002 0.5084373289999999 47.33340034989879 H3_noREU.txt NeighborSum 20.1
0.0 0.09078530785495081 1.320760203 0.533053811 51.21686732231743 H3_noREU.txt NeighborSum 20.1
0.0 0.14240827122623528 1.0783360370000001 0.455954045 32.62092598744112 H3_noREU.txt NeighborSum 20.1
0.0 0.1691838790383669 1.5271394930000002 0.563980563 41.256232645601045 H3_noREU.txt NeighborSum 20.1
0.0 0.16979468657710958 0.995512046 0.46174990200000005 24.66364069247786 H3_noREU.txt NeighborSum 20.1
0.0 0.11787533205102196 0.809259689 0.498023719 30.5815688536136 H3_noREU.txt NeighborSum 20.1
0.0 0.13488451325457984 0.661070452 0.488295188 22.711074769149857 H3_noREU.txt NeighborSum 20.1
0.0 0.16085512422441772 1.286137987 0.465452962 34.842220069658005 H3_noREU.txt NeighborSum 20.1
0.0 0.08652851301498538 1.206935439 0.389150128 46.99552739855433 H3_noREU.txt NeighborSum 20.1
0.0 0.08408588347414678 0.629992918 0.546774317 33.1043666158012 H3_noREU.txt NeighborSum 20.1
0.0 0.06301387134568792 0.537023876 0.518248533 34.452042700528075 H3_noREU.txt NeighborSum 20.1
0.0 0.05120193607335191 1.163806547 0.33817693200000004 52.4254493075074 H3_noREU.txt NeighborSum 20.1
0.0 0.08860925448257367 1.138946126 0.48954524299999996 45.92580101100687 H3_noREU.txt NeighborSum 20.1
0.0 0.05812098094597837 0.433889401 0.614015761 33.76583738710564 H3_noREU.txt NeighborSum 20.1
0.0 0.03750371125677965 0.7531584729999999 0.379966177 44.10525337682298 H3_noREU.txt NeighborSum 20.1
0.0 0.07351645760538142 1.307695958 0.354909653 52.11846864285669 H3_noREU.txt NeighborSum 20.1
0.0 0.08456739717259412 0.821615474 0.583038153 38.93218057655472 H3_noREU.txt NeighborSum 20.1
0.0 0.11968651057529581 0.867244679 0.579307992 32.90916718211876 H3_noREU.txt NeighborSum 20.1
0.0 0.08352199307331507 1.13120506 0.383977002 45.39411179744339 H3_noREU.txt NeighborSum 20.1
0.0 0.09648726308347153 0.951889434 0.590394481 40.26926759422713 H3_noREU.txt NeighborSum 20.1
0.0 0.12878995283596428 0.8255073890000001 0.5006800610000001 28.81789158097866 H3_noREU.txt NeighborSum 20.1
0.0 0.10414765821428756 0.793110125 0.484987789 32.79653646075594 H3_noREU.txt NeighborSum 20.1
0.0 0.09528048264736658 1.031493409 0.41250554700000003 40.48686122791272 H3_noREU.txt NeighborSum 20.1
0.0 0.12448833153560679 0.864759332 0.640975992 32.64105539291712 H3_noREU.txt NeighborSum 20.1
0.0 0.12609626452859124 0.61270284 0.346884099 21.32526570465156 H3_noREU.txt NeighborSum 20.1
0.0 0.18291777052191938 0.884873647 0.498689027 19.271205864545532 H3_noREU.txt NeighborSum 20.1
0.0 0.1527102076344407 0.640065215 0.309540596 16.109054724794863 H3_noREU.txt NeighborSum 20.1
0.0 0.21962005011098001 0.851685847 0.472378626 10.38307087881239 H3_noREU.txt NeighborSum 20.1
0.0 0.13879911378700216 0.34808929299999997 0.48686325700000005 12.965910770467675 H3_noREU.txt NeighborSum 20.1
0.0 0.13186590339917836 0.862810622 0.259698915 26.12759563396739 H3_noREU.txt NeighborSum 20.1
0.0 0.14094331683498734 0.592361004 0.467037937 19.22390131024873 H3_noREU.txt NeighborSum 20.1
0.0 0.11538126940535515 0.8720874359999999 0.349740606 30.970703947637922 H3_noREU.txt NeighborSum 20.1
0.0 0.0857995771295369 0.212941744 0.601158313 21.5721736199876 H3_noREU.txt NeighborSum 20.1
0.0 0.13290808760859654 1.0463594459999999 0.48943199299999995 34.110753471456206 H3_noREU.txt NeighborSum 20.1
0.0 0.11595625825963811 0.561512033 0.5965704270000001 25.195760975010035 H3_noREU.txt NeighborSum 20.1
0.0 0.12662488278299458 0.924414753 0.49946761100000003 32.06822636440481 H3_noREU.txt NeighborSum 20.1
0.0 0.10137740655117816 0.8471421929999999 0.393469877 33.726272340825645 H3_noREU.txt NeighborSum 20.1
0.0 0.13448126961444098 1.19843548 0.5625284229999999 39.06212122628672 H3_noREU.txt NeighborSum 20.1
0.0 0.10946312653630866 0.445627454 0.570197539 22.89860399207685 H3_noREU.txt NeighborSum 20.1
0.0 0.08402855891527482 0.155453728 0.47560633799999996 18.67805099364293 H3_noREU.txt NeighborSum 20.1
0.0 0.08645789785000152 0.29890498 0.353029544 20.676411121425417 H3_noREU.txt NeighborSum 20.1
0.0 0.1070872094046631 0.885523229 0.403688576 33.76900792544328 H3_noREU.txt NeighborSum 20.1
0.0 0.08695009252525251 0.6936568209999999 0.559945629 34.494940639779685 H3_noREU.txt NeighborSum 20.1
0.0 0.10581857165336639 0.530187444 0.5748094420000001 26.12199884056149 H3_noREU.txt NeighborSum 20.1
0.0 0.09596105344104097 0.883519866 0.428623689 36.33902160637737 H3_noREU.txt NeighborSum 20.1
0.0 0.12394293442220591 1.387089416 0.575558465 46.78762792549861 H3_noREU.txt NeighborSum 20.1
0.0 0.1243932861246724 0.778761919 0.6061897860000001 29.761196602428427 H3_noREU.txt NeighborSum 20.1
0.0 0.16311828054166694 0.859310583 0.46754069299999995 22.241550634957328 H3_noREU.txt NeighborSum 20.1
0.0 0.10880005635770033 0.29777400800000003 0.563904458 18.742740987541943 H3_noREU.txt NeighborSum 20.1
0.0 0.15790568346847317 0.63965973 0.544507881 18.059335206164842 H3_noREU.txt NeighborSum 20.1
0.0 0.17712269071435796 1.182778761 0.44077327299999997 28.209088176859495 H3_noREU.txt NeighborSum 20.1
0.0 0.1091300671247585 0.8045728990000001 0.427404248 31.346480636937557 H3_noREU.txt NeighborSum 20.1
0.0 0.07438533812028346 0.209785592 0.611011815 23.974023210424917 H3_noREU.txt NeighborSum 20.1
0.0 0.12479094627956874 0.7107326540000001 0.562273126 27.17307726074184 H3_noREU.txt NeighborSum 20.1
0.0 0.12398050576635355 1.229652285 0.41020382200000005 40.157028215604385 H3_noREU.txt NeighborSum 20.1
0.0 0.07226719560711901 0.546764592 0.5760193220000001 33.55973231394484 H3_noREU.txt NeighborSum 20.1
0.0 0.054485664822455995 0.148827361 0.620165623 26.477920889224144 H3_noREU.txt NeighborSum 20.1
0.0 0.11636766986167754 0.9882842629999999 0.485308723 35.82927314815589 H3_noREU.txt NeighborSum 20.1
0.0 0.0727441608538125 0.97372298 0.40399002100000003 43.39926946610128 H3_noREU.txt NeighborSum 20.1
0.0 0.05334267562490658 0.267811892 0.5993166120000001 29.834579159850808 H3_noREU.txt NeighborSum 20.1
0.0 0.08564221063465409 0.525778473 0.583949304 30.293926907890597 H3_noREU.txt NeighborSum 20.1
0.0 0.10310489312784527 1.253416225 0.426396575 45.36754184220204 H3_noREU.txt NeighborSum 20.1
0.0 0.07929283620225058 0.812587298 0.544642374 39.27113472498045 H3_noREU.txt NeighborSum 20.1
0.0 0.12586407929694599 0.750926705 0.639230418 29.0908052578012 H3_noREU.txt NeighborSum 20.1
0.0 0.10408447522983089 0.896655797 0.536271912 36.422372488165536 H3_noREU.txt NeighborSum 20.1
0.0 0.06954403684769872 1.164038449 0.39236601600000004 49.33329737793541 H3_noREU.txt NeighborSum 20.1
0.0 0.1288678076794293 1.014292453 0.576458363 35.15939449676209 H3_noREU.txt NeighborSum 20.1
0.0 0.13144039770594254 0.823902963 0.621906065 29.790571970234243 H3_noREU.txt NeighborSum 20.1
0.0 0.07950500144159714 1.050005639 0.495719354 45.35787913305637 H3_noREU.txt NeighborSum 20.1
0.0 0.08074883175154354 1.118057678 0.467466891 46.6735112908113 H3_noREU.txt NeighborSum 20.1
0.0 0.1571182535030254 1.024392338 0.631669233 30.309135492293336 H3_noREU.txt NeighborSum 20.1
0.0 0.09945680379051774 0.811640813 0.607153363 35.875630034613565 H3_noREU.txt NeighborSum 20.1
0.0 0.13396505542661913 1.672334066 0.408430113 50.676394223534665 H3_noREU.txt NeighborSum 20.1
0.0 0.11520136606206188 0.990691291 0.567722225 37.205002037186226 H3_noREU.txt NeighborSum 20.1
0.0 0.15810627504413677 1.0209793870000001 0.643275644 30.15731830606047 H3_noREU.txt NeighborSum 20.1
0.0 0.08732693788397622 1.0557956370000001 0.514645867 44.14728517414021 H3_noREU.txt NeighborSum 20.1
0.0 0.06932637932546193 1.066198821 0.446254287 47.28801516346891 H3_noREU.txt NeighborSum 20.1
0.0 0.11278085582112626 0.778543834 0.607264091 32.17428403989944 H3_noREU.txt NeighborSum 20.1
0.0 0.09677500425237368 0.8479862979999999 0.59031896 37.248838883217665 H3_noREU.txt NeighborSum 20.1
0.0 0.07003776615062338 1.275809547 0.40190763 52.538375778110364 H3_noREU.txt NeighborSum 20.1
0.0 0.03840762644964715 0.741038623 0.542195954 45.67032400002944 H3_noREU.txt NeighborSum 20.1
0.0 0.085292183289296 0.764726784 0.625742436 37.71362936001697 H3_noREU.txt NeighborSum 20.1
0.0 0.04379547330394287 0.9437829759999999 0.499055425 49.77199328107459 H3_noREU.txt NeighborSum 20.1
0.0 -0.03582059807739804 0.714746749 0.387679481 58.29922865530453 H3_noREU.txt NeighborSum 20.1
0.0 0.07729995789180424 0.930253372 0.548842022 43.0901499433102 H3_noREU.txt NeighborSum 20.1
0.0 0.10905049198107147 1.256053567 0.552774454 45.84510615602264 H3_noREU.txt NeighborSum 20.1
0.0 -0.03580938543306075 0.835810015 0.384117365 61.69953281920582 H3_noREU.txt NeighborSum 20.1
0.0 0.03594425112556801 1.083273344 0.479061963 55.11340508013955 H3_noREU.txt NeighborSum 20.1
0.0 0.07341818253398974 0.886397964 0.533813016 42.45061345366822 H3_noREU.txt NeighborSum 20.1
0.0 0.04573869151253476 1.218344686 0.311900771 54.770978598241015 H3_noREU.txt NeighborSum 20.1
0.0 -0.07021507763154042 0.617600794 0.40536602200000005 62.885052632394924 H3_noREU.txt NeighborSum 20.1
0.0 0.05161098044156359 1.0464075000000002 0.5403663000000001 51.61063984381731 H3_noREU.txt NeighborSum 20.1
0.0 0.05018952765484472 1.026717248 0.287898969 48.079876908738676 H3_noREU.txt NeighborSum 20.1
0.0 -0.06860200923005941 0.518199171 0.36824023899999997 59.23928316557427 H3_noREU.txt NeighborSum 20.1
0.0 -0.05169226627763365 0.539287956 0.486555808 57.86710148077016 H3_noREU.txt NeighborSum 20.1
0.0 0.05720325813137794 1.023206693 0.46446700700000004 48.80999204392659 H3_noREU.txt NeighborSum 20.1
0.0 8.179120732845768e-05 0.728241107 0.422476545 51.69669418621653 H3_noREU.txt NeighborSum 20.1
0.0 -0.09802891347437487 0.328855717 0.382383951 60.12391645595834 H3_noREU.txt NeighborSum 20.1
0.0 0.02399416542224772 0.974385705 0.5066315379999999 54.843378919896395 H3_noREU.txt NeighborSum 20.1
0.0 0.023340774342282405 0.8434824320000001 0.384565318 49.6714666766659 H3_noREU.txt NeighborSum 20.1
0.0 -0.03130429448334965 0.746764275 0.439312904 58.94338666105511 H3_noREU.txt NeighborSum 20.1
0.0 -0.05168425885840769 0.741876229 0.415290525 62.71506841398726 H3_noREU.txt NeighborSum 20.1
0.0 0.018103000659067003 0.8737419359999999 0.373295355 51.47269919918267 H3_noREU.txt NeighborSum 20.1
0.0 0.0016435285400410171 0.715975754 0.482192467 51.79589747394998 H3_noREU.txt NeighborSum 20.1
0.0 -0.07995376253293143 0.676692141 0.403193686 66.55755833975262 H3_noREU.txt NeighborSum 20.1
0.0 0.023890388210610736 1.149109632 0.416671749 58.67902794109978 H3_noREU.txt NeighborSum 20.1
0.0 0.016378463583698738 0.6639633770000001 0.411535695 46.34847039412183 H3_noREU.txt NeighborSum 20.1
0.0 0.05730909956793567 1.038341646 0.494932181 49.613113369784 H3_noREU.txt NeighborSum 20.1
0.0 -0.0014931441343782326 1.00931652 0.34988148799999996 59.091193376551885 H3_noREU.txt NeighborSum 20.1
0.0 0.08083796967243664 1.009611947 0.349563584 42.041355086652054 H3_noREU.txt NeighborSum 20.1
0.0 0.07756694454348614 0.652709931 0.420269957 33.466189062516065 H3_noREU.txt NeighborSum 20.1
0.0 0.10304173990182519 1.057207112 0.373279735 39.10451061545964 H3_noREU.txt NeighborSum 20.1
0.0 0.12083243990718048 0.796349185 0.334679664 27.489284962624474 H3_noREU.txt NeighborSum 20.1
0.0 0.09701144742607723 1.425720087 0.24028275600000001 49.13172617901936 H3_noREU.txt NeighborSum 20.1
0.0 0.0765357180956717 1.324051971 0.365272282 52.092968145380304 H3_noREU.txt NeighborSum 20.1
0.0 0.1245382220538647 0.931263958 0.562063996 33.504914562883705 H3_noREU.txt NeighborSum 20.1
0.0 0.1744517952487994 1.5338730409999999 0.56157671 40.32576680671561 H3_noREU.txt NeighborSum 20.1
0.0 0.1733296913430452 1.003082454 0.46457996 24.183643302811387 H3_noREU.txt NeighborSum 20.1
0.0 0.08606501699137616 0.678620048 0.452984855 32.866971826022315 H3_noREU.txt NeighborSum 20.1
0.0 0.1370490568798814 0.75855219 0.380298829 23.643287534237416 H3_noREU.txt NeighborSum 20.1
0.0 0.1490263826756195 1.338682007 0.41469953200000004 38.133017945932096 H3_noREU.txt NeighborSum 20.1
0.0 0.0859835460850712 1.177513617 0.37972525100000004 46.148424404201634 H3_noREU.txt NeighborSum 20.1
0.0 0.08461816147063167 0.609733531 0.568492374 32.69779381350076 H3_noREU.txt NeighborSum 20.1
0.0 0.061699462531196334 0.57155383 0.511658692 35.62274844689746 H3_noREU.txt NeighborSum 20.1
0.0 0.05538626069488625 1.200862802 0.394994434 53.34893804882025 H3_noREU.txt NeighborSum 20.1
0.0 0.08632214766787466 1.102180344 0.5344718820000001 45.933103880163245 H3_noREU.txt NeighborSum 20.1
0.0 0.0504285449039478 0.423707349 0.6160794629999999 35.09588628832028 H3_noREU.txt NeighborSum 20.1
0.0 0.04175171178061862 0.7980664409999999 0.45229618 45.439791048743594 H3_noREU.txt NeighborSum 20.1
0.0 0.06953650787766652 1.225768266 0.457767935 51.93894985627469 H3_noREU.txt NeighborSum 20.1
0.0 0.07101347887098325 0.760830503 0.599357063 40.21918996564031 H3_noREU.txt NeighborSum 20.1
0.0 0.11302285954539118 0.8695110229999999 0.583571932 34.40917348103147 H3_noREU.txt NeighborSum 20.1
0.0 0.08602551850801135 1.161003485 0.477452749 46.93298731489284 H3_noREU.txt NeighborSum 20.1
0.0 0.09480305761022628 1.014349233 0.58835187 42.37099403180808 H3_noREU.txt NeighborSum 20.1
0.0 0.14416381599866554 0.973275298 0.510262173 29.966636329075897 H3_noREU.txt NeighborSum 20.1
0.0 0.0966016208813669 0.825378865 0.43641206299999996 34.650793558929536 H3_noREU.txt NeighborSum 20.1
0.0 0.08537241415187943 1.012759628 0.455058025 42.55575109285726 H3_noREU.txt NeighborSum 20.1
0.0 0.11614878444045748 0.84322232 0.605456103 33.29574318503168 H3_noREU.txt NeighborSum 20.1
0.0 0.15395264747656232 0.779412834 0.327122072 20.04855843248978 H3_noREU.txt NeighborSum 20.1
0.0 0.17242183608290124 0.930594875 0.5048545879999999 22.827504893609113 H3_noREU.txt NeighborSum 20.1
0.0 0.1168952985844661 0.379967836 0.43632172399999997 17.757718914667525 H3_noREU.txt NeighborSum 20.1
0.0 0.19204497135544726 0.814016394 0.477707583 15.090824098668222 H3_noREU.txt NeighborSum 20.1
0.0 0.11868216587376226 0.316414832 0.38170655299999995 14.871024266085236 H3_noREU.txt NeighborSum 20.1
0.0 0.12064812772429606 0.9334386459999999 0.267033665 30.558045110369225 H3_noREU.txt NeighborSum 20.1
0.0 0.0949379849537952 0.309571582 0.477258311 20.829918561233114 H3_noREU.txt NeighborSum 20.1
0.0 0.11822942786371313 0.879706311 0.437279676 31.729612709577417 H3_noREU.txt NeighborSum 20.1
0.0 0.13771945138742142 0.53804943 0.617598402 20.291225358176167 H3_noREU.txt NeighborSum 20.1
0.0 0.1275958203607585 1.011120086 0.4937018 34.26249794728371 H3_noREU.txt NeighborSum 20.1
0.0 0.10123411453244012 0.543627628 0.5949203479999999 27.714518455644814 H3_noREU.txt NeighborSum 20.1
0.0 0.11968417894556257 0.9234685020000001 0.512895651 33.65259357941012 H3_noREU.txt NeighborSum 20.1
0.0 0.09809023168789793 0.8827119109999999 0.41149199 35.65346014838607 H3_noREU.txt NeighborSum 20.1
0.0 0.1269121850902146 1.186875898 0.566663894 40.35416489600222 H3_noREU.txt NeighborSum 20.1
0.0 0.10557068117206009 0.442003714 0.573623731 23.645959849240764 H3_noREU.txt NeighborSum 20.1
0.0 0.07609998258978792 0.120918225 0.49894597799999996 19.638355509950948 H3_noREU.txt NeighborSum 20.1
0.0 0.08575899531173115 0.22126522899999998 0.42073976399999996 19.484952617005792 H3_noREU.txt NeighborSum 20.1
0.0 0.11266704992474869 0.975002954 0.383610335 34.90256647750133 H3_noREU.txt NeighborSum 20.1
0.0 0.07809282207040555 0.657951648 0.566483721 35.39705890576606 H3_noREU.txt NeighborSum 20.1
0.0 0.058537779936945714 0.203960544 0.465709462 25.212067604996168 H3_noREU.txt NeighborSum 20.1
0.0 0.09715269438190133 0.731130699 0.394561194 31.310717930517008 H3_noREU.txt NeighborSum 20.1
0.0 0.12489984545181662 1.3740866790000001 0.543240415 45.80114979416185 H3_noREU.txt NeighborSum 20.1
0.0 0.08690815728515945 0.575827981 0.618551087 31.904825258670552 H3_noREU.txt NeighborSum 20.1
0.0 0.17015935852107925 0.784631442 0.593738037 20.287376772664597 H3_noREU.txt NeighborSum 20.1
0.0 0.12360633901911158 0.404721355 0.564438746 18.729230483307543 H3_noREU.txt NeighborSum 20.1
0.0 0.15603712282126891 0.605313959 0.547516672 17.506898018049508 H3_noREU.txt NeighborSum 20.1
0.0 0.1700881330279897 1.121181829 0.42045763 27.64887191381495 H3_noREU.txt NeighborSum 20.1
0.0 0.12288188091681265 0.866287947 0.47543648899999996 30.877006762618713 H3_noREU.txt NeighborSum 20.1
0.0 0.07898594837564847 0.22578184199999998 0.598960413 23.320908126309853 H3_noREU.txt NeighborSum 20.1
0.0 0.1221330220167551 0.65672676 0.55870095 26.13901000480874 H3_noREU.txt NeighborSum 20.1
0.0 0.12398732844032706 1.183858458 0.43738865899999996 39.20259193809537 H3_noREU.txt NeighborSum 20.1
0.0 0.08119068420084063 0.617009927 0.583953198 33.81494646667994 H3_noREU.txt NeighborSum 20.1
0.0 0.05702090780805423 0.207435725 0.6068642470000001 27.450341426391052 H3_noREU.txt NeighborSum 20.1
0.0 0.10871289870195547 0.94038325 0.44480627100000003 35.52667208253316 H3_noREU.txt NeighborSum 20.1
0.0 0.08010062223687381 1.022230688 0.450382689 43.85710337587571 H3_noREU.txt NeighborSum 20.1
0.0 0.059624781236688365 0.334850427 0.6043597039999999 30.508204340147397 H3_noREU.txt NeighborSum 20.1
0.0 0.08086487525804306 0.494418865 0.571118742 30.224285623205336 H3_noREU.txt NeighborSum 20.1
0.0 0.10235163857146237 1.23377934 0.43419291200000004 45.06498650969356 H3_noREU.txt NeighborSum 20.1
0.0 0.08534653960098099 0.8621375929999999 0.577173467 39.849298648040445 H3_noREU.txt NeighborSum 20.1
0.0 0.12394226807101666 0.770149767 0.6382663679999999 30.02402635622032 H3_noREU.txt NeighborSum 20.1
0.0 0.09835524303812881 0.858298918 0.5005725120000001 36.054895036734166 H3_noREU.txt NeighborSum 20.1
0.0 0.07279449836663257 1.183739322 0.439313535 49.82821651543127 H3_noREU.txt NeighborSum 20.1
0.0 0.12651626167508484 1.040113198 0.593647392 36.60428854712458 H3_noREU.txt NeighborSum 20.1
0.0 0.13090975911724098 0.8189936999999999 0.622521708 29.768600628512377 H3_noREU.txt NeighborSum 20.1
0.0 0.07959018013232022 1.058076775 0.482879744 45.404143836222964 H3_noREU.txt NeighborSum 20.1
0.0 0.08380168155000836 1.126303504 0.514298648 46.88155156543841 H3_noREU.txt NeighborSum 20.1
0.0 0.15566120317062154 1.033761289 0.637086279 30.94788011619269 H3_noREU.txt NeighborSum 20.1
0.0 0.10561676401000442 0.857445172 0.581951777 35.578615769596134 H3_noREU.txt NeighborSum 20.1
0.0 0.13867788914389603 1.6740213959999999 0.46066588399999997 50.42362609379974 H3_noREU.txt NeighborSum 20.1
0.0 0.11536091665462359 0.9735018520000001 0.5917318429999999 36.992717691999985 H3_noREU.txt NeighborSum 20.1
0.0 0.1574837116734088 1.022611663 0.6331921939999999 30.202399970135065 H3_noREU.txt NeighborSum 20.1
0.0 0.08275398366909664 1.0664444290000001 0.45608784399999996 44.64074893849472 H3_noREU.txt NeighborSum 20.1
0.0 0.07085766565795343 1.044997612 0.490030666 46.93288224090405 H3_noREU.txt NeighborSum 20.1
0.0 0.11257699390708906 0.79112984 0.614803357 32.67252447646046 H3_noREU.txt NeighborSum 20.1
0.0 0.09559305197386067 0.8603976329999999 0.544333849 37.25265864714501 H3_noREU.txt NeighborSum 20.1
0.0 0.0694208244517874 1.256955553 0.41235610899999997 52.26417746100393 H3_noREU.txt NeighborSum 20.1
0.0 0.037046998581884594 0.706950877 0.566876072 45.30022444635939 H3_noREU.txt NeighborSum 20.1
0.0 0.08573983495238469 0.7970421679999999 0.635124982 38.66277081238265 H3_noREU.txt NeighborSum 20.1
0.0 0.04179175530735685 0.973929637 0.491812211 50.9521701312102 H3_noREU.txt NeighborSum 20.1
0.0 -0.03760442820780979 0.6942547309999999 0.425811019 58.57800910794203 H3_noREU.txt NeighborSum 20.1
0.0 0.07477420539482357 0.8917984790000001 0.586719497 43.00762634302039 H3_noREU.txt NeighborSum 20.1
0.0 0.11104592109523459 1.261879668 0.551305233 45.57874063943942 H3_noREU.txt NeighborSum 20.1
0.0 -0.031912382388490146 0.8205623940000001 0.449131647 61.29855779390014 H3_noREU.txt NeighborSum 20.1
0.0 0.03472449468079333 1.040108166 0.49881140700000004 54.391788402988745 H3_noREU.txt NeighborSum 20.1
0.0 0.07713183894602288 0.869979244 0.521583404 41.055525662280296 H3_noREU.txt NeighborSum 20.1
0.0 0.05290461435257057 1.179757521 0.37879340100000003 53.05229797069492 H3_noREU.txt NeighborSum 20.1
0.0 -0.06471968262342587 0.601591722 0.464461998 62.0547728598041 H3_noREU.txt NeighborSum 20.1
0.0 0.06312920651316478 1.083122381 0.5360474470000001 50.214785737476944 H3_noREU.txt NeighborSum 20.1
0.0 0.05921476040606413 1.006637211 0.307794794 45.89561393402036 H3_noREU.txt NeighborSum 20.1
0.0 -0.06983195640177661 0.432581259 0.422469544 57.75625239193553 H3_noREU.txt NeighborSum 20.1
0.0 -0.03414493378605701 0.6119896810000001 0.553563832 57.16974243787879 H3_noREU.txt NeighborSum 20.1
0.0 0.06915456824124702 1.058319156 0.45590487799999996 47.22391727721137 H3_noREU.txt NeighborSum 20.1
0.0 0.0008143898869724386 0.667925035 0.40714502799999996 49.628511918418624 H3_noREU.txt NeighborSum 20.1
0.0 -0.08579322664520345 0.345201153 0.47076554600000003 59.19776757043771 H3_noREU.txt NeighborSum 20.1
0.0 0.0431935766908933 1.059536526 0.49141218299999995 53.09527437541319 H3_noREU.txt NeighborSum 20.1
0.0 0.028424375992522177 0.794924622 0.385400415 47.245994199667344 H3_noREU.txt NeighborSum 20.1
0.0 -0.03073544233722314 0.70427318 0.437332735 57.589523624087654 H3_noREU.txt NeighborSum 20.1
0.0 -0.04093394684120635 0.7509904279999999 0.49708766 61.805473673649246 H3_noREU.txt NeighborSum 20.1
0.0 0.023642368701417837 0.921750244 0.36169065200000006 51.542819952235085 H3_noREU.txt NeighborSum 20.1
0.0 0.010258397576695333 0.731156107 0.41398308799999994 49.56192417209131 H3_noREU.txt NeighborSum 20.1
0.0 -0.07017203161552996 0.687332561 0.456874455 65.52854061359513 H3_noREU.txt NeighborSum 20.1
0.0 0.02443004492393755 1.128182407 0.44288720000000004 58.310051648443746 H3_noREU.txt NeighborSum 20.1
0.0 0.01911641336192893 0.6511415110000001 0.46636381 46.12498149847093 H3_noREU.txt NeighborSum 20.1
0.0 0.0547143645015053 1.092719543 0.450734477 51.1281742467264 H3_noREU.txt NeighborSum 20.1
0.0 0.0001154945998832202 1.0124646659999998 0.427269469 59.848252181105416 H3_noREU.txt NeighborSum 20.1
0.0 0.08025288971090744 1.0158724959999998 0.39304744399999997 42.90311880352668 H3_noREU.txt NeighborSum 20.1
0.0 0.07926294246466295 0.711453749 0.46393950700000003 35.35292007999223 H3_noREU.txt NeighborSum 20.1
0.0 0.10837521502058897 1.115958164 0.485260775 41.121215807609026 H3_noREU.txt NeighborSum 20.1
0.0 0.12203033849870809 0.8231434940000001 0.41446194700000005 29.035981459498096 H3_noREU.txt NeighborSum 20.1
0.0 0.10414812224489917 1.4515260669999999 0.296096304 49.110199327688434 H3_noREU.txt NeighborSum 20.1
0.0 0.08641151417232948 1.3122992070000001 0.48675974 51.283271179980005 H3_noREU.txt NeighborSum 20.1
0.0 0.12610259128136792 0.912711905 0.56537855 32.695240129652795 H3_noREU.txt NeighborSum 20.1
0.0 0.1696118271629419 1.516847775 0.560533917 40.82984713224906 H3_noREU.txt NeighborSum 20.1
0.0 0.17369932350734132 0.97506998 0.460823665 23.260529317345807 H3_noREU.txt NeighborSum 20.1
0.0 0.08424351066056493 0.620981734 0.47046865299999996 31.82841759802176 H3_noREU.txt NeighborSum 20.1
0.0 0.1356903670530127 0.657617848 0.419822546 21.56047429382641 H3_noREU.txt NeighborSum 20.1
0.0 0.15603869856423125 1.255474233 0.36153280600000004 33.622748793634806 H3_noREU.txt NeighborSum 20.1
0.0 0.08780157630642449 1.196279444 0.388813265 46.42391509287854 H3_noREU.txt NeighborSum 20.1
0.0 0.08372482053798211 0.607995014 0.5820084879999999 33.00807441839007 H3_noREU.txt NeighborSum 20.1
0.0 0.060916605920695144 0.550428197 0.513791627 35.21069013130318 H3_noREU.txt NeighborSum 20.1
0.0 0.05314994202978249 1.184196075 0.392317454 53.30278022849377 H3_noREU.txt NeighborSum 20.1
0.0 0.08566015566035567 1.096636703 0.534449489 45.91202038802909 H3_noREU.txt NeighborSum 20.1
0.0 0.054167698445723333 0.40894099700000003 0.621989157 33.97712089272334 H3_noREU.txt NeighborSum 20.1
0.0 0.04059411892531803 0.7294752990000001 0.462519736 43.857832259796915 H3_noREU.txt NeighborSum 20.1
0.0 0.07415843184221468 1.268900122 0.431765031 51.874034572712254 H3_noREU.txt NeighborSum 20.1
0.0 0.06884177661858357 0.702256702 0.594060732 38.931989401654356 H3_noREU.txt NeighborSum 20.1
0.0 0.11846053727547651 0.87665334 0.578834163 33.425010988956885 H3_noREU.txt NeighborSum 20.1
0.0 0.08000017939115364 1.150906151 0.44943011 47.53112193873861 H3_noREU.txt NeighborSum 20.1
0.0 0.09071939212017405 0.975306772 0.579266 41.98722407204832 H3_noREU.txt NeighborSum 20.1
0.0 0.1358346462317781 0.923744322 0.5207396320000001 30.416447253008663 H3_noREU.txt NeighborSum 20.1
0.0 0.08482551938151109 0.83649241 0.365010035 36.48349568435795 H3_noREU.txt NeighborSum 20.1
0.0 0.08704025107220956 1.09437991 0.407446563 43.91976390016862 H3_noREU.txt NeighborSum 20.1
0.0 0.09055048795359866 0.708683209 0.612620955 34.85827196639027 H3_noREU.txt NeighborSum 20.1
0.0 0.12540961850338286 0.593224647 0.392259914 21.499320289290075 H3_noREU.txt NeighborSum 20.1
0.0 0.16877938178132165 0.857243788 0.5561670870000001 22.155930431689708 H3_noREU.txt NeighborSum 20.1
0.0 0.1124176759144659 0.31878471 0.380062688 16.21491189606648 H3_noREU.txt NeighborSum 20.1
0.0 0.1882506908472621 0.760981142 0.439272669 13.86903266702461 H3_noREU.txt NeighborSum 20.1
0.0 0.12567228531842273 0.207246088 0.414991602 10.74359727682783 H3_noREU.txt NeighborSum 20.1
0.0 0.13177146934466558 0.7796054790000001 0.314603852 24.486820886137085 H3_noREU.txt NeighborSum 20.1
0.0 0.09470564184747106 0.25258880100000003 0.493516488 19.465010743778404 H3_noREU.txt NeighborSum 20.1
0.0 0.08913549136404082 0.707217285 0.364622847 31.903106371067345 H3_noREU.txt NeighborSum 20.1
0.0 0.08773733134338504 0.204689558 0.6013225179999999 20.93783160991796 H3_noREU.txt NeighborSum 20.1
0.0 0.13816192472010824 1.04134297 0.487016267 32.84833199394606 H3_noREU.txt NeighborSum 20.1
0.0 0.10896099608128695 0.5950591829999999 0.57918101 27.375573290569246 H3_noREU.txt NeighborSum 20.1
0.0 0.13002473509169096 0.9317708579999999 0.502247853 31.609475712594598 H3_noREU.txt NeighborSum 20.1
0.0 0.10569471244495485 0.872256556 0.432441566 34.05129228905093 H3_noREU.txt NeighborSum 20.1
0.0 0.1387779451617852 1.212739305 0.584495518 38.86359669216062 H3_noREU.txt NeighborSum 20.1
0.0 0.10660385454420514 0.42695745700000004 0.57182225 22.98003794622683 H3_noREU.txt NeighborSum 20.1
0.0 0.07772141319415811 0.092517369 0.496861171 18.46649076715365 H3_noREU.txt NeighborSum 20.1
0.0 0.08694970011517493 0.26160591899999996 0.38902169299999995 19.977377700352402 H3_noREU.txt NeighborSum 20.1
0.0 0.1182981280552644 1.0051793470000001 0.391918259 34.703181108634574 H3_noREU.txt NeighborSum 20.1
0.0 0.08254201185195882 0.6551623329999999 0.5209321029999999 33.80702837610823 H3_noREU.txt NeighborSum 20.1
0.0 0.06320170286245075 0.205533792 0.468353003 24.324974644605266 H3_noREU.txt NeighborSum 20.1
0.0 0.0966635904485448 0.7570787259999999 0.392518945 32.124797581437086 H3_noREU.txt NeighborSum 20.1
0.0 0.11583391028908627 1.355263093 0.3525717 44.67759027657161 H3_noREU.txt NeighborSum 20.1
0.0 0.0885923844867493 0.48403432799999996 0.641637324 29.239557067614424 H3_noREU.txt NeighborSum 20.1
1.0 0.16767561683549173 0.70281483 0.69905717 19.832914108774695 H3_noREU.txt NeighborSum 20.1
1.0 0.11276081997871668 0.211964021 0.6478339710000001 16.563041035666984 H3_noREU.txt NeighborSum 20.1
0.0 0.10942389381915234 0.612367541 0.483448964 26.534970211868067 H3_noREU.txt NeighborSum 20.1
0.0 0.1677999395569049 1.196666614 0.428008725 30.37078937049473 H3_noREU.txt NeighborSum 20.1
1.0 0.15353538710677866 0.715100347 0.579302426 21.563529423343965 H3_noREU.txt NeighborSum 20.1
1.0 0.07306524328291178 0.115711929 0.595265533 21.36403534630161 H3_noREU.txt NeighborSum 20.1
0.0 0.08351273040771415 0.6905827440000001 0.501678063 34.36601411249815 H3_noREU.txt NeighborSum 20.1
1.0 0.16051542823847215 1.196403002 0.47662662100000003 32.50080914127395 H3_noREU.txt NeighborSum 20.1
1.0 0.12319245548686648 0.483154326 0.679766952 22.540397708061576 H3_noREU.txt NeighborSum 20.1
1.0 0.06735418938634777 0.13067727199999998 0.6279264170000001 23.3956317734238 H3_noREU.txt NeighborSum 20.1
0.0 0.0949519555284864 0.943695555 0.45169699799999996 38.56057722430846 H3_noREU.txt NeighborSum 20.1
1.0 0.15643978931811514 0.958617728 0.546161722 27.470401033617385 H3_noREU.txt NeighborSum 20.1
1.0 0.09948564123917686 0.262675306 0.630650387 20.535290666480783 H3_noREU.txt NeighborSum 20.1
0.0 0.07487426890325982 0.539623645 0.5042671989999999 31.888554828218552 H3_noREU.txt NeighborSum 20.1
0.0 0.16348491354953734 1.223431364 0.48197349100000003 32.72478665356945 H3_noREU.txt NeighborSum 20.1
1.0 0.175005168244874 0.8156641729999999 0.630753393 20.646221698830242 H3_noREU.txt NeighborSum 20.1
0.0 0.18970349203778492 0.760532859 0.78011504 17.96227493478252 H3_noREU.txt NeighborSum 20.1
1.0 0.2040420227329265 0.854286305 0.7309945940000001 17.027790751008837 H3_noREU.txt NeighborSum 20.1
1.0 0.2277879045829556 1.153800785 0.749115592 20.875499006198215 H3_noREU.txt NeighborSum 20.1
1.0 0.1876329176881928 1.042818155 0.578004096 23.81932138210939 H3_noREU.txt NeighborSum 20.1
0.0 0.20415763094452533 0.812858912 0.74782007 16.041263354602343 H3_noREU.txt NeighborSum 20.1
0.0 0.1708440840487235 1.048833101 0.623264499 28.053519283065427 H3_noREU.txt NeighborSum 20.1
0.0 0.2385084929112954 1.118867783 0.657316866 16.4727846576337 H3_noREU.txt NeighborSum 20.1
0.0 0.17897440974761458 1.004286968 0.666177814 25.655278137278 H3_noREU.txt NeighborSum 20.1
0.0 0.12117901459160088 0.864627887 0.666824629 33.657017850305024 H3_noREU.txt NeighborSum 20.1
0.0 0.1598706353890284 1.6828666230000002 0.363254491 45.02622362578301 H3_noREU.txt NeighborSum 20.1
0.0 0.12384163058444725 0.973980498 0.403111979 32.81087507322036 H3_noREU.txt NeighborSum 20.1
0.0 0.13813587480455491 1.019964963 0.43562194299999996 31.580234053004833 H3_noREU.txt NeighborSum 20.1
0.0 0.204931109520393 1.080741775 0.511120366 20.451695414936598 H3_noREU.txt NeighborSum 20.1
0.0 0.17655305010827438 1.0264390540000001 0.5656706229999999 25.4883636702966 H3_noREU.txt NeighborSum 20.1
0.0 0.2062722411992443 0.7831203390000001 0.570654191 12.465410066673506 H3_noREU.txt NeighborSum 20.1
0.0 0.21199007134786008 0.87491363 0.640544341 14.799544037283692 H3_noREU.txt NeighborSum 20.1
0.0 0.24576749956079252 1.273974642 0.639236861 19.153850825016793 H3_noREU.txt NeighborSum 20.1
0.0 0.13476481325276746 0.698662507 0.6397586 25.765097685965255 H3_noREU.txt NeighborSum 20.1
0.0 0.1497702790306834 0.806137062 0.596440879 25.158358749792576 H3_noREU.txt NeighborSum 20.1
0.0 0.12797026411801857 0.999791515 0.5412026520000001 34.47638842562107 H3_noREU.txt NeighborSum 20.1
0.0 0.051701830870492904 0.7230108690000001 0.42952213200000006 40.94617569755524 H3_noREU.txt NeighborSum 20.1
0.0 0.10436248935434408 0.9134051999999999 0.493951519 36.29473359631727 H3_noREU.txt NeighborSum 20.1
0.0 0.13144212289777854 1.177075753 0.602264421 39.596956014434646 H3_noREU.txt NeighborSum 20.1
0.0 0.014269454479488158 0.866090372 0.44734586600000004 53.006257942254216 H3_noREU.txt NeighborSum 20.1
0.0 0.05458780226377896 1.040738514 0.382127 48.786561075692816 H3_noREU.txt NeighborSum 20.1
0.0 0.07513753028427353 0.883922457 0.544771566 42.16563671982252 H3_noREU.txt NeighborSum 20.1
0.0 0.07061231032971249 1.192942461 0.423177569 50.333772134939615 H3_noREU.txt NeighborSum 20.1
0.0 -0.045713937619117295 0.598159525 0.403076121 57.22644014307412 H3_noREU.txt NeighborSum 20.1
0.0 0.08828038684043743 1.063868523 0.531204229 44.39384869458093 H3_noREU.txt NeighborSum 20.1
0.0 0.1009710199456112 1.0201036940000001 0.5306678029999999 40.51145125777625 H3_noREU.txt NeighborSum 20.1
0.0 -0.033511486511587474 0.43627146899999997 0.437249809 50.52902056598769 H3_noREU.txt NeighborSum 20.1
0.0 -0.004492223013401048 0.535295504 0.46735749 47.728082973882934 H3_noREU.txt NeighborSum 20.1
0.0 0.14212655016908732 1.043296385 0.624816382 33.864438870159084 H3_noREU.txt NeighborSum 20.1
0.0 0.06752535190476813 0.716735645 0.489040682 38.25926641797727 H3_noREU.txt NeighborSum 20.1
0.0 -0.028628681950524898 0.332333688 0.44910567100000004 46.71004693138668 H3_noREU.txt NeighborSum 20.1
0.0 0.10072110895885483 0.984743405 0.469638647 38.76684185514529 H3_noREU.txt NeighborSum 20.1
0.0 0.12896044986588423 0.8276413579999999 0.603729944 30.17575540360699 H3_noREU.txt NeighborSum 20.1
0.0 0.05845671852498985 0.7526299479999999 0.5002632379999999 41.30536187991709 H3_noREU.txt NeighborSum 20.1
0.0 0.04209439858561251 0.7607216170000001 0.43932583399999997 44.137277668675274 H3_noREU.txt NeighborSum 20.1
0.0 0.1417926733363398 0.993678795 0.579146798 31.929672632335528 H3_noREU.txt NeighborSum 20.1
0.0 0.10978860946871019 0.800457834 0.6065467489999999 33.40908162919533 H3_noREU.txt NeighborSum 20.1
0.0 0.0275139838790526 0.704684042 0.481717532 46.109263814048575 H3_noREU.txt NeighborSum 20.1
0.0 0.09963097881704744 1.140684827 0.42113054200000005 42.80770748390513 H3_noREU.txt NeighborSum 20.1
0.0 0.09951119794373228 0.70700435 0.571915455 32.42801232079195 H3_noREU.txt NeighborSum 20.1
0.0 0.11586945085097491 1.090830856 0.5516969429999999 39.71205211023702 H3_noREU.txt NeighborSum 20.1
0.0 0.05172545662620523 1.013050303 0.439234554 49.32910282927115 H3_noREU.txt NeighborSum 20.1
0.0 0.08683798947194049 0.997334168 0.46081088200000003 41.8871332133092 H3_noREU.txt NeighborSum 20.1
0.0 0.09627601564395688 0.7009037090000001 0.6146252170000001 33.4765834099954 H3_noREU.txt NeighborSum 20.1
0.0 0.08576223950096445 1.057297943 0.509948747 44.45346211312146 H3_noREU.txt NeighborSum 20.1
0.0 0.03102572347520982 0.801095412 0.454936861 47.782010294709615 H3_noREU.txt NeighborSum 20.1
0.0 0.1717184199334211 1.4141199830000002 0.499189536 36.67396107693203 H3_noREU.txt NeighborSum 20.1
0.0 0.18186241255414407 1.320760203 0.6021910070000001 33.24498552116331 H3_noREU.txt NeighborSum 20.1
0.0 0.09036171091753861 1.0783360370000001 0.518546851 44.21119736186112 H3_noREU.txt NeighborSum 20.1
0.0 0.16483207742961034 1.5271394930000002 0.457961345 40.78688547796123 H3_noREU.txt NeighborSum 20.1
0.0 0.1360518775331727 0.995512046 0.525460049 32.47690271554328 H3_noREU.txt NeighborSum 20.1
0.0 0.09508032677507525 0.809259689 0.603318369 36.66476254299495 H3_noREU.txt NeighborSum 20.1
0.0 0.05013383318813483 0.661070452 0.549756481 41.06107800722435 H3_noREU.txt NeighborSum 20.1
0.0 0.17371578673345417 1.286137987 0.580807725 33.66973848778666 H3_noREU.txt NeighborSum 20.1
0.0 0.17818281255494034 1.206935439 0.634181451 31.17832119079907 H3_noREU.txt NeighborSum 20.1
0.0 0.062343928356073774 0.629992918 0.619746482 38.5515145267854 H3_noREU.txt NeighborSum 20.1
0.0 0.061494918800959295 0.537023876 0.62398496 36.133806987455415 H3_noREU.txt NeighborSum 20.1
0.0 0.16680101707634684 1.163806547 0.628880946 32.23882722613861 H3_noREU.txt NeighborSum 20.1
0.0 0.1425260456073454 1.138946126 0.579603666 35.92184376490953 H3_noREU.txt NeighborSum 20.1
0.0 0.028547747115291372 0.433889401 0.5758332429999999 39.39798088167085 H3_noREU.txt NeighborSum 20.1
0.0 0.1091172787792486 0.7531584729999999 0.620360106 32.3793435438044 H3_noREU.txt NeighborSum 20.1
0.0 0.16398009941748276 1.307695958 0.5417961920000001 35.79610905296515 H3_noREU.txt NeighborSum 20.1
0.0 0.07083648965759232 0.821615474 0.460142172 40.18742077783818 H3_noREU.txt NeighborSum 20.1
0.0 0.11222357452527865 0.867244679 0.563614512 34.252136687274856 H3_noREU.txt NeighborSum 20.1
0.0 0.1602202544262549 1.13120506 0.5018061429999999 31.03024315224588 H3_noREU.txt NeighborSum 20.1
0.0 0.11588262529512944 0.951889434 0.5603430079999999 35.86314142218033 H3_noREU.txt NeighborSum 20.1
0.0 0.11257103577974464 0.8255073890000001 0.41371816299999997 31.05311281111484 H3_noREU.txt NeighborSum 20.1
0.0 0.11584887868464062 0.793110125 0.25123988199999997 27.350473701247573 H3_noREU.txt NeighborSum 20.1
0.0 0.16890934432826155 1.031493409 0.607399108 27.75520107359019 H3_noREU.txt NeighborSum 20.1
0.0 0.11071998608567987 0.864759332 0.541983715 34.21311525162154 H3_noREU.txt NeighborSum 20.1
0.0 0.07879264429064779 0.61270284 0.33415347 30.959180066102498 H3_noREU.txt NeighborSum 20.1
0.0 0.08944457518354518 0.884873647 0.462233314 38.1619737925489 H3_noREU.txt NeighborSum 20.1
0.0 0.09728757929093125 0.640065215 0.254434063 26.876845571664774 H3_noREU.txt NeighborSum 20.1
0.0 0.09726011295355075 0.851685847 0.316120234 33.70846773006779 H3_noREU.txt NeighborSum 20.1
0.0 0.08866122103734916 0.34808929299999997 0.261316096 20.435291713817744 H3_noREU.txt NeighborSum 20.1
0.0 0.11303769938724864 0.862810622 0.335489908 31.00763267277343 H3_noREU.txt NeighborSum 20.1
0.0 0.11296520842358827 0.592361004 0.5023241979999999 25.475549111873008 H3_noREU.txt NeighborSum 20.1
0.0 0.09775553061714981 0.8720874359999999 0.403206386 35.31300570810401 H3_noREU.txt NeighborSum 20.1
0.0 0.06016405340969949 0.212941744 0.541336978 26.10887546956883 H3_noREU.txt NeighborSum 20.1
0.0 0.166192905386119 1.0463594459999999 0.614300241 28.830598648580505 H3_noREU.txt NeighborSum 20.1
0.0 0.13442580518963582 0.561512033 0.590431103 21.29058296217996 H3_noREU.txt NeighborSum 20.1
0.0 0.1978953073403853 0.924414753 0.661403561 19.3989671774065 H3_noREU.txt NeighborSum 20.1
0.0 0.20855289777000244 0.8471421929999999 0.583158969 13.97844050864082 H3_noREU.txt NeighborSum 20.1
0.0 0.2199566043947947 1.19843548 0.69259174 23.038344105054485 H3_noREU.txt NeighborSum 20.1
0.0 0.15256690155386618 0.445627454 0.616167129 14.564415115952956 H3_noREU.txt NeighborSum 20.1
0.0 0.11316040072233469 0.155453728 0.548487042 13.585970645269418 H3_noREU.txt NeighborSum 20.1
0.0 0.12965341003109285 0.29890498 0.508037714 13.733042199148112 H3_noREU.txt NeighborSum 20.1
0.0 0.1727927544533488 0.885523229 0.50698248 21.494246346382177 H3_noREU.txt NeighborSum 20.1
0.0 0.14670610786361432 0.6936568209999999 0.591047054 22.519152132951923 H3_noREU.txt NeighborSum 20.1
0.0 0.15075446180779775 0.530187444 0.53873164 16.34746603611633 H3_noREU.txt NeighborSum 20.1
0.0 0.18124191314529148 0.883519866 0.45251496700000005 18.98276891451175 H3_noREU.txt NeighborSum 20.1
0.0 0.1894534272167271 1.387089416 0.29541363800000003 29.59556990127544 H3_noREU.txt NeighborSum 20.1
1.0 0.17143862647863378 0.778761919 0.681401239 20.98863306386822 H3_noREU.txt NeighborSum 20.1
1.0 0.1887047717745467 0.859310583 0.702726693 19.98239597252995 H3_noREU.txt NeighborSum 20.1
1.0 0.12100070294510228 0.29777400800000003 0.643291799 17.2419322459392 H3_noREU.txt NeighborSum 20.1
0.0 0.10746890981717241 0.63965973 0.479991183 27.672682033284655 H3_noREU.txt NeighborSum 20.1
0.0 0.16311129963183746 1.182778761 0.42544497200000003 30.913232369552805 H3_noREU.txt NeighborSum 20.1
1.0 0.16438630407116855 0.8045728990000001 0.583190318 21.914899862866168 H3_noREU.txt NeighborSum 20.1
1.0 0.08304835664634302 0.209785592 0.591967233 21.933319131968723 H3_noREU.txt NeighborSum 20.1
0.0 0.08215729729419821 0.7107326540000001 0.48401853 34.99245239266013 H3_noREU.txt NeighborSum 20.1
1.0 0.1630395974643345 1.229652285 0.47484611299999996 32.902088895949404 H3_noREU.txt NeighborSum 20.1
1.0 0.13038965952455894 0.546764592 0.6813506779999999 22.882080615573923 H3_noREU.txt NeighborSum 20.1
1.0 0.06949485319309237 0.148827361 0.631045646 23.50957769326177 H3_noREU.txt NeighborSum 20.1
0.0 0.10052131107045917 0.9882842629999999 0.434100289 38.4495993989546 H3_noREU.txt NeighborSum 20.1
1.0 0.15817847323163198 0.97372298 0.544192875 27.515089665565846 H3_noREU.txt NeighborSum 20.1
1.0 0.10113842326840572 0.267811892 0.6328298960000001 20.367435961181783 H3_noREU.txt NeighborSum 20.1
0.0 0.07184747114057034 0.525778473 0.43677371200000004 31.248464278448633 H3_noREU.txt NeighborSum 20.1
0.0 0.1689166681736443 1.253416225 0.487119349 32.520349073193074 H3_noREU.txt NeighborSum 20.1
1.0 0.17445514527938835 0.812587298 0.6273222629999999 20.62814114376132 H3_noREU.txt NeighborSum 20.1
0.0 0.1885478826154428 0.750926705 0.78332428 17.969496185378684 H3_noREU.txt NeighborSum 20.1
1.0 0.2138547397858931 0.896655797 0.739252699 16.30891285329896 H3_noREU.txt NeighborSum 20.1
1.0 0.22463425126998376 1.164038449 0.7034061159999999 21.22938206078631 H3_noREU.txt NeighborSum 20.1
1.0 0.18764575419110113 1.014292453 0.540255779 22.515991860005826 H3_noREU.txt NeighborSum 20.1
0.0 0.2067586047616412 0.823902963 0.748905845 15.831141521172517 H3_noREU.txt NeighborSum 20.1
0.0 0.16608526579135754 1.050005639 0.5532380020000001 28.167254147419865 H3_noREU.txt NeighborSum 20.1
0.0 0.23648723334907046 1.118057678 0.644745921 16.70585611918421 H3_noREU.txt NeighborSum 20.1
0.0 0.15023676227979343 1.024392338 0.273106697 27.09851287050049 H3_noREU.txt NeighborSum 20.1
0.0 0.11406118489764955 0.811640813 0.612915315 32.92496451068982 H3_noREU.txt NeighborSum 20.1
0.0 0.17307391003608605 1.672334066 0.588790597 44.90733399928346 H3_noREU.txt NeighborSum 20.1
0.0 0.1343583520604191 0.990691291 0.562892802 33.17436371801957 H3_noREU.txt NeighborSum 20.1
0.0 0.1386723629973339 1.0209793870000001 0.463587352 31.859583748321633 H3_noREU.txt NeighborSum 20.1
0.0 0.1998873191561597 1.0557956370000001 0.514859204 20.834181252119517 H3_noREU.txt NeighborSum 20.1
0.0 0.1792971950438951 1.066198821 0.565636186 26.052115098942696 H3_noREU.txt NeighborSum 20.1
0.0 0.2043033093993823 0.778543834 0.5718149929999999 12.757895946326839 H3_noREU.txt NeighborSum 20.1
0.0 0.20748114311250795 0.8479862979999999 0.640120458 14.96097829899278 H3_noREU.txt NeighborSum 20.1
0.0 0.2438505250735184 1.275809547 0.640861635 19.624212587590872 H3_noREU.txt NeighborSum 20.1
0.0 0.13745339496958026 0.741038623 0.6194509739999999 26.152765761117113 H3_noREU.txt NeighborSum 20.1
0.0 0.14416432306407279 0.764726784 0.591459914 25.075541028192166 H3_noREU.txt NeighborSum 20.1
0.0 0.11994870890742265 0.9437829759999999 0.528581312 34.3792982505344 H3_noREU.txt NeighborSum 20.1
0.0 0.04228880101105535 0.714746749 0.32805728100000003 41.3486852389269 H3_noREU.txt NeighborSum 20.1
0.0 0.10386848627741782 0.930253372 0.484794605 36.7586143442765 H3_noREU.txt NeighborSum 20.1
0.0 0.1425023583042287 1.256053567 0.603275949 39.56881824671973 H3_noREU.txt NeighborSum 20.1
0.0 0.00766925999491716 0.835810015 0.42034660700000004 53.161754378929835 H3_noREU.txt NeighborSum 20.1
0.0 0.058657520426415144 1.083273344 0.3953137 49.32572787904347 H3_noREU.txt NeighborSum 20.1
0.0 0.07455619970516722 0.886397964 0.554881606 42.48729142642286 H3_noREU.txt NeighborSum 20.1
0.0 0.07513010469390352 1.218344686 0.42424344399999997 50.135356873134036 H3_noREU.txt NeighborSum 20.1
0.0 -0.04416448859647662 0.617600794 0.398735687 57.403181929229774 H3_noREU.txt NeighborSum 20.1
0.0 0.08626240861999021 1.0464075000000002 0.569476161 44.80928884212741 H3_noREU.txt NeighborSum 20.1
0.0 0.10309130596404673 1.026717248 0.53272905 40.28730209110838 H3_noREU.txt NeighborSum 20.1
0.0 -0.02100957283493901 0.518199171 0.40001798 49.79181421534838 H3_noREU.txt NeighborSum 20.1
0.0 -0.0063408328503984646 0.539287956 0.483434805 48.432610053123376 H3_noREU.txt NeighborSum 20.1
0.0 0.13920749426509343 1.023206693 0.632002374 33.98971920440071 H3_noREU.txt NeighborSum 20.1
0.0 0.06822505516934921 0.728241107 0.476373758 38.278303028790894 H3_noREU.txt NeighborSum 20.1
0.0 -0.0343980710346494 0.328855717 0.39691166899999997 47.13120166791418 H3_noREU.txt NeighborSum 20.1
0.0 0.10510637425792527 0.974385705 0.554862987 38.66533251538206 H3_noREU.txt NeighborSum 20.1
0.0 0.13154737611223835 0.8434824320000001 0.611772961 30.195148555230915 H3_noREU.txt NeighborSum 20.1
0.0 0.05606841059626255 0.746764275 0.49320710799999995 41.5417522443326 H3_noREU.txt NeighborSum 20.1
0.0 0.04179913574991906 0.741876229 0.45682828 43.88789644183908 H3_noREU.txt NeighborSum 20.1
0.0 0.1268358349720341 0.8737419359999999 0.593139238 31.792166492684355 H3_noREU.txt NeighborSum 20.1
0.0 0.0997128660305929 0.715975754 0.61215617 33.162098927531936 H3_noREU.txt NeighborSum 20.1
0.0 0.022271368797921992 0.676692141 0.449198465 45.97737159684247 H3_noREU.txt NeighborSum 20.1
0.0 0.10696197563654358 1.149109632 0.47678144899999997 42.24869476404418 H3_noREU.txt NeighborSum 20.1
0.0 0.09542219590227438 0.6639633770000001 0.57104252 32.037633439675986 H3_noREU.txt NeighborSum 20.1
0.0 0.11255484590175499 1.038341646 0.559444308 39.0035723583411 H3_noREU.txt NeighborSum 20.1
0.0 0.0524877603104186 1.00931652 0.431092985 48.95956864619115 H3_noREU.txt NeighborSum 20.1
0.0 0.09155918819195419 1.009611947 0.48679440799999996 41.59488809351867 H3_noREU.txt NeighborSum 20.1
0.0 0.09197129515699062 0.652709931 0.616720799 33.022484306849336 H3_noREU.txt NeighborSum 20.1
0.0 0.08930126228625687 1.057207112 0.516754622 43.80579523668786 H3_noREU.txt NeighborSum 20.1
0.0 0.03274528187965642 0.796349185 0.48347495 47.659600749463586 H3_noREU.txt NeighborSum 20.1
0.0 0.17267972656121996 1.425720087 0.502018272 36.84185724902517 H3_noREU.txt NeighborSum 20.1
0.0 0.18438521299988292 1.324051971 0.607116558 32.87986691401206 H3_noREU.txt NeighborSum 20.1
0.0 0.07012653949067624 0.931263958 0.51091208 44.11442867493274 H3_noREU.txt NeighborSum 20.1
0.0 0.1644193826549365 1.5338730409999999 0.463566869 41.13666453160849 H3_noREU.txt NeighborSum 20.1
0.0 0.13584905196250185 1.003082454 0.524189417 32.71814280726076 H3_noREU.txt NeighborSum 20.1
0.0 0.07908520909312125 0.678620048 0.604079564 36.266366079774784 H3_noREU.txt NeighborSum 20.1
0.0 0.06380451785523816 0.75855219 0.559590165 41.133390347418896 H3_noREU.txt NeighborSum 20.1
0.0 0.17868338586494173 1.338682007 0.57830857 34.105233959673654 H3_noREU.txt NeighborSum 20.1
0.0 0.17542442817299206 1.177513617 0.63108996 30.87159553825952 H3_noREU.txt NeighborSum 20.1
0.0 0.061180744932535974 0.609733531 0.620732659 38.22808679008141 H3_noREU.txt NeighborSum 20.1
0.0 0.06430985384213196 0.57155383 0.626154719 36.56241450252482 H3_noREU.txt NeighborSum 20.1
0.0 0.1720390584030115 1.200862802 0.626778819 32.18224235721497 H3_noREU.txt NeighborSum 20.1
0.0 0.13877576294477242 1.102180344 0.582491601 35.6886876752639 H3_noREU.txt NeighborSum 20.1
0.0 0.019358169447427034 0.423707349 0.493538359 39.94742844744891 H3_noREU.txt NeighborSum 20.1
0.0 0.10845323676953991 0.7980664409999999 0.566932433 33.1053730063667 H3_noREU.txt NeighborSum 20.1
0.0 0.15123535263114724 1.225768266 0.532304167 35.97949680022768 H3_noREU.txt NeighborSum 20.1
0.0 0.0601382290167127 0.760830503 0.47057466700000006 40.80679773471227 H3_noREU.txt NeighborSum 20.1
0.0 0.09239343836906672 0.8695110229999999 0.384658061 36.11049923693793 H3_noREU.txt NeighborSum 20.1
0.0 0.16576195280309777 1.161003485 0.5701065129999999 31.614281775142192 H3_noREU.txt NeighborSum 20.1
0.0 0.12263889658104962 1.014349233 0.560870036 36.24972397730481 H3_noREU.txt NeighborSum 20.1
0.0 0.1379718071296433 0.973275298 0.5553398629999999 31.832090181257936 H3_noREU.txt NeighborSum 20.1
0.0 0.13400491233012418 0.825378865 0.589182174 28.878293486046626 H3_noREU.txt NeighborSum 20.1
0.0 0.16450007797217608 1.012759628 0.618099716 28.273232803253016 H3_noREU.txt NeighborSum 20.1
0.0 0.10698853606493933 0.84322232 0.551274732 34.492663481826014 H3_noREU.txt NeighborSum 20.1
0.0 0.1034334302963216 0.779412834 0.331578695 30.570778401596804 H3_noREU.txt NeighborSum 20.1
0.0 0.09843221817024339 0.930594875 0.44629499899999997 37.396632717745895 H3_noREU.txt NeighborSum 20.1
0.0 0.06576022813280712 0.379967836 0.263618748 26.116909018858035 H3_noREU.txt NeighborSum 20.1
0.0 0.0970375706608663 0.814016394 0.29968727300000003 32.46901870907166 H3_noREU.txt NeighborSum 20.1
0.0 0.0891821699593054 0.316414832 0.270686036 19.546232834608652 H3_noREU.txt NeighborSum 20.1
0.0 0.12207859088977596 0.9334386459999999 0.314576607 30.87644766158698 H3_noREU.txt NeighborSum 20.1
0.0 0.07563959622432359 0.309571582 0.494544545 25.05090844340743 H3_noREU.txt NeighborSum 20.1
0.0 0.09972455997654578 0.879706311 0.39965766 35.076291619835935 H3_noREU.txt NeighborSum 20.1
0.0 0.10689801840366399 0.53804943 0.542396994 25.703283481585938 H3_noREU.txt NeighborSum 20.1
0.0 0.16205649785620674 1.011120086 0.613470917 28.672844850938173 H3_noREU.txt NeighborSum 20.1
0.0 0.1295815405721566 0.543627628 0.59858662 21.890009545088326 H3_noREU.txt NeighborSum 20.1
0.0 0.195357870008756 0.9234685020000001 0.665551103 19.95124477171855 H3_noREU.txt NeighborSum 20.1
0.0 0.2133034666072283 0.8827119109999999 0.588455546 14.076146825717892 H3_noREU.txt NeighborSum 20.1
0.0 0.2194222851466796 1.186875898 0.692138169 22.81386557757666 H3_noREU.txt NeighborSum 20.1
0.0 0.15476638918035526 0.442003714 0.627239158 14.148739717309477 H3_noREU.txt NeighborSum 20.1
0.0 0.11319080850292179 0.120918225 0.543336694 12.529280345686242 H3_noREU.txt NeighborSum 20.1
0.0 0.12245233070164244 0.22126522899999998 0.515838272 13.113844199402633 H3_noREU.txt NeighborSum 20.1
0.0 0.18621968965489347 0.975002954 0.506680765 21.258052464984917 H3_noREU.txt NeighborSum 20.1
0.0 0.14805406545733302 0.657951648 0.593593412 21.255738526768216 H3_noREU.txt NeighborSum 20.1
0.0 0.10488602145870561 0.203960544 0.5201383279999999 16.315191755206136 H3_noREU.txt NeighborSum 20.1
0.0 0.15674455107586666 0.731130699 0.414910062 19.229907408335198 H3_noREU.txt NeighborSum 20.1
0.0 0.1853826049961706 1.3740866790000001 0.265395858 29.68028263404298 H3_noREU.txt NeighborSum 20.1
1.0 0.13510096192311766 0.575827981 0.638151516 22.175548004825167 H3_noREU.txt NeighborSum 20.1
1.0 0.17873647150349925 0.784631442 0.6978773779999999 19.857182994261613 H3_noREU.txt NeighborSum 20.1
1.0 0.13807748227063416 0.404721355 0.645221375 16.776149427235556 H3_noREU.txt NeighborSum 20.1
0.0 0.10783285985980445 0.605313959 0.485598256 26.691395181712956 H3_noREU.txt NeighborSum 20.1
0.0 0.15602789868317293 1.121181829 0.42696645200000005 30.6454782604656 H3_noREU.txt NeighborSum 20.1
1.0 0.17263787598810404 0.866287947 0.5802373710000001 21.925534415011487 H3_noREU.txt NeighborSum 20.1
1.0 0.08656051277451127 0.22578184199999998 0.5963068739999999 21.71759666655745 H3_noREU.txt NeighborSum 20.1
0.0 0.07742688501953056 0.65672676 0.49139689200000003 34.529268035073514 H3_noREU.txt NeighborSum 20.1
1.0 0.15736586201486596 1.183858458 0.473003104 32.749011016267374 H3_noREU.txt NeighborSum 20.1
1.0 0.1396321917624375 0.617009927 0.6784302320000001 22.93086600239908 H3_noREU.txt NeighborSum 20.1
1.0 0.07927344170893674 0.207435725 0.633521178 23.185593598753776 H3_noREU.txt NeighborSum 20.1
0.0 0.09503648184397887 0.94038325 0.43818284 38.27397966989666 H3_noREU.txt NeighborSum 20.1
1.0 0.16292496231848125 1.022230688 0.534843153 27.792830268545462 H3_noREU.txt NeighborSum 20.1
1.0 0.11061279005993219 0.334850427 0.6382136070000001 20.38421724447625 H3_noREU.txt NeighborSum 20.1
0.0 0.06953425203805745 0.494418865 0.45108279799999995 31.01930776094669 H3_noREU.txt NeighborSum 20.1
0.0 0.16648083613654857 1.23377934 0.484519631 32.431907837466525 H3_noREU.txt NeighborSum 20.1
1.0 0.18074674457565937 0.8621375929999999 0.622449217 20.673407476138888 H3_noREU.txt NeighborSum 20.1
0.0 0.19150345854783912 0.770149767 0.779557952 17.856178499291886 H3_noREU.txt NeighborSum 20.1
1.0 0.21018638011674967 0.858298918 0.743506324 16.03111997182082 H3_noREU.txt NeighborSum 20.1
1.0 0.22427335542011861 1.183739322 0.6943847940000001 21.74870781353448 H3_noREU.txt NeighborSum 20.1
1.0 0.19083757069653007 1.040113198 0.52869559 22.440913469528866 H3_noREU.txt NeighborSum 20.1
0.0 0.20279641369726542 0.8189936999999999 0.751478612 16.545289938474852 H3_noREU.txt NeighborSum 20.1
0.0 0.16111502678962403 1.058076775 0.53634228 29.208258979387654 H3_noREU.txt NeighborSum 20.1
0.0 0.2344784253066266 1.126303504 0.630731965 17.17566371920307 H3_noREU.txt NeighborSum 20.1
0.0 0.15214172993518937 1.033761289 0.26460199100000004 26.860843621404964 H3_noREU.txt NeighborSum 20.1
0.0 0.11322838787636011 0.857445172 0.594190494 34.16017831499283 H3_noREU.txt NeighborSum 20.1
0.0 0.17182029306150345 1.6740213959999999 0.59198064 45.25632161792869 H3_noREU.txt NeighborSum 20.1
0.0 0.133617025931608 0.9735018520000001 0.5612220720000001 32.81665183631356 H3_noREU.txt NeighborSum 20.1
0.0 0.13932142936719008 1.022611663 0.46018816100000004 31.72768346949511 H3_noREU.txt NeighborSum 20.1
0.0 0.2017201600015148 1.0664444290000001 0.510856713 20.706122489087345 H3_noREU.txt NeighborSum 20.1
0.0 0.17750140031728945 1.044997612 0.561971226 25.77276050680742 H3_noREU.txt NeighborSum 20.1
0.0 0.207114544731869 0.79112984 0.576103016 12.589549139749185 H3_noREU.txt NeighborSum 20.1
0.0 0.2109783052513032 0.8603976329999999 0.6405398139999999 14.595551968552549 H3_noREU.txt NeighborSum 20.1
0.0 0.24327580880363167 1.256955553 0.6244870339999999 18.99445663674962 H3_noREU.txt NeighborSum 20.1
0.0 0.1359775075384634 0.706950877 0.617758974 25.465560908695682 H3_noREU.txt NeighborSum 20.1
0.0 0.14704701626140443 0.7970421679999999 0.524278674 24.530348510291592 H3_noREU.txt NeighborSum 20.1
0.0 0.11117063368347224 0.973929637 0.302477381 34.13294576056088 H3_noREU.txt NeighborSum 20.1
0.0 0.03867216857943895 0.6942547309999999 0.28391378300000003 40.943332836806405 H3_noREU.txt NeighborSum 20.1
0.0 0.09913232549939671 0.8917984790000001 0.452496357 36.22661451617974 H3_noREU.txt NeighborSum 20.1
0.0 0.12933603433231958 1.261879668 0.362642951 39.35078645214429 H3_noREU.txt NeighborSum 20.1
0.0 0.0021676618952601034 0.8205623940000001 0.350578888 52.96494039114337 H3_noREU.txt NeighborSum 20.1
0.0 0.052526069081165166 1.040108166 0.366364989 48.99187782375259 H3_noREU.txt NeighborSum 20.1
0.0 0.0698808431334417 0.869979244 0.496147205 42.22862445513918 H3_noREU.txt NeighborSum 20.1
0.0 0.07235750931239801 1.179757521 0.453936809 49.99437949326948 H3_noREU.txt NeighborSum 20.1
0.0 -0.04449409760683665 0.601591722 0.417836871 57.262383263226894 H3_noREU.txt NeighborSum 20.1
0.0 0.09266053445228689 1.083122381 0.572445626 44.56825192378921 H3_noREU.txt NeighborSum 20.1
0.0 0.09784714589439686 1.006637211 0.520767008 40.64690576972537 H3_noREU.txt NeighborSum 20.1
0.0 -0.030718939159770947 0.432581259 0.457231163 50.10379850135548 H3_noREU.txt NeighborSum 20.1
0.0 0.0052181585924139795 0.6119896810000001 0.514592768 48.51215551095804 H3_noREU.txt NeighborSum 20.1
0.0 0.14136362113583834 1.058319156 0.623140719 34.42875507875689 H3_noREU.txt NeighborSum 20.1
0.0 0.05872790218053606 0.667925035 0.502096509 38.85993528400135 H3_noREU.txt NeighborSum 20.1
0.0 -0.029291591028109493 0.345201153 0.44505646200000004 47.161558586906445 H3_noREU.txt NeighborSum 20.1
0.0 0.1152614171289838 1.059536526 0.5651011779999999 39.11984211482755 H3_noREU.txt NeighborSum 20.1
0.0 0.12248985705719062 0.794924622 0.627676276 30.893706651736007 H3_noREU.txt NeighborSum 20.1
0.0 0.04951388908776927 0.70427318 0.509212633 41.89597884066774 H3_noREU.txt NeighborSum 20.1
0.0 0.04525646903587316 0.7509904279999999 0.52069382 44.25712821396629 H3_noREU.txt NeighborSum 20.1
0.0 0.12770077214950365 0.921750244 0.582708906 32.84573732915906 H3_noREU.txt NeighborSum 20.1
0.0 0.0966103049633133 0.731156107 0.5817064510000001 33.84350136571753 H3_noREU.txt NeighborSum 20.1
0.0 0.023440931907184784 0.687332561 0.483357597 46.4798798710091 H3_noREU.txt NeighborSum 20.1
0.0 0.09817682641607489 1.128182407 0.478788404 43.49826190322928 H3_noREU.txt NeighborSum 20.1
0.0 0.08960360931057873 0.6511415110000001 0.577203271 32.957305139258175 H3_noREU.txt NeighborSum 20.1
0.0 0.1152398338909085 1.092719543 0.530808179 39.626191028902845 H3_noREU.txt NeighborSum 20.1
0.0 0.056033311569866184 1.0124646659999998 0.48924798399999997 49.066739305893684 H3_noREU.txt NeighborSum 20.1
0.0 0.0921068749377574 1.0158724959999998 0.486675686 41.658246613818406 H3_noREU.txt NeighborSum 20.1
0.0 0.09785901097279986 0.711453749 0.6092385379999999 33.37956780700453 H3_noREU.txt NeighborSum 20.1
0.0 0.09848043486830019 1.115958164 0.552529795 44.04058961523285 H3_noREU.txt NeighborSum 20.1
0.0 0.03904527550740414 0.8231434940000001 0.499347124 47.323113991252676 H3_noREU.txt NeighborSum 20.1
0.0 0.1768658787913597 1.4515260669999999 0.498846942 36.66885500475128 H3_noREU.txt NeighborSum 20.1
0.0 0.18251113684847103 1.3122992070000001 0.601511063 32.86079159093375 H3_noREU.txt NeighborSum 20.1
0.0 0.0717669501452855 0.912711905 0.559678794 43.87668005183176 H3_noREU.txt NeighborSum 20.1
0.0 0.16454196148255257 1.516847775 0.467353666 40.675242809702794 H3_noREU.txt NeighborSum 20.1
0.0 0.13373009656825627 0.97506998 0.523631199 32.35186694370477 H3_noREU.txt NeighborSum 20.1
0.0 0.07085944145033912 0.620981734 0.596002585 36.22390653048381 H3_noREU.txt NeighborSum 20.1
0.0 0.05248811912512044 0.657617848 0.561989307 40.63322124032462 H3_noREU.txt NeighborSum 20.1
0.0 0.17040221229604113 1.255474233 0.5785813710000001 33.453822827787924 H3_noREU.txt NeighborSum 20.1
0.0 0.18023476844283484 1.196279444 0.633402618 30.439653862624084 H3_noREU.txt NeighborSum 20.1
0.0 0.06321220206880762 0.607995014 0.62046461 37.75429863071087 H3_noREU.txt NeighborSum 20.1
0.0 0.06612110717024325 0.550428197 0.62308481 35.54573927600186 H3_noREU.txt NeighborSum 20.1
0.0 0.17478031666829508 1.184196075 0.628628715 31.163555194434647 H3_noREU.txt NeighborSum 20.1
0.0 0.14274804075490768 1.096636703 0.579115295 34.66429254515586 H3_noREU.txt NeighborSum 20.1
0.0 0.021667243225920577 0.40894099700000003 0.49040095100000003 39.00791592483229 H3_noREU.txt NeighborSum 20.1
0.0 0.1051359753508955 0.7294752990000001 0.5610781770000001 31.76289070360361 H3_noREU.txt NeighborSum 20.1
0.0 0.16484972841535953 1.268900122 0.547594981 34.585786881465054 H3_noREU.txt NeighborSum 20.1
0.0 0.057882548347621604 0.702256702 0.475597705 39.67041759152313 H3_noREU.txt NeighborSum 20.1
0.0 0.10130953117180175 0.87665334 0.38987730200000004 34.53455451047038 H3_noREU.txt NeighborSum 20.1
0.0 0.170791789291052 1.150906151 0.576558036 30.368173277197272 H3_noREU.txt NeighborSum 20.1
0.0 0.12301623058038358 0.975306772 0.573996533 35.229094886280315 H3_noREU.txt NeighborSum 20.1
0.0 0.13508683786882072 0.923744322 0.564587385 31.138281776144655 H3_noREU.txt NeighborSum 20.1
0.0 0.1419862546340259 0.83649241 0.578914009 27.408855142801187 H3_noREU.txt NeighborSum 20.1
0.0 0.17924392454407087 1.09437991 0.616478169 27.523298830696188 H3_noREU.txt NeighborSum 20.1
0.0 0.09187948413782779 0.708683209 0.542083741 33.67096627413552 H3_noREU.txt NeighborSum 20.1
0.0 0.08107474768471376 0.593224647 0.405185866 30.850013812234575 H3_noREU.txt NeighborSum 20.1
0.0 0.08788273290094331 0.857243788 0.386004991 36.71281412626452 H3_noREU.txt NeighborSum 20.1
0.0 0.07036068641965416 0.31878471 0.39402143 25.107116494238443 H3_noREU.txt NeighborSum 20.1
0.0 0.10664114013560591 0.760981142 0.47028355299999997 31.17466860250206 H3_noREU.txt NeighborSum 20.1
0.0 0.08983348563000623 0.207246088 0.43954813299999995 18.48478514889891 H3_noREU.txt NeighborSum 20.1
0.0 0.11139764108341779 0.7796054790000001 0.356394544 29.24741053765714 H3_noREU.txt NeighborSum 20.1
0.0 0.07112667383285302 0.25258880100000003 0.494922401 24.36735801031408 H3_noREU.txt NeighborSum 20.1
0.0 0.07904676378297432 0.707217285 0.393116784 34.36130929409933 H3_noREU.txt NeighborSum 20.1
0.0 0.06505357877020548 0.204689558 0.576523853 25.315929064445942 H3_noREU.txt NeighborSum 20.1
0.0 0.1681942314420853 1.04134297 0.613146999 28.258228723635295 H3_noREU.txt NeighborSum 20.1
0.0 0.13993391148826087 0.5950591829999999 0.599408462 21.221347081087597 H3_noREU.txt NeighborSum 20.1
0.0 0.19860655949177647 0.9317708579999999 0.663809216 19.492292417220817 H3_noREU.txt NeighborSum 20.1
0.0 0.21222122543712058 0.872256556 0.585972665 13.970382936712864 H3_noREU.txt NeighborSum 20.1
0.0 0.22441227515635973 1.212739305 0.693745535 22.537778035044912 H3_noREU.txt NeighborSum 20.1
0.0 0.15191027225522227 0.42695745700000004 0.612784647 14.124850733405584 H3_noREU.txt NeighborSum 20.1
0.0 0.10737075857763591 0.092517369 0.545602612 12.95510383926883 H3_noREU.txt NeighborSum 20.1
0.0 0.1275529178571041 0.26160591899999996 0.50286835 13.038778203210104 H3_noREU.txt NeighborSum 20.1
0.0 0.19400422288348768 1.0051793470000001 0.509836592 20.54598397666327 H3_noREU.txt NeighborSum 20.1
0.0 0.1464186640499043 0.6551623329999999 0.593028137 21.507730173071092 H3_noREU.txt NeighborSum 20.1
0.0 0.10876615352093542 0.205533792 0.543879921 15.863242806011009 H3_noREU.txt NeighborSum 20.1
0.0 0.1658893241212811 0.7570787259999999 0.449719174 18.524889231726572 H3_noREU.txt NeighborSum 20.1
0.0 0.19117401775666032 1.355263093 0.301185355 28.407166610621573 H3_noREU.txt NeighborSum 20.1
1.0 0.1359818709617559 0.48403432799999996 0.693856464 20.098425950219834 H3_noREU.txt NeighborSum 20.1
