0.0 0.1711406247812873 1.52884 0.56155535 -17.716647090192605 H3_noCP.txt NeighborSum 20.1
0.0 0.16802863559570594 -0.5508 0.6264770820000001 -15.970181685922803 H3_noCP.txt NeighborSum 20.1
0.0 0.16162425589834725 -0.68593 0.577727537 -19.502500738793046 H3_noCP.txt NeighborSum 20.1
0.0 0.13505233176257378 -2.9028 0.482218707 -31.23263753702801 H3_noCP.txt NeighborSum 20.1
0.0 0.13372658644997865 -2.42402 0.473249904 -32.781391455741904 H3_noCP.txt NeighborSum 20.1
0.0 0.1447696883380556 -3.4265800000000004 0.6084090289999999 -24.57363126271242 H3_noCP.txt NeighborSum 20.1
0.0 0.1296399172011102 -1.3467 0.594653653 -36.56822174282215 H3_noCP.txt NeighborSum 20.1
0.0 0.09500250897273295 -4.18677 0.46925080700000005 -51.94135669528755 H3_noCP.txt NeighborSum 20.1
0.0 0.11320352385712057 -2.34491 0.5385509079999999 -44.42096893716069 H3_noCP.txt NeighborSum 20.1
0.0 0.1336822562533485 0.09823 0.609272048 -36.57618744121547 H3_noCP.txt NeighborSum 20.1
0.0 0.1010369275992407 -1.9977900000000002 0.5163038670000001 -51.9470690481878 H3_noCP.txt NeighborSum 20.1
0.0 0.07845801194407051 -4.73053 0.467438631 -60.46633130363151 H3_noCP.txt NeighborSum 20.1
0.0 0.11328308764995845 -3.1488 0.574262765 -42.99274775715617 H3_noCP.txt NeighborSum 20.1
0.0 0.11935717801868413 -0.18274 0.595199657 -44.2935054046316 H3_noCP.txt NeighborSum 20.1
0.0 0.0764463879978006 -3.23461 0.509046026 -63.93479112085549 H3_noCP.txt NeighborSum 20.1
0.0 0.09204391715710686 -2.77369 0.510678066 -55.81424425711596 H3_noCP.txt NeighborSum 20.1
0.0 0.12070372304428888 -0.08763 0.627501588 -43.608124853506155 H3_noCP.txt NeighborSum 20.1
0.0 0.10599720586126032 -1.15649 0.549632638 -50.413576333871596 H3_noCP.txt NeighborSum 20.1
0.0 0.06672945455219609 -3.9233 0.454219304 -68.46743471617903 H3_noCP.txt NeighborSum 20.1
0.0 0.10421986300777128 -2.31607 0.539641004 -49.56978758137906 H3_noCP.txt NeighborSum 20.1
0.0 0.12060391049033846 -1.7281900000000001 0.632049147 -40.99934045755659 H3_noCP.txt NeighborSum 20.1
0.0 0.07680837796471136 -4.04467 0.5385445320000001 -62.35037421563474 H3_noCP.txt NeighborSum 20.1
0.0 0.0695296994630685 -4.4366900000000005 0.47043307700000003 -66.00819882593669 H3_noCP.txt NeighborSum 20.1
0.0 0.11655047409974584 -0.93916 0.628100731 -44.58858324050414 H3_noCP.txt NeighborSum 20.1
0.0 0.10177188353721138 -1.38571 0.5995188779999999 -52.328941169201364 H3_noCP.txt NeighborSum 20.1
0.0 0.05117558536799702 -4.76964 0.478859209 -75.87908458950214 H3_noCP.txt NeighborSum 20.1
0.0 0.09086496170845777 -3.66705 0.542138731 -54.966097800559425 H3_noCP.txt NeighborSum 20.1
0.0 0.11486225216216842 -1.60765 0.6318788329999999 -44.4573060003914 H3_noCP.txt NeighborSum 20.1
0.0 0.06904601888419545 -2.145 0.5543414720000001 -69.79917997851852 H3_noCP.txt NeighborSum 20.1
0.0 0.05910828014020311 -3.17593 0.49846790700000004 -73.90581656979192 H3_noCP.txt NeighborSum 20.1
0.0 0.10909886231329023 -1.05362 0.616650998 -48.66375128453937 H3_noCP.txt NeighborSum 20.1
0.0 0.09397217002387423 -3.1393400000000002 0.59456164 -53.934189549209485 H3_noCP.txt NeighborSum 20.1
0.0 0.04455184247057686 -3.0171799999999998 0.491998065 -82.44877366869095 H3_noCP.txt NeighborSum 20.1
0.0 0.06631606906035883 -4.10324 0.53317147 -68.22980789112972 H3_noCP.txt NeighborSum 20.1
0.0 0.08988032582892538 0.52582 0.632076224 -62.10472339286322 H3_noCP.txt NeighborSum 20.1
0.0 0.05687266388787482 -1.9917200000000002 0.48253840600000003 -77.12921383000533 H3_noCP.txt NeighborSum 20.1
0.0 0.025164554864328337 -4.6731300000000005 0.42923938799999994 -90.92907098322638 H3_noCP.txt NeighborSum 20.1
0.0 0.06695576887233162 -1.1148 0.5406159979999999 -72.68566932032147 H3_noCP.txt NeighborSum 20.1
0.0 0.06571790768263683 -5.404 0.529124751 -66.47385551194091 H3_noCP.txt NeighborSum 20.1
0.0 0.008478137282991405 -4.9215 0.34616749799999996 -100.19934697330864 H3_noCP.txt NeighborSum 20.1
0.0 0.025086424078159836 -2.3531299999999997 0.40682385299999996 -94.77959250106024 H3_noCP.txt NeighborSum 20.1
0.0 0.07196464752250065 -2.96365 0.46264375 -67.02645771925161 H3_noCP.txt NeighborSum 20.1
0.0 0.02424798617089574 -4.0631699999999995 0.270529635 -92.80149087040213 H3_noCP.txt NeighborSum 20.1
0.0 -0.017362497757932055 -4.13784 0.32355924199999997 -116.2025552293442 H3_noCP.txt NeighborSum 20.1
0.0 0.029529246465373193 -3.01452 0.328395925 -91.36483523087588 H3_noCP.txt NeighborSum 20.1
0.0 0.039703809809002316 -5.09443 0.28760917399999997 -82.3110689264002 H3_noCP.txt NeighborSum 20.1
0.0 -0.01570543217826109 -2.28589 0.391556774 -118.10200264828408 H3_noCP.txt NeighborSum 20.1
0.0 -0.01687577783690719 -3.6143 0.40505386200000004 -116.58613768241317 H3_noCP.txt NeighborSum 20.1
0.0 0.031191132880635797 -2.23618 0.43676337600000004 -91.43132412523484 H3_noCP.txt NeighborSum 20.1
0.0 0.007206495711758465 -3.2566200000000003 0.41662983600000003 -103.45451739076948 H3_noCP.txt NeighborSum 20.1
0.0 -0.047903316200951396 -3.9775699999999996 0.408527766 -133.62055178140773 H3_noCP.txt NeighborSum 20.1
0.0 -0.014391565054625632 -3.66304 0.426183226 -115.04716986478236 H3_noCP.txt NeighborSum 20.1
0.0 0.015502596304909105 -2.33928 0.38656022700000003 -100.29421209122036 H3_noCP.txt NeighborSum 20.1
0.0 -0.051428561333495104 -4.78178 0.431684229 -134.26895030069633 H3_noCP.txt NeighborSum 20.1
0.0 -0.06616890969364286 -2.92275 0.38025284600000003 -145.771364440355 H3_noCP.txt NeighborSum 20.1
0.0 0.0025110954097537774 -2.8843799999999997 0.346179275 -106.88672328201466 H3_noCP.txt NeighborSum 20.1
0.0 -0.005626482301397562 -5.10075 0.497762087 -107.57557996751021 H3_noCP.txt NeighborSum 20.1
0.0 -0.07883462838077115 -5.5473 0.37975270899999997 -148.72182982374204 H3_noCP.txt NeighborSum 20.1
0.0 -0.038817783704444886 -5.75177 0.40330024700000006 -125.59868643600116 H3_noCP.txt NeighborSum 20.1
0.0 0.025646978394663927 -1.9061400000000002 0.403129698 -95.19296214448747 H3_noCP.txt NeighborSum 20.1
0.0 -0.0018317640478437702 -4.0602 0.47261561799999996 -107.1611216489114 H3_noCP.txt NeighborSum 20.1
0.0 -0.034668129376144385 -6.95578 0.4003109 -121.29910609997216 H3_noCP.txt NeighborSum 20.1
0.0 0.044656915817631176 -3.20118 0.353239521 -82.4099331600617 H3_noCP.txt NeighborSum 20.1
0.0 0.07377148023159258 -2.07735 0.40932059299999995 -67.55661454935168 H3_noCP.txt NeighborSum 20.1
0.0 0.056972853066881324 -2.42921 0.376497109 -76.60777219451847 H3_noCP.txt NeighborSum 20.1
0.0 0.10742828032094368 -0.34126999999999996 0.41242343299999995 -51.23484645110105 H3_noCP.txt NeighborSum 20.1
0.0 0.02635290417350447 -1.1374 0.5084373289999999 -95.7941319930816 H3_noCP.txt NeighborSum 20.1
0.0 0.0068907917505204586 -3.56227 0.533053811 -102.87188881236276 H3_noCP.txt NeighborSum 20.1
0.0 0.08059412558754657 -6.054069999999999 0.455954045 -57.13693738104877 H3_noCP.txt NeighborSum 20.1
0.0 0.04529538948368764 -5.75949 0.563980563 -77.4228670625417 H3_noCP.txt NeighborSum 20.1
0.0 0.12006441206864987 -1.7259799999999998 0.46174990200000005 -41.70054474057719 H3_noCP.txt NeighborSum 20.1
0.0 0.10423364048454815 -0.27599 0.498023719 -52.95916246130797 H3_noCP.txt NeighborSum 20.1
0.0 0.1303006183474648 0.78786 0.488295188 -39.89158228520498 H3_noCP.txt NeighborSum 20.1
0.0 0.07324920863453635 -1.25191 0.465452962 -69.06035304911083 H3_noCP.txt NeighborSum 20.1
0.0 0.024454820894321716 -3.39295 0.389150128 -93.4962365867147 H3_noCP.txt NeighborSum 20.1
0.0 0.08893794402305986 -0.6642 0.546774317 -60.91017712315344 H3_noCP.txt NeighborSum 20.1
0.0 0.07822971525363337 -0.54879 0.518248533 -67.24703422682103 H3_noCP.txt NeighborSum 20.1
0.0 -0.010348662223829519 -4.67577 0.33817693200000004 -111.31304550865613 H3_noCP.txt NeighborSum 20.1
0.0 0.029280649855594088 -3.6124400000000003 0.48954524299999996 -90.1683624504432 H3_noCP.txt NeighborSum 20.1
0.0 0.08884220629006594 -2.14659 0.614015761 -58.41108636356658 H3_noCP.txt NeighborSum 20.1
0.0 0.03049407341727875 -3.42675 0.379966177 -90.03103352172549 H3_noCP.txt NeighborSum 20.1
0.0 -0.006488166931368972 -2.43284 0.354909653 -112.71095268783864 H3_noCP.txt NeighborSum 20.1
0.0 0.07691329154567254 -2.60718 0.583038153 -64.51499625013831 H3_noCP.txt NeighborSum 20.1
0.0 0.0925983711433271 -1.84538 0.579307992 -56.843955173771676 H3_noCP.txt NeighborSum 20.1
0.0 0.033832506768904425 -1.4708299999999999 0.383977002 -91.29030619102627 H3_noCP.txt NeighborSum 20.1
0.0 0.07246785001018938 -5.06677 0.590394481 -63.0435066769756 H3_noCP.txt NeighborSum 20.1
0.0 0.13297009968173915 0.14959 0.5006800610000001 -37.3133370842987 H3_noCP.txt NeighborSum 20.1
0.0 0.10310715282982258 -2.3538799999999998 0.484987789 -50.26636084986525 H3_noCP.txt NeighborSum 20.1
0.0 0.07068356898817746 -1.97868 0.41250554700000003 -69.46358297803755 H3_noCP.txt NeighborSum 20.1
0.0 0.11735928690223177 -1.68432 0.640975992 -42.89348195487504 H3_noCP.txt NeighborSum 20.1
0.0 0.1613594048681965 -2.93833 0.346884099 -16.537855506610207 H3_noCP.txt NeighborSum 20.1
0.0 0.17589545955006483 0.00428 0.498689027 -12.691923356153467 H3_noCP.txt NeighborSum 20.1
0.0 0.1858036903536693 3.39402 0.309540596 -12.982185071717051 H3_noCP.txt NeighborSum 20.1
0.0 0.20422850869929662 3.7293199999999995 0.472378626 -2.681634730917841 H3_noCP.txt NeighborSum 20.1
0.0 0.19593518516661787 3.02247 0.48686325700000005 -6.216805229132999 H3_noCP.txt NeighborSum 20.1
0.0 0.14639088082209195 -1.44359 0.259698915 -27.66246660992283 H3_noCP.txt NeighborSum 20.1
0.0 0.16226755062637527 0.04102 0.467037937 -20.56764421240975 H3_noCP.txt NeighborSum 20.1
0.0 0.12077558770575217 -5.15766 0.349740606 -35.99988698465188 H3_noCP.txt NeighborSum 20.1
0.0 0.1553553262725002 -2.09295 0.601158313 -20.73369291401259 H3_noCP.txt NeighborSum 20.1
0.0 0.09297941881287643 -2.09427 0.48943199299999995 -56.431030739765085 H3_noCP.txt NeighborSum 20.1
0.0 0.12736158143373033 -0.9528 0.5965704270000001 -38.4958853333408 H3_noCP.txt NeighborSum 20.1
0.0 0.09814446529931313 -0.93621 0.49946761100000003 -55.347315691414074 H3_noCP.txt NeighborSum 20.1
0.0 0.09577523804682177 -4.12068 0.393469877 -51.78326374018032 H3_noCP.txt NeighborSum 20.1
0.0 0.08005249566425808 -1.51253 0.5625284229999999 -64.54991740218699 H3_noCP.txt NeighborSum 20.1
0.0 0.13919765654163618 -3.8361 0.570197539 -27.164729928106055 H3_noCP.txt NeighborSum 20.1
0.0 0.16094838828804264 -0.29297 0.47560633799999996 -20.757010909999718 H3_noCP.txt NeighborSum 20.1
0.0 0.15842861754070836 0.84165 0.353029544 -24.30651906821013 H3_noCP.txt NeighborSum 20.1
0.0 0.11286423313281778 -0.7801899999999999 0.403688576 -47.45577603432193 H3_noCP.txt NeighborSum 20.1
0.0 0.10599491413119949 -0.54588 0.559945629 -51.37939722542737 H3_noCP.txt NeighborSum 20.1
0.0 0.1396479797136373 -0.0536 0.5748094420000001 -33.01979692101021 H3_noCP.txt NeighborSum 20.1
0.0 0.1074795519226435 -1.19656 0.428623689 -49.78432298264729 H3_noCP.txt NeighborSum 20.1
0.0 0.05939342291224481 -2.19318 0.575558465 -75.15722982536262 H3_noCP.txt NeighborSum 20.1
0.0 0.12722242315253582 1.59275 0.6061897860000001 -42.67254488882517 H3_noCP.txt NeighborSum 20.1
0.0 0.16366131526760624 0.1107 0.46754069299999995 -19.887301191243573 H3_noCP.txt NeighborSum 20.1
0.0 0.16659912682062183 0.41361000000000003 0.563904458 -18.486927722880754 H3_noCP.txt NeighborSum 20.1
0.0 0.1653775873953181 0.28113 0.544507881 -19.01116327136518 H3_noCP.txt NeighborSum 20.1
0.0 0.14002152340841909 -2.27529 0.44077327299999997 -29.519797929184485 H3_noCP.txt NeighborSum 20.1
0.0 0.1282281292860155 -3.70025 0.427404248 -33.945545381553096 H3_noCP.txt NeighborSum 20.1
0.0 0.14061370835263184 -2.84012 0.611011815 -27.87826050221903 H3_noCP.txt NeighborSum 20.1
0.0 0.13275996505269383 -1.13788 0.562273126 -35.20767474465594 H3_noCP.txt NeighborSum 20.1
0.0 0.09571577028669795 -4.2066300000000005 0.41020382200000005 -51.63952609117327 H3_noCP.txt NeighborSum 20.1
0.0 0.1097851938606152 -2.08391 0.5760193220000001 -46.6996695910161 H3_noCP.txt NeighborSum 20.1
0.0 0.1300729146879891 0.0015 0.620165623 -38.44550581042113 H3_noCP.txt NeighborSum 20.1
0.0 0.10114459994627042 -2.16323 0.485308723 -51.68932010168691 H3_noCP.txt NeighborSum 20.1
0.0 0.07831769343600109 -4.83761 0.40399002100000003 -60.51846973041603 H3_noCP.txt NeighborSum 20.1
0.0 0.11280709565913612 -2.8658 0.5993166120000001 -43.663682212137076 H3_noCP.txt NeighborSum 20.1
0.0 0.11791706931060718 -0.51165 0.583949304 -44.60532896148855 H3_noCP.txt NeighborSum 20.1
0.0 0.07456315011709366 -3.94918 0.426396575 -64.03822267963609 H3_noCP.txt NeighborSum 20.1
0.0 0.09179186581409354 -2.78632 0.544642374 -55.85902738464939 H3_noCP.txt NeighborSum 20.1
0.0 0.12316599120640742 0.051739999999999994 0.639230418 -42.40764800478774 H3_noCP.txt NeighborSum 20.1
0.0 0.10110430185350652 -1.73511 0.536271912 -52.288048355958615 H3_noCP.txt NeighborSum 20.1
0.0 0.06554141946577699 -3.9533099999999997 0.39236601600000004 -69.23596641141906 H3_noCP.txt NeighborSum 20.1
0.0 0.10467572191050396 -1.74702 0.576458363 -50.147155650776874 H3_noCP.txt NeighborSum 20.1
0.0 0.11739734898941744 -1.75657 0.621906065 -42.79871861937337 H3_noCP.txt NeighborSum 20.1
0.0 0.07085857133795065 -3.38826 0.495719354 -66.89180920486429 H3_noCP.txt NeighborSum 20.1
0.0 0.06945734233636378 -3.48545 0.467466891 -67.59559651815508 H3_noCP.txt NeighborSum 20.1
0.0 0.1141537147497546 0.039169999999999996 0.631669233 -47.52557604977135 H3_noCP.txt NeighborSum 20.1
0.0 0.09268993539584319 -2.27652 0.607153363 -56.03023251783343 H3_noCP.txt NeighborSum 20.1
0.0 0.04712583167826351 -5.13785 0.408430113 -77.74604277970337 H3_noCP.txt NeighborSum 20.1
0.0 0.09013405276659353 -3.2387599999999996 0.567722225 -56.015798549441946 H3_noCP.txt NeighborSum 20.1
0.0 0.1075485322820293 -2.9165400000000004 0.643275644 -46.468610253351855 H3_noCP.txt NeighborSum 20.1
0.0 0.06394647019216634 -4.50715 0.514645867 -68.9651095184795 H3_noCP.txt NeighborSum 20.1
0.0 0.05839136067181719 -4.03849 0.446254287 -73.03713112341123 H3_noCP.txt NeighborSum 20.1
0.0 0.10626951184032876 -1.36978 0.607264091 -49.78131753523203 H3_noCP.txt NeighborSum 20.1
0.0 0.08795492430960794 -4.307980000000001 0.59031896 -55.47171122785541 H3_noCP.txt NeighborSum 20.1
0.0 0.04227896780189955 -3.5346300000000004 0.40190763 -83.10970598734347 H3_noCP.txt NeighborSum 20.1
0.0 0.06850404551512701 -2.5691900000000003 0.542195954 -69.44852589700186 H3_noCP.txt NeighborSum 20.1
0.0 0.09087255192394558 0.28557 0.625742436 -61.16665416187148 H3_noCP.txt NeighborSum 20.1
0.0 0.053007677152545035 0.031389999999999994 0.499055425 -82.5615952526929 H3_noCP.txt NeighborSum 20.1
0.0 0.0283469172599064 -4.03036 0.387679481 -90.25649336063033 H3_noCP.txt NeighborSum 20.1
0.0 0.06937784232074451 -2.02353 0.548842022 -69.81984714853891 H3_noCP.txt NeighborSum 20.1
0.0 0.05631782131772953 -5.07726 0.552774454 -72.28960378628096 H3_noCP.txt NeighborSum 20.1
0.0 0.002600231666259334 -5.28832 0.384117365 -102.8584549920421 H3_noCP.txt NeighborSum 20.1
0.0 0.03164306699465355 -2.36821 0.479061963 -90.86371841737014 H3_noCP.txt NeighborSum 20.1
0.0 0.06861828857055663 -2.95877 0.533813016 -68.77237187828955 H3_noCP.txt NeighborSum 20.1
0.0 0.016867401027930218 -3.71619 0.311900771 -97.46178938850471 H3_noCP.txt NeighborSum 20.1
0.0 -0.018448631811681493 -4.48718 0.40536602200000005 -116.06648436026465 H3_noCP.txt NeighborSum 20.1
0.0 0.027899702342768368 -3.1313400000000002 0.5403663000000001 -91.61493573798535 H3_noCP.txt NeighborSum 20.1
0.0 0.033717462405658566 -5.72685 0.287898969 -84.68843526206487 H3_noCP.txt NeighborSum 20.1
0.0 -0.021172933706683106 -2.59026 0.36824023899999997 -120.76967386557463 H3_noCP.txt NeighborSum 20.1
0.0 -0.01743096014737161 -2.8663 0.486555808 -117.92498993477362 H3_noCP.txt NeighborSum 20.1
0.0 0.025028830255927975 -2.4493400000000003 0.46446700700000004 -94.52424114988085 H3_noCP.txt NeighborSum 20.1
0.0 0.0018801861361756045 -3.8369400000000002 0.422476545 -105.52839742561251 H3_noCP.txt NeighborSum 20.1
0.0 -0.050926646962425715 -3.8988699999999996 0.382383951 -135.52585635588554 H3_noCP.txt NeighborSum 20.1
0.0 -0.022912001467157106 -4.07024 0.5066315379999999 -119.0448584386888 H3_noCP.txt NeighborSum 20.1
0.0 0.012154728073470344 -2.38199 0.384565318 -102.13197982434109 H3_noCP.txt NeighborSum 20.1
0.0 -0.04899454112262927 -3.82156 0.439312904 -134.4223906121694 H3_noCP.txt NeighborSum 20.1
0.0 -0.07022347766140757 -3.38786 0.415290525 -147.24204188297142 H3_noCP.txt NeighborSum 20.1
0.0 -0.002010917299265419 -3.11426 0.373295355 -109.02189341236516 H3_noCP.txt NeighborSum 20.1
0.0 -0.006488374215636417 -5.24012 0.482192467 -107.87551960366379 H3_noCP.txt NeighborSum 20.1
0.0 -0.07945018353503258 -5.12656 0.403193686 -149.69868615531124 H3_noCP.txt NeighborSum 20.1
0.0 -0.03602960639341188 -5.4106 0.416671749 -124.53584090641104 H3_noCP.txt NeighborSum 20.1
0.0 0.02756681928421484 -2.74384 0.411535695 -92.72705640726299 H3_noCP.txt NeighborSum 20.1
0.0 0.009686845044257736 -2.92053 0.494932181 -102.40925505643276 H3_noCP.txt NeighborSum 20.1
0.0 -0.030209120848400245 -6.717910000000001 0.34988148799999996 -119.26620370700711 H3_noCP.txt NeighborSum 20.1
0.0 0.05019443433786375 -1.9202700000000001 0.349563584 -81.34487987624517 H3_noCP.txt NeighborSum 20.1
0.0 0.08505622200049094 -1.8167900000000001 0.420269957 -61.54100084983409 H3_noCP.txt NeighborSum 20.1
0.0 0.0672758324407067 -0.51203 0.373279735 -73.86359044773633 H3_noCP.txt NeighborSum 20.1
0.0 0.11526813980796813 -0.09657 0.334679664 -47.35467349911515 H3_noCP.txt NeighborSum 20.1
0.0 0.022536667845748592 -1.49485 0.24028275600000001 -97.9998746038919 H3_noCP.txt NeighborSum 20.1
0.0 0.005029220336760898 -3.73869 0.365272282 -104.02944067851736 H3_noCP.txt NeighborSum 20.1
0.0 0.08686430726576813 -2.59388 0.562063996 -58.930373039149565 H3_noCP.txt NeighborSum 20.1
0.0 0.04913990073220001 -5.61514 0.56157671 -75.47749341070106 H3_noCP.txt NeighborSum 20.1
0.0 0.11962622363229056 -2.1396599999999997 0.46457996 -41.273537706941504 H3_noCP.txt NeighborSum 20.1
0.0 0.08810751783994802 -2.37709 0.452984855 -58.82530240801728 H3_noCP.txt NeighborSum 20.1
0.0 0.12187734524447588 0.17981 0.380298829 -43.94175485350167 H3_noCP.txt NeighborSum 20.1
0.0 0.055536388149944466 -2.60548 0.41469953200000004 -77.05099164472462 H3_noCP.txt NeighborSum 20.1
0.0 0.027437481303688227 -3.9884699999999995 0.37972525100000004 -90.85930847736768 H3_noCP.txt NeighborSum 20.1
0.0 0.08681316870160309 -0.18059 0.568492374 -62.85029881218882 H3_noCP.txt NeighborSum 20.1
0.0 0.0700857009406958 -0.9666899999999999 0.511658692 -71.21339274775097 H3_noCP.txt NeighborSum 20.1
0.0 -0.015588475980318789 -4.8795 0.394994434 -113.8301948418878 H3_noCP.txt NeighborSum 20.1
0.0 0.02683413967406359 -3.67725 0.5344718820000001 -91.35044796824556 H3_noCP.txt NeighborSum 20.1
0.0 0.07698242993192538 -3.05186 0.6160794629999999 -63.68017137685853 H3_noCP.txt NeighborSum 20.1
0.0 0.024092818990009368 -3.64711 0.45229618 -93.14559368763675 H3_noCP.txt NeighborSum 20.1
0.0 -0.007808004770867488 -2.49425 0.457767935 -113.12531422035937 H3_noCP.txt NeighborSum 20.1
0.0 0.06332459093245019 -1.96038 0.599357063 -73.24559105543358 H3_noCP.txt NeighborSum 20.1
0.0 0.08467406834758846 -1.69825 0.583571932 -61.5749812631521 H3_noCP.txt NeighborSum 20.1
0.0 0.02827197441020371 -1.7158099999999998 0.477452749 -93.83875185894422 H3_noCP.txt NeighborSum 20.1
0.0 0.055626312567048086 -4.23326 0.58835187 -73.96674510883648 H3_noCP.txt NeighborSum 20.1
0.0 0.11714066327684448 -1.06952 0.510262173 -44.31286208614891 H3_noCP.txt NeighborSum 20.1
0.0 0.10065520278080743 -2.15604 0.43641206299999996 -52.09132566273904 H3_noCP.txt NeighborSum 20.1
0.0 0.06679323953097341 -2.29049 0.455058025 -71.07177892852091 H3_noCP.txt NeighborSum 20.1
0.0 0.11141164341128461 -1.0211700000000001 0.605456103 -47.42781979528257 H3_noCP.txt NeighborSum 20.1
0.0 0.15523546262391913 -0.29344000000000003 0.327122072 -24.3433989828409 H3_noCP.txt NeighborSum 20.1
0.0 0.1451497416121625 -2.6590599999999998 0.5048545879999999 -25.8376249887219 H3_noCP.txt NeighborSum 20.1
0.0 0.16403809483006468 0.47193 0.43632172399999997 -20.329509953461564 H3_noCP.txt NeighborSum 20.1
0.0 0.167652379730257 0.8982 0.477707583 -18.870650050098295 H3_noCP.txt NeighborSum 20.1
0.0 0.16361142519727975 -0.2394 0.38170655299999995 -19.546163475027654 H3_noCP.txt NeighborSum 20.1
0.0 0.11152685681778833 -3.05671 0.267033665 -44.8452245662519 H3_noCP.txt NeighborSum 20.1
0.0 0.14832290279760843 -0.22077 0.477258311 -28.044050524032688 H3_noCP.txt NeighborSum 20.1
0.0 0.09968004691001948 -6.60376 0.437279676 -45.44531158803413 H3_noCP.txt NeighborSum 20.1
0.0 0.14477476233143202 -1.60209 0.617598402 -27.502371276968738 H3_noCP.txt NeighborSum 20.1
0.0 0.0875649466585599 -3.18765 0.4937018 -57.72829908573717 H3_noCP.txt NeighborSum 20.1
0.0 0.1224401646182706 1.1406399999999999 0.5949203479999999 -44.68408585685216 H3_noCP.txt NeighborSum 20.1
0.0 0.0929729070793741 -1.32924 0.512895651 -57.618961067038086 H3_noCP.txt NeighborSum 20.1
0.0 0.09278626617783947 -4.64228 0.41149199 -52.5961060439554 H3_noCP.txt NeighborSum 20.1
0.0 0.07245246636678535 -1.37019 0.566663894 -69.08922949488722 H3_noCP.txt NeighborSum 20.1
0.0 0.13087236763155458 -4.19771 0.573623731 -31.30218926554231 H3_noCP.txt NeighborSum 20.1
0.0 0.1499353631644153 -0.04808 0.49894597799999996 -27.357501914067367 H3_noCP.txt NeighborSum 20.1
0.0 0.15119590272583472 -0.23083 0.42073976399999996 -26.525078624396407 H3_noCP.txt NeighborSum 20.1
0.0 0.09837724098757676 -1.1378 0.383610335 -55.15485478249205 H3_noCP.txt NeighborSum 20.1
0.0 0.09224078776733641 -2.88341 0.566483721 -55.39665776588108 H3_noCP.txt NeighborSum 20.1
0.0 0.13435825213981967 0.04784 0.465709462 -36.440204730561895 H3_noCP.txt NeighborSum 20.1
0.0 0.1126963893782576 -0.60415 0.394561194 -47.85700786417504 H3_noCP.txt NeighborSum 20.1
0.0 0.054476373395083655 -2.186 0.543240415 -78.03700488520067 H3_noCP.txt NeighborSum 20.1
0.0 0.10252261718065452 -2.75189 0.618551087 -49.64765351837019 H3_noCP.txt NeighborSum 20.1
0.0 0.1677026142907519 -0.06371 0.593738037 -17.018912745828253 H3_noCP.txt NeighborSum 20.1
0.0 0.17015310812597 0.79046 0.564438746 -17.07616458275963 H3_noCP.txt NeighborSum 20.1
0.0 0.1669836613538901 -0.45848999999999995 0.547516672 -16.894669812990436 H3_noCP.txt NeighborSum 20.1
0.0 0.14107851798372645 -2.05804 0.42045763 -29.317445105385335 H3_noCP.txt NeighborSum 20.1
0.0 0.1332151010604183 -2.46537 0.47543648899999996 -33.00008347173718 H3_noCP.txt NeighborSum 20.1
0.0 0.14679397209063685 -3.09908 0.598960413 -23.97512226452556 H3_noCP.txt NeighborSum 20.1
0.0 0.13605194687854044 -1.20107 0.55870095 -33.243059910009556 H3_noCP.txt NeighborSum 20.1
0.0 0.09979200978626783 -3.4281300000000003 0.43738865899999996 -50.52083161927402 H3_noCP.txt NeighborSum 20.1
0.0 0.11392503339522175 -1.69757 0.583953198 -44.95437920313237 H3_noCP.txt NeighborSum 20.1
0.0 0.13037631132810634 0.14145 0.6068642470000001 -38.53014965605747 H3_noCP.txt NeighborSum 20.1
0.0 0.1025863263360876 -2.03707 0.44480627100000003 -51.16729558352916 H3_noCP.txt NeighborSum 20.1
0.0 0.07825972763312512 -4.7304 0.450382689 -60.61837716620913 H3_noCP.txt NeighborSum 20.1
0.0 0.11344469880782249 -2.53619 0.6043597039999999 -43.82324135485466 H3_noCP.txt NeighborSum 20.1
0.0 0.11962451563268145 -0.12594 0.571118742 -44.288824107548436 H3_noCP.txt NeighborSum 20.1
0.0 0.07520348025690343 -3.8332300000000004 0.43419291200000004 -63.8441257722305 H3_noCP.txt NeighborSum 20.1
0.0 0.0906810597730254 -2.3094 0.577173467 -57.187338723907835 H3_noCP.txt NeighborSum 20.1
0.0 0.12010910556469889 0.0807 0.6382663679999999 -44.19369748377608 H3_noCP.txt NeighborSum 20.1
0.0 0.10271950358712541 -1.36635 0.5005725120000001 -52.04904282657919 H3_noCP.txt NeighborSum 20.1
0.0 0.06306285296551825 -4.04703 0.439313535 -70.38483854630952 H3_noCP.txt NeighborSum 20.1
0.0 0.0974965194200753 -2.53589 0.593647392 -52.91031597310287 H3_noCP.txt NeighborSum 20.1
0.0 0.11512785398430232 -2.32882 0.622521708 -43.16074484496823 H3_noCP.txt NeighborSum 20.1
0.0 0.07174927879223167 -2.3620799999999997 0.482879744 -68.0759346174415 H3_noCP.txt NeighborSum 20.1
0.0 0.0637421657523175 -4.3730400000000005 0.514298648 -69.29903715013012 H3_noCP.txt NeighborSum 20.1
0.0 0.10658346201190143 -1.28578 0.637086279 -49.670386769684875 H3_noCP.txt NeighborSum 20.1
0.0 0.09210855170005719 -1.76027 0.581951777 -57.2539472225 H3_noCP.txt NeighborSum 20.1
0.0 0.045117647594551114 -4.75711 0.46066588399999997 -79.38335128395344 H3_noCP.txt NeighborSum 20.1
0.0 0.08197298689427443 -4.41633 0.5917318429999999 -58.69213925392768 H3_noCP.txt NeighborSum 20.1
0.0 0.10302457927624338 -2.95255 0.6331921939999999 -49.0040643643453 H3_noCP.txt NeighborSum 20.1
0.0 0.06217621776409271 -4.01106 0.45608784399999996 -70.90833026265786 H3_noCP.txt NeighborSum 20.1
0.0 0.054721488302107824 -3.00875 0.490030666 -76.6883928005473 H3_noCP.txt NeighborSum 20.1
0.0 0.09862101046698883 -1.36355 0.614803357 -54.12007739961273 H3_noCP.txt NeighborSum 20.1
0.0 0.08607560444856022 -4.80221 0.544333849 -55.84531494749669 H3_noCP.txt NeighborSum 20.1
0.0 0.04121691059540955 -3.3186199999999997 0.41235610899999997 -84.038775633483 H3_noCP.txt NeighborSum 20.1
0.0 0.06059519408407091 -3.5095 0.566876072 -72.36399274003273 H3_noCP.txt NeighborSum 20.1
0.0 0.0803057951124738 -0.0153 0.635124982 -66.6623708372639 H3_noCP.txt NeighborSum 20.1
0.0 0.046928587943309175 0.55593 0.491812211 -86.88136343482158 H3_noCP.txt NeighborSum 20.1
0.0 0.02016673687217438 -3.80654 0.425811019 -95.17925286600494 H3_noCP.txt NeighborSum 20.1
0.0 0.06114777159362883 -1.54641 0.586719497 -75.18147521287138 H3_noCP.txt NeighborSum 20.1
0.0 0.05186112782073954 -5.086130000000001 0.551305233 -74.81098121012526 H3_noCP.txt NeighborSum 20.1
0.0 -0.0018821562355572918 -4.6477699999999995 0.449131647 -106.29277006125098 H3_noCP.txt NeighborSum 20.1
0.0 0.0240771738148704 -1.68062 0.49881140700000004 -96.23020175327918 H3_noCP.txt NeighborSum 20.1
0.0 0.06274646128049532 -2.78645 0.521583404 -72.415794346306 H3_noCP.txt NeighborSum 20.1
0.0 0.01551826436958162 -3.22231 0.37879340100000003 -98.87406332444733 H3_noCP.txt NeighborSum 20.1
0.0 -0.02324085738387266 -4.343319999999999 0.464461998 -118.88660936471368 H3_noCP.txt NeighborSum 20.1
0.0 0.02161069673557761 -3.20198 0.5360474470000001 -95.08403608798113 H3_noCP.txt NeighborSum 20.1
0.0 0.030353154599331217 -6.21378 0.307794794 -85.7663555150457 H3_noCP.txt NeighborSum 20.1
0.0 -0.022224362314725105 -2.7833900000000003 0.422469544 -120.93001980710687 H3_noCP.txt NeighborSum 20.1
0.0 -0.021879261016000212 -2.68834 0.553563832 -120.58670948236065 H3_noCP.txt NeighborSum 20.1
0.0 0.020835608471332007 -2.1739 0.45590487799999996 -97.37232110110429 H3_noCP.txt NeighborSum 20.1
0.0 0.0033838308544917317 -2.87977 0.40714502799999996 -106.25828065012132 H3_noCP.txt NeighborSum 20.1
0.0 -0.05224373175722441 -4.21333 0.47076554600000003 -135.56236585621207 H3_noCP.txt NeighborSum 20.1
0.0 -0.01674317302162337 -3.98978 0.49141218299999995 -115.70480476510616 H3_noCP.txt NeighborSum 20.1
0.0 0.01429376960558193 -2.81077 0.385400415 -100.22069659890383 H3_noCP.txt NeighborSum 20.1
0.0 -0.04693244791442874 -5.25553 0.437332735 -130.93451199420784 H3_noCP.txt NeighborSum 20.1
0.0 -0.0668403421650764 -3.3245199999999997 0.49708766 -145.23436347608663 H3_noCP.txt NeighborSum 20.1
0.0 -0.0035499295399228914 -2.71549 0.36169065200000006 -110.56839491436814 H3_noCP.txt NeighborSum 20.1
0.0 0.000396238101441182 -4.7866800000000005 0.41398308799999994 -104.85405873932866 H3_noCP.txt NeighborSum 20.1
0.0 -0.07578968830695648 -5.0761 0.456874455 -147.57712977641754 H3_noCP.txt NeighborSum 20.1
0.0 -0.036320997512825026 -5.39295 0.44288720000000004 -124.66977668950443 H3_noCP.txt NeighborSum 20.1
0.0 0.024070905142575816 -1.88965 0.46636381 -95.9699858251878 H3_noCP.txt NeighborSum 20.1
0.0 0.0007004705790532861 -3.8445 0.450734477 -106.12160233637964 H3_noCP.txt NeighborSum 20.1
0.0 -0.03610475106549346 -7.825239999999999 0.427269469 -120.6463874130833 H3_noCP.txt NeighborSum 20.1
0.0 0.042450266287379745 -3.8010300000000004 0.39304744399999997 -82.60158075298786 H3_noCP.txt NeighborSum 20.1
0.0 0.07416037518092938 -2.0045900000000003 0.46393950700000003 -67.32796499647117 H3_noCP.txt NeighborSum 20.1
0.0 0.052458641835758824 -3.6809 0.485260775 -76.89733204227359 H3_noCP.txt NeighborSum 20.1
0.0 0.10472408953789772 -0.25187 0.41446194700000005 -52.911409564974264 H3_noCP.txt NeighborSum 20.1
0.0 0.020645529758856168 -2.1976400000000003 0.296096304 -97.80889204305944 H3_noCP.txt NeighborSum 20.1
0.0 0.008952775999780754 -2.86952 0.48675974 -102.92768488903863 H3_noCP.txt NeighborSum 20.1
0.0 0.08991792190700039 -2.8608599999999997 0.56537855 -56.75557667706937 H3_noCP.txt NeighborSum 20.1
0.0 0.046048088815599936 -6.19442 0.560533917 -76.299203363665 H3_noCP.txt NeighborSum 20.1
0.0 0.12392652729933006 -1.9631900000000002 0.460823665 -39.12426438214593 H3_noCP.txt NeighborSum 20.1
0.0 0.09527917522053943 -2.92345 0.47046865299999996 -53.82589126625294 H3_noCP.txt NeighborSum 20.1
0.0 0.1348804138904203 0.7518199999999999 0.419822546 -37.3881899768677 H3_noCP.txt NeighborSum 20.1
0.0 0.0819802610046462 -1.6641599999999999 0.36153280600000004 -63.670705469764826 H3_noCP.txt NeighborSum 20.1
0.0 0.027871332984076097 -4.2178 0.388813265 -90.22077375951814 H3_noCP.txt NeighborSum 20.1
0.0 0.08820597791634516 -0.67915 0.5820084879999999 -61.22098407643144 H3_noCP.txt NeighborSum 20.1
0.0 0.07453895831592264 -1.10036 0.513791627 -68.46175914347046 H3_noCP.txt NeighborSum 20.1
0.0 -0.014417366372585644 -5.2012 0.392317454 -112.65026646129876 H3_noCP.txt NeighborSum 20.1
0.0 0.027678742603500256 -2.74257 0.534449489 -92.38325492369077 H3_noCP.txt NeighborSum 20.1
0.0 0.08514334028257597 -1.8952799999999999 0.621989157 -60.90124217699506 H3_noCP.txt NeighborSum 20.1
0.0 0.0343184474914594 -3.32553 0.462519736 -87.83220422095553 H3_noCP.txt NeighborSum 20.1
0.0 -0.008035546434521174 -3.2298400000000003 0.431765031 -112.12385284047515 H3_noCP.txt NeighborSum 20.1
0.0 0.06464172264007106 -3.00248 0.594060732 -70.82282193999609 H3_noCP.txt NeighborSum 20.1
0.0 0.08817099988396031 -1.9705599999999999 0.578834163 -59.15815118507158 H3_noCP.txt NeighborSum 20.1
0.0 0.021419496850749425 -1.88963 0.44943011 -97.51547394479603 H3_noCP.txt NeighborSum 20.1
0.0 0.046788011974119 -4.844530000000001 0.579266 -78.02039223033265 H3_noCP.txt NeighborSum 20.1
0.0 0.10844000040782854 1.0777299999999999 0.5207396320000001 -52.70772106456892 H3_noCP.txt NeighborSum 20.1
0.0 0.08567766726814642 -1.05014 0.365010035 -62.55552013794527 H3_noCP.txt NeighborSum 20.1
0.0 0.04792998827226627 -2.52051 0.407446563 -81.52722941377758 H3_noCP.txt NeighborSum 20.1
0.0 0.08598433421085125 -0.65501 0.612620955 -62.45212363249254 H3_noCP.txt NeighborSum 20.1
0.0 0.13592237943201668 -1.97508 0.392259914 -32.446253236491884 H3_noCP.txt NeighborSum 20.1
0.0 0.13321804519189484 -3.57439 0.5561670870000001 -31.018199702758974 H3_noCP.txt NeighborSum 20.1
0.0 0.15384191897660082 -0.0055899999999999995 0.380062688 -25.479509467561638 H3_noCP.txt NeighborSum 20.1
0.0 0.15900400304886958 -2.62371 0.439272669 -18.173243401986916 H3_noCP.txt NeighborSum 20.1
0.0 0.168542635113588 -0.21843 0.414991602 -16.701679157250393 H3_noCP.txt NeighborSum 20.1
0.0 0.12389767294568768 -0.9630200000000001 0.314603852 -41.095099637236224 H3_noCP.txt NeighborSum 20.1
0.0 0.13845801349633 -0.73868 0.493516488 -32.773912436984496 H3_noCP.txt NeighborSum 20.1
0.0 0.09319025414028004 -5.45621 0.364622847 -51.15693348344106 H3_noCP.txt NeighborSum 20.1
0.0 0.1315192493374038 -3.1049599999999997 0.6013225179999999 -32.6395031285557 H3_noCP.txt NeighborSum 20.1
0.0 0.07936903928796203 -4.12046 0.487016267 -60.891041569517476 H3_noCP.txt NeighborSum 20.1
0.0 0.10695846779574113 -2.06128 0.57918101 -48.33522027127357 H3_noCP.txt NeighborSum 20.1
0.0 0.08846586348944718 -0.31143000000000004 0.502247853 -61.851588555560674 H3_noCP.txt NeighborSum 20.1
0.0 0.08651516210639815 -4.28469 0.432441566 -56.6900484705939 H3_noCP.txt NeighborSum 20.1
0.0 0.06973056503973968 -1.25944 0.584495518 -70.77414105863956 H3_noCP.txt NeighborSum 20.1
0.0 0.12845819412982037 -4.81659 0.57182225 -31.67650938611386 H3_noCP.txt NeighborSum 20.1
0.0 0.15030469697301893 -0.53857 0.496861171 -26.358627361096143 H3_noCP.txt NeighborSum 20.1
0.0 0.1485900963205851 -0.1696 0.38902169299999995 -28.177667342206135 H3_noCP.txt NeighborSum 20.1
0.0 0.09503060707291867 -1.14458 0.391918259 -57.026410181152514 H3_noCP.txt NeighborSum 20.1
0.0 0.09451735201321407 -2.8054200000000002 0.5209321029999999 -54.33390352985461 H3_noCP.txt NeighborSum 20.1
0.0 0.1302707656775744 -0.35188 0.468353003 -38.10980327842356 H3_noCP.txt NeighborSum 20.1
0.0 0.10717287500897887 -1.76164 0.392518945 -49.126976050227015 H3_noCP.txt NeighborSum 20.1
0.0 0.05711845269307178 -1.8778599999999999 0.3525717 -77.47227898057074 H3_noCP.txt NeighborSum 20.1
0.0 0.11168863411373123 -0.61363 0.641637324 -47.84689900701363 H3_noCP.txt NeighborSum 20.1
1.0 0.13401737739944014 -4.75777 0.69905717 -28.320709902495153 H3_noCP.txt NeighborSum 20.1
1.0 0.14811055109928387 -1.2940200000000002 0.6478339710000001 -26.036069579247588 H3_noCP.txt NeighborSum 20.1
0.0 0.12308844913950487 -1.45537 0.483448964 -40.37036356851404 H3_noCP.txt NeighborSum 20.1
0.0 0.11331893611935683 -3.89779 0.428008725 -42.09608370504249 H3_noCP.txt NeighborSum 20.1
1.0 0.13969278235237614 -2.7384 0.579302426 -28.63898391834653 H3_noCP.txt NeighborSum 20.1
1.0 0.14407694380596459 -3.62681 0.595265533 -24.673392644919993 H3_noCP.txt NeighborSum 20.1
0.0 0.11788201204619862 -1.29095 0.501678063 -43.55297067792765 H3_noCP.txt NeighborSum 20.1
1.0 0.1248092111257568 -3.75295 0.47662662100000003 -35.689901232847156 H3_noCP.txt NeighborSum 20.1
1.0 0.1528030157841117 -2.5434400000000004 0.679766952 -21.27436966600019 H3_noCP.txt NeighborSum 20.1
1.0 0.1622890677223898 0.51657 0.6279264170000001 -20.955574686550907 H3_noCP.txt NeighborSum 20.1
0.0 0.12690109959200924 -0.9336 0.45169699799999996 -39.12129950777364 H3_noCP.txt NeighborSum 20.1
1.0 0.15440923204781304 -1.79045 0.546161722 -21.887133396833278 H3_noCP.txt NeighborSum 20.1
1.0 0.1697104606644953 -1.3240399999999999 0.630650387 -13.753561060957635 H3_noCP.txt NeighborSum 20.1
0.0 0.15350019698807965 0.18962 0.5042671989999999 -25.704381303233983 H3_noCP.txt NeighborSum 20.1
0.0 0.14802573008495168 -2.26927 0.48197349100000003 -24.88682050739044 H3_noCP.txt NeighborSum 20.1
1.0 0.18063032895471415 1.6089200000000001 0.630753393 -12.295151288822238 H3_noCP.txt NeighborSum 20.1
0.0 0.18477787616900454 -0.31093000000000004 0.78011504 -6.488403921665831 H3_noCP.txt NeighborSum 20.1
1.0 0.18556855115134696 0.0206 0.7309945940000001 -6.688474347007116 H3_noCP.txt NeighborSum 20.1
1.0 0.17773817550850807 0.38414 0.749115592 -11.684542690007369 H3_noCP.txt NeighborSum 20.1
1.0 0.16371298459103056 -0.37162 0.578004096 -18.82369371343964 H3_noCP.txt NeighborSum 20.1
0.0 0.1866409094362346 -1.01975 0.74782007 -4.356820529822204 H3_noCP.txt NeighborSum 20.1
0.0 0.1425092960478666 -3.4985699999999995 0.623264499 -25.707397576521 H3_noCP.txt NeighborSum 20.1
0.0 0.1826609645619352 2.34185 0.657316866 -12.26647606767663 H3_noCP.txt NeighborSum 20.1
0.0 0.15290180092233865 1.81148 0.666177814 -28.297378211915785 H3_noCP.txt NeighborSum 20.1
0.0 0.11993152705715468 -0.8239299999999999 0.666824629 -42.764979891682536 H3_noCP.txt NeighborSum 20.1
0.0 0.0721141750896504 -2.21698 0.363254491 -68.37813125883767 H3_noCP.txt NeighborSum 20.1
0.0 0.12550980593135372 -0.0665 0.403111979 -41.42672493123994 H3_noCP.txt NeighborSum 20.1
0.0 0.1230236369766941 -1.59397 0.43562194299999996 -40.29271315514536 H3_noCP.txt NeighborSum 20.1
0.0 0.15988286593066112 -0.5896 0.511120366 -20.80084030060694 H3_noCP.txt NeighborSum 20.1
0.0 0.1478296730799999 -1.4661799999999998 0.5656706229999999 -26.10572823553753 H3_noCP.txt NeighborSum 20.1
0.0 0.18303596306324554 -0.25813 0.570654191 -8.044642969515927 H3_noCP.txt NeighborSum 20.1
0.0 0.17554478864231965 -1.41549 0.640544341 -10.267688604062528 H3_noCP.txt NeighborSum 20.1
0.0 0.16851847229157835 1.21723 0.639236861 -18.523899346399986 H3_noCP.txt NeighborSum 20.1
0.0 0.14126198539734072 -2.39566 0.6397586 -28.163192622555695 H3_noCP.txt NeighborSum 20.1
0.0 0.1477199884542914 -0.9435100000000001 0.596440879 -26.943272391875677 H3_noCP.txt NeighborSum 20.1
0.0 0.10951939926577114 -2.80478 0.5412026520000001 -45.76400671476375 H3_noCP.txt NeighborSum 20.1
0.0 0.0863920132889018 0.05205 0.42952213200000006 -63.78523891295799 H3_noCP.txt NeighborSum 20.1
0.0 0.11101856029000345 -2.4725599999999996 0.493951519 -45.55832896569026 H3_noCP.txt NeighborSum 20.1
0.0 0.09717325235273815 -4.09892 0.602264421 -50.54462986118256 H3_noCP.txt NeighborSum 20.1
0.0 0.039302241646490904 -5.40796 0.44734586600000004 -81.66501305882068 H3_noCP.txt NeighborSum 20.1
0.0 0.05763248243584482 -5.7612 0.382127 -70.82759279377136 H3_noCP.txt NeighborSum 20.1
0.0 0.08991240250628489 -3.20132 0.544771566 -56.255039881448695 H3_noCP.txt NeighborSum 20.1
0.0 0.04765646578538835 -3.8035400000000004 0.423177569 -79.57008866143856 H3_noCP.txt NeighborSum 20.1
0.0 0.011454856032279637 -4.44307 0.403076121 -99.1515298003582 H3_noCP.txt NeighborSum 20.1
0.0 0.06308821414479432 -4.42333 0.531204229 -69.55041136768101 H3_noCP.txt NeighborSum 20.1
0.0 0.08592606898695551 -1.5268700000000002 0.5306678029999999 -61.2624243525168 H3_noCP.txt NeighborSum 20.1
0.0 0.03554644767350057 -2.32609 0.437249809 -88.80994446413881 H3_noCP.txt NeighborSum 20.1
0.0 0.04612587431902093 -1.1089200000000001 0.46735749 -84.69926827841566 H3_noCP.txt NeighborSum 20.1
0.0 0.09968404655985885 -1.28695 0.624816382 -53.617018936062856 H3_noCP.txt NeighborSum 20.1
0.0 0.09294075842236894 -3.8285699999999996 0.489040682 -53.64713312469211 H3_noCP.txt NeighborSum 20.1
0.0 0.05073676241299824 -5.14881 0.44910567100000004 -75.58311380354424 H3_noCP.txt NeighborSum 20.1
0.0 0.08983896845393001 -1.62541 0.469638647 -59.019729869513164 H3_noCP.txt NeighborSum 20.1
0.0 0.12083665900174607 -1.3047799999999998 0.603729944 -41.617361850854174 H3_noCP.txt NeighborSum 20.1
0.0 0.09023609362810622 -2.9336900000000004 0.5002632379999999 -56.606451323123714 H3_noCP.txt NeighborSum 20.1
0.0 0.07893842868099105 -2.75751 0.43932583399999997 -63.451014246574445 H3_noCP.txt NeighborSum 20.1
0.0 0.12351233683916704 -1.34156 0.579146798 -40.093931283550205 H3_noCP.txt NeighborSum 20.1
0.0 0.1261589091990003 -2.12549 0.6065467489999999 -37.25848870033987 H3_noCP.txt NeighborSum 20.1
0.0 0.0890345802802096 -3.61401 0.481717532 -56.230738242038484 H3_noCP.txt NeighborSum 20.1
0.0 0.1041897665153856 -2.19707 0.42113054200000005 -50.05162507215402 H3_noCP.txt NeighborSum 20.1
0.0 0.13745324470603515 0.8555200000000001 0.571915455 -35.744828690300125 H3_noCP.txt NeighborSum 20.1
0.0 0.11925982560858017 -1.46995 0.5516969429999999 -42.365522243707744 H3_noCP.txt NeighborSum 20.1
0.0 0.09184985479680237 -4.861619999999999 0.439234554 -52.70950405739558 H3_noCP.txt NeighborSum 20.1
0.0 0.1143481279654215 -4.153519999999999 0.46081088200000003 -41.02208526379634 H3_noCP.txt NeighborSum 20.1
0.0 0.1302273429215501 -1.95822 0.6146252170000001 -35.19890068391389 H3_noCP.txt NeighborSum 20.1
0.0 0.10228074146001445 -0.48431 0.509948747 -53.70430177829507 H3_noCP.txt NeighborSum 20.1
0.0 0.09436001676827238 -0.54065 0.454936861 -58.240123663390214 H3_noCP.txt NeighborSum 20.1
0.0 0.11613661690892804 -2.17009 0.499189536 -43.127658211426585 H3_noCP.txt NeighborSum 20.1
0.0 0.11853018202049524 -0.71104 0.6021910070000001 -43.89236930575318 H3_noCP.txt NeighborSum 20.1
0.0 0.0849539376694077 -3.9596199999999997 0.518546851 -57.90551424600427 H3_noCP.txt NeighborSum 20.1
0.0 0.09660623445839302 -1.45186 0.457961345 -55.48215658203333 H3_noCP.txt NeighborSum 20.1
0.0 0.11072647995481254 -2.32088 0.525460049 -45.89741332343149 H3_noCP.txt NeighborSum 20.1
0.0 0.09107929346982667 -7.530530000000001 0.603318369 -48.451223088943294 H3_noCP.txt NeighborSum 20.1
0.0 0.0833311612356461 -2.7305200000000003 0.549756481 -60.74508547263532 H3_noCP.txt NeighborSum 20.1
0.0 0.09765581532125732 -4.30751 0.580807725 -49.98212511426532 H3_noCP.txt NeighborSum 20.1
0.0 0.10320207697759005 -1.7258099999999998 0.634181451 -50.88627239852628 H3_noCP.txt NeighborSum 20.1
0.0 0.08051125535872972 -1.18195 0.619746482 -64.6928527775936 H3_noCP.txt NeighborSum 20.1
0.0 0.08781680281579525 -2.64982 0.62398496 -58.156422831165926 H3_noCP.txt NeighborSum 20.1
0.0 0.09814854050627955 -3.12395 0.628880946 -51.50721039931425 H3_noCP.txt NeighborSum 20.1
0.0 0.089124017763225 -3.5175300000000003 0.579603666 -56.11127364219944 H3_noCP.txt NeighborSum 20.1
0.0 0.07930420943974267 -3.43685 0.5758332429999999 -61.830262309591006 H3_noCP.txt NeighborSum 20.1
0.0 0.10375128580356761 -1.85087 0.620360106 -50.4035482365735 H3_noCP.txt NeighborSum 20.1
0.0 0.09754297865108977 -3.3003400000000003 0.5417961920000001 -51.76581496629606 H3_noCP.txt NeighborSum 20.1
0.0 0.09231318696062932 -1.8385200000000002 0.460142172 -57.290756600432296 H3_noCP.txt NeighborSum 20.1
0.0 0.10057458524911254 -2.82625 0.563614512 -50.760367618980105 H3_noCP.txt NeighborSum 20.1
0.0 0.11629348366126284 -0.9902200000000001 0.5018061429999999 -44.941998326799045 H3_noCP.txt NeighborSum 20.1
0.0 0.10291012277116143 -6.0986400000000005 0.5603430079999999 -44.144809584966595 H3_noCP.txt NeighborSum 20.1
0.0 0.12478572185162819 5.26967 0.41371816299999997 -50.44977691127152 H3_noCP.txt NeighborSum 20.1
0.0 0.1411934145271314 3.39804 0.25123988199999997 -38.47078576574554 H3_noCP.txt NeighborSum 20.1
0.0 0.12711926229274084 -3.83505 0.607399108 -33.94411983140822 H3_noCP.txt NeighborSum 20.1
0.0 0.11541085341698966 -2.42327 0.541983715 -43.032032221266896 H3_noCP.txt NeighborSum 20.1
0.0 0.125289028212275 -4.7131300000000005 0.33415347 -34.190498689997604 H3_noCP.txt NeighborSum 20.1
0.0 0.10008020271504074 -4.36946 0.462233314 -48.776589131707546 H3_noCP.txt NeighborSum 20.1
0.0 0.1321075940734674 -0.29921 0.254434063 -37.64257616892261 H3_noCP.txt NeighborSum 20.1
0.0 0.10789700393569904 -1.95715 0.316120234 -48.5745477962521 H3_noCP.txt NeighborSum 20.1
0.0 0.14278244830591239 -2.09951 0.261316096 -28.64758660910291 H3_noCP.txt NeighborSum 20.1
0.0 0.10862294674527996 -2.1375599999999997 0.335489908 -47.825603072504926 H3_noCP.txt NeighborSum 20.1
0.0 0.12764110441193438 -0.64753 0.5023241979999999 -39.04752831173721 H3_noCP.txt NeighborSum 20.1
0.0 0.10670025659459036 -5.0457 0.403206386 -44.05611138134504 H3_noCP.txt NeighborSum 20.1
0.0 0.13353364050962085 -2.3073599999999996 0.541336978 -32.92347108156321 H3_noCP.txt NeighborSum 20.1
0.0 0.12003989258720985 -3.20706 0.614300241 -38.96720268294581 H3_noCP.txt NeighborSum 20.1
0.0 0.14513108615506773 -4.24697 0.590431103 -23.081858230345098 H3_noCP.txt NeighborSum 20.1
0.0 0.1423281716223081 -4.26129 0.661403561 -24.48835828219586 H3_noCP.txt NeighborSum 20.1
0.0 0.15520843073501583 -1.3301399999999999 0.583158969 -22.09301458041958 H3_noCP.txt NeighborSum 20.1
0.0 0.13234966535699055 -0.00773 0.69259174 -36.97056503065261 H3_noCP.txt NeighborSum 20.1
0.0 0.15399810985243806 -4.685919999999999 0.616167129 -17.27399525078907 H3_noCP.txt NeighborSum 20.1
0.0 0.1621808468948731 -2.16794 0.548487042 -16.854924228565686 H3_noCP.txt NeighborSum 20.1
0.0 0.1640703755041233 0.10503 0.508037714 -19.552693202328093 H3_noCP.txt NeighborSum 20.1
0.0 0.14009889043011386 -1.88707 0.50698248 -29.95208251832981 H3_noCP.txt NeighborSum 20.1
0.0 0.13498097296469308 -2.67076 0.591047054 -31.398800097375627 H3_noCP.txt NeighborSum 20.1
0.0 0.1534729337685349 -0.33149 0.53873164 -24.79737204376708 H3_noCP.txt NeighborSum 20.1
0.0 0.14968642584568043 -3.02644 0.45251496700000005 -22.785445737993463 H3_noCP.txt NeighborSum 20.1
0.0 0.11949206647519989 -4.0757 0.29541363800000003 -38.60498641589776 H3_noCP.txt NeighborSum 20.1
1.0 0.1366021865706834 -1.53205 0.681401239 -32.11298280185039 H3_noCP.txt NeighborSum 20.1
1.0 0.1347644323912152 -4.91755 0.702726693 -27.629210162777245 H3_noCP.txt NeighborSum 20.1
1.0 0.14829945643553782 -1.27514 0.643291799 -25.96971657677525 H3_noCP.txt NeighborSum 20.1
0.0 0.12172179200802313 -1.29311 0.479991183 -41.417457670817974 H3_noCP.txt NeighborSum 20.1
0.0 0.11326259325290218 -3.85198 0.42544497200000003 -42.2081241510864 H3_noCP.txt NeighborSum 20.1
1.0 0.14003711871113061 -2.85527 0.583190318 -28.245258206996017 H3_noCP.txt NeighborSum 20.1
1.0 0.14398137850090018 -3.44489 0.591967233 -25.029684942059045 H3_noCP.txt NeighborSum 20.1
0.0 0.11775595497485432 -1.2597200000000002 0.48401853 -43.71569380331877 H3_noCP.txt NeighborSum 20.1
1.0 0.12517995211050986 -3.69254 0.47484611299999996 -35.58109613319796 H3_noCP.txt NeighborSum 20.1
1.0 0.15278965310486686 -2.40279 0.6813506779999999 -21.505951383542047 H3_noCP.txt NeighborSum 20.1
1.0 0.1635420222653735 0.43991 0.631045646 -20.112399198236158 H3_noCP.txt NeighborSum 20.1
0.0 0.12877463770271136 -1.08336 0.434100289 -37.85476772995181 H3_noCP.txt NeighborSum 20.1
1.0 0.15531194337633514 -1.6756 0.544192875 -21.564592288079684 H3_noCP.txt NeighborSum 20.1
1.0 0.17012923029512514 -1.69697 0.6328298960000001 -12.907060975431285 H3_noCP.txt NeighborSum 20.1
0.0 0.15656210835268858 -0.40057 0.43677371200000004 -23.164396914495594 H3_noCP.txt NeighborSum 20.1
0.0 0.1499462111042565 -1.98033 0.487119349 -24.25137396717332 H3_noCP.txt NeighborSum 20.1
1.0 0.1808729606540118 1.59349 0.6273222629999999 -12.140192012409218 H3_noCP.txt NeighborSum 20.1
0.0 0.18450810279609506 -0.21564 0.78332428 -6.788539202976549 H3_noCP.txt NeighborSum 20.1
1.0 0.18606902984792767 -0.03585 0.739252699 -6.293773244035073 H3_noCP.txt NeighborSum 20.1
1.0 0.17525041674702777 0.38713000000000003 0.7034061159999999 -13.207930304369311 H3_noCP.txt NeighborSum 20.1
1.0 0.16658460334542066 -0.38731 0.540255779 -17.253290986358746 H3_noCP.txt NeighborSum 20.1
0.0 0.1837130376861736 -1.57996 0.748905845 -5.111351800231862 H3_noCP.txt NeighborSum 20.1
0.0 0.13944171810236486 -4.22743 0.5532380020000001 -26.431674340327902 H3_noCP.txt NeighborSum 20.1
0.0 0.18001379077754756 2.68302 0.644745921 -14.351651159262039 H3_noCP.txt NeighborSum 20.1
0.0 0.1521430421961674 2.00924 0.273106697 -29.95121979829178 H3_noCP.txt NeighborSum 20.1
0.0 0.12231555357765335 -0.8249700000000001 0.612915315 -41.53245580678394 H3_noCP.txt NeighborSum 20.1
0.0 0.07103990015330788 -2.29809 0.588790597 -68.33935970582732 H3_noCP.txt NeighborSum 20.1
0.0 0.1239809069954053 -0.11523 0.562892802 -41.84968170959896 H3_noCP.txt NeighborSum 20.1
0.0 0.12011619241178281 -1.85847 0.463587352 -41.45248313816432 H3_noCP.txt NeighborSum 20.1
0.0 0.15884313310618803 -0.5931 0.514859204 -21.377381482648428 H3_noCP.txt NeighborSum 20.1
0.0 0.1475997536564207 -1.40486 0.565636186 -26.33569021884816 H3_noCP.txt NeighborSum 20.1
0.0 0.1830732640655348 -0.24761999999999998 0.5718149929999999 -8.037791534410394 H3_noCP.txt NeighborSum 20.1
0.0 0.17598056848931437 -1.41029 0.640120458 -10.029461114926432 H3_noCP.txt NeighborSum 20.1
0.0 0.1675164865402819 1.12562 0.640861635 -18.941251017015123 H3_noCP.txt NeighborSum 20.1
0.0 0.1419265150818798 -2.33122 0.6194509739999999 -27.93652040956266 H3_noCP.txt NeighborSum 20.1
0.0 0.14787945167401423 -0.92338 0.591459914 -26.896679459939573 H3_noCP.txt NeighborSum 20.1
0.0 0.10912896233836657 -2.8022 0.528581312 -46.01901789059808 H3_noCP.txt NeighborSum 20.1
0.0 0.08708952217490695 -0.01974 0.32805728100000003 -63.50572515611716 H3_noCP.txt NeighborSum 20.1
0.0 0.11090131643645468 -2.48348 0.484794605 -45.628303907717566 H3_noCP.txt NeighborSum 20.1
0.0 0.09639395604101379 -4.05156 0.603275949 -51.06176123727503 H3_noCP.txt NeighborSum 20.1
0.0 0.03872010704408921 -5.37611 0.42034660700000004 -82.10933735167424 H3_noCP.txt NeighborSum 20.1
0.0 0.05619013222516894 -5.67761 0.3953137 -71.75215599368558 H3_noCP.txt NeighborSum 20.1
0.0 0.08867461713812674 -3.1579900000000003 0.554881606 -57.00527546433435 H3_noCP.txt NeighborSum 20.1
0.0 0.04698192697732051 -4.5826 0.42424344399999997 -78.69010545921334 H3_noCP.txt NeighborSum 20.1
0.0 0.010847365361917438 -4.29972 0.398735687 -99.73867768193576 H3_noCP.txt NeighborSum 20.1
0.0 0.06028301220157031 -4.19526 0.569476161 -71.42558508011462 H3_noCP.txt NeighborSum 20.1
0.0 0.08516210069158002 -1.7094799999999999 0.53272905 -61.396255738542315 H3_noCP.txt NeighborSum 20.1
0.0 0.03880855938383876 -2.48409 0.40001798 -86.78615960104803 H3_noCP.txt NeighborSum 20.1
0.0 0.039486717382245434 -2.68823 0.483434805 -85.87888418793618 H3_noCP.txt NeighborSum 20.1
0.0 0.09589263433184174 -1.20313 0.632002374 -55.89050590928948 H3_noCP.txt NeighborSum 20.1
0.0 0.08970051446062947 -4.346509999999999 0.476373758 -54.679149785350674 H3_noCP.txt NeighborSum 20.1
0.0 0.04731880254808743 -4.60651 0.39691166899999997 -78.52275719616648 H3_noCP.txt NeighborSum 20.1
0.0 0.08618356026767347 -1.7083 0.554862987 -60.766928555570075 H3_noCP.txt NeighborSum 20.1
0.0 0.11708790874215205 -1.49109 0.611772961 -43.42746547879252 H3_noCP.txt NeighborSum 20.1
0.0 0.08573766312978193 -3.0420700000000003 0.49320710799999995 -59.003328745293516 H3_noCP.txt NeighborSum 20.1
0.0 0.07828248962241 -2.69687 0.45682828 -63.88167447009391 H3_noCP.txt NeighborSum 20.1
0.0 0.12272438103205546 -1.18715 0.593139238 -40.75942164964907 H3_noCP.txt NeighborSum 20.1
0.0 0.12486147661484463 -2.17792 0.61215617 -37.89797550225535 H3_noCP.txt NeighborSum 20.1
0.0 0.08721975176436725 -3.7977199999999995 0.449198465 -57.039314132796086 H3_noCP.txt NeighborSum 20.1
0.0 0.10591291202497455 -2.1581 0.47678144899999997 -49.00777971875708 H3_noCP.txt NeighborSum 20.1
0.0 0.13896676461364244 0.9376 0.57104252 -35.01966608456189 H3_noCP.txt NeighborSum 20.1
0.0 0.1197511090547492 -1.41486 0.559444308 -42.15773345251453 H3_noCP.txt NeighborSum 20.1
0.0 0.09256221681000869 -4.72697 0.431092985 -52.54134132059446 H3_noCP.txt NeighborSum 20.1
0.0 0.11619793773901199 -3.45534 0.48679440799999996 -41.04125087785436 H3_noCP.txt NeighborSum 20.1
0.0 0.13124153704968772 -2.04081 0.616720799 -34.48414605674055 H3_noCP.txt NeighborSum 20.1
0.0 0.10298857250925388 -0.57995 0.516754622 -53.13169046930287 H3_noCP.txt NeighborSum 20.1
0.0 0.09476214095741414 -0.6097100000000001 0.48347495 -57.83433006804563 H3_noCP.txt NeighborSum 20.1
0.0 0.11636126417271314 -2.2187099999999997 0.502018272 -42.914828571448574 H3_noCP.txt NeighborSum 20.1
0.0 0.11919440058268911 -0.68489 0.607116558 -43.54596024951926 H3_noCP.txt NeighborSum 20.1
0.0 0.08528597928237014 -4.02353 0.51091208 -57.63094496254796 H3_noCP.txt NeighborSum 20.1
0.0 0.0962071571347335 -1.3895600000000001 0.463566869 -55.7968709216303 H3_noCP.txt NeighborSum 20.1
0.0 0.11050714071265015 -2.19767 0.524189417 -46.22436409695719 H3_noCP.txt NeighborSum 20.1
0.0 0.0908179563425338 -8.06823 0.604079564 -47.727765503750184 H3_noCP.txt NeighborSum 20.1
0.0 0.08252740468901945 -2.65016 0.559590165 -61.309262909752874 H3_noCP.txt NeighborSum 20.1
0.0 0.0969454152722655 -4.22106 0.57830857 -50.53143322504434 H3_noCP.txt NeighborSum 20.1
0.0 0.10325976532758942 -1.6193600000000001 0.63108996 -51.03286935326221 H3_noCP.txt NeighborSum 20.1
0.0 0.08029362573777951 -1.26789 0.620732659 -64.67516451816384 H3_noCP.txt NeighborSum 20.1
0.0 0.08715420770162231 -2.69164 0.626154719 -58.46025560605916 H3_noCP.txt NeighborSum 20.1
0.0 0.09930736841086037 -3.23685 0.626778819 -50.67085917459796 H3_noCP.txt NeighborSum 20.1
0.0 0.09011623473995659 -3.79799 0.582491601 -55.08695751673941 H3_noCP.txt NeighborSum 20.1
0.0 0.08000193004358609 -3.5886099999999996 0.493538359 -61.37718398373891 H3_noCP.txt NeighborSum 20.1
0.0 0.10503783946685295 -1.7895599999999998 0.566932433 -49.894424519566634 H3_noCP.txt NeighborSum 20.1
0.0 0.1012666062926235 -3.24208 0.532304167 -49.7660798033551 H3_noCP.txt NeighborSum 20.1
0.0 0.09421497730312532 -1.48119 0.47057466700000006 -56.76447138691123 H3_noCP.txt NeighborSum 20.1
0.0 0.10268383329327946 -2.1564400000000004 0.384658061 -51.05682908565383 H3_noCP.txt NeighborSum 20.1
0.0 0.11838906097681422 -1.13286 0.5701065129999999 -43.363568675733866 H3_noCP.txt NeighborSum 20.1
0.0 0.10623964393763351 -6.61769 0.560870036 -41.41169430012466 H3_noCP.txt NeighborSum 20.1
0.0 0.12548701251859443 4.8735800000000005 0.5553398629999999 -49.085046132397466 H3_noCP.txt NeighborSum 20.1
0.0 0.13784759789642745 3.60952 0.589182174 -39.938129916830604 H3_noCP.txt NeighborSum 20.1
0.0 0.1300466379208147 -4.30213 0.618099716 -31.500254256912566 H3_noCP.txt NeighborSum 20.1
0.0 0.11958124308037484 -2.1326400000000003 0.551274732 -41.11137070479871 H3_noCP.txt NeighborSum 20.1
0.0 0.12867773021129286 -3.6939699999999998 0.331578695 -33.92029367594723 H3_noCP.txt NeighborSum 20.1
0.0 0.10277578966604896 -4.22694 0.44629499899999997 -47.51217012279657 H3_noCP.txt NeighborSum 20.1
0.0 0.1371775745123364 0.17248 0.263618748 -35.50402280553789 H3_noCP.txt NeighborSum 20.1
0.0 0.11059842122071532 -2.5862 0.29968727300000003 -46.05925515961126 H3_noCP.txt NeighborSum 20.1
0.0 0.14544337501682075 -2.2570099999999997 0.270686036 -26.85919633651903 H3_noCP.txt NeighborSum 20.1
0.0 0.10992963898310892 -2.00232 0.314576607 -47.350017160919606 H3_noCP.txt NeighborSum 20.1
0.0 0.13348997632514664 0.33482 0.494544545 -37.33179850720521 H3_noCP.txt NeighborSum 20.1
0.0 0.11170351510739299 -4.48065 0.39965766 -42.13580385964059 H3_noCP.txt NeighborSum 20.1
0.0 0.1373121226815543 -2.32292 0.542396994 -30.74886584933287 H3_noCP.txt NeighborSum 20.1
0.0 0.1252333750486803 -2.62324 0.613470917 -36.962939336640154 H3_noCP.txt NeighborSum 20.1
0.0 0.14679446744583857 -4.3788800000000005 0.59858662 -21.904491147104693 H3_noCP.txt NeighborSum 20.1
0.0 0.14328776599934784 -4.3021 0.665551103 -23.867531983698157 H3_noCP.txt NeighborSum 20.1
0.0 0.15484649895170471 -2.28167 0.588455546 -20.746565348841298 H3_noCP.txt NeighborSum 20.1
0.0 0.13624128184653864 -0.03752 0.692138169 -34.712121429776225 H3_noCP.txt NeighborSum 20.1
0.0 0.15719479753575272 -3.83055 0.627239158 -16.816481799963086 H3_noCP.txt NeighborSum 20.1
0.0 0.1666821303728712 -2.5259400000000003 0.543336694 -13.729674770941058 H3_noCP.txt NeighborSum 20.1
0.0 0.16704658680202164 0.16462000000000002 0.515838272 -17.940092564461523 H3_noCP.txt NeighborSum 20.1
0.0 0.14359027860658896 -1.59538 0.506680765 -28.440983922350316 H3_noCP.txt NeighborSum 20.1
0.0 0.1427338538850823 -1.68294 0.593593412 -28.586324286494996 H3_noCP.txt NeighborSum 20.1
0.0 0.15668288685002385 -0.04791 0.5201383279999999 -23.47506888852637 H3_noCP.txt NeighborSum 20.1
0.0 0.15199749114913072 -2.99001 0.414910062 -21.617578545853 H3_noCP.txt NeighborSum 20.1
0.0 0.12331670425989188 -4.42836 0.265395858 -35.92996492729808 H3_noCP.txt NeighborSum 20.1
1.0 0.13821313626264908 -0.8973899999999999 0.638151516 -32.32406032029182 H3_noCP.txt NeighborSum 20.1
1.0 0.1342820026628633 -4.93666 0.6978773779999999 -27.88354249481742 H3_noCP.txt NeighborSum 20.1
1.0 0.14805137773384114 -1.3856899999999999 0.645221375 -25.927335067315973 H3_noCP.txt NeighborSum 20.1
0.0 0.12288719517222516 -1.3856899999999999 0.485598256 -40.59255237566835 H3_noCP.txt NeighborSum 20.1
0.0 0.11374525859216525 -3.73593 0.42696645200000005 -42.1181861714014 H3_noCP.txt NeighborSum 20.1
1.0 0.1393592811945888 -2.7641400000000003 0.5802373710000001 -28.784679939534453 H3_noCP.txt NeighborSum 20.1
1.0 0.14352195908634233 -3.6781099999999998 0.5963068739999999 -24.90332864428752 H3_noCP.txt NeighborSum 20.1
0.0 0.11779912539184091 -1.3673600000000001 0.49139689200000003 -43.50001713215455 H3_noCP.txt NeighborSum 20.1
1.0 0.12473327437449318 -3.60129 0.473003104 -35.98681482507041 H3_noCP.txt NeighborSum 20.1
1.0 0.15163980551964856 -2.4070400000000003 0.6784302320000001 -22.15914003898953 H3_noCP.txt NeighborSum 20.1
1.0 0.1627755741122202 0.27874 0.633521178 -20.281386464035386 H3_noCP.txt NeighborSum 20.1
0.0 0.12749317788625858 -1.11469 0.43818284 -38.522832794909206 H3_noCP.txt NeighborSum 20.1
1.0 0.15295158995869265 -1.75142 0.534843153 -22.8045445925531 H3_noCP.txt NeighborSum 20.1
1.0 0.16900322508407115 -1.72343 0.6382136070000001 -13.491687990449778 H3_noCP.txt NeighborSum 20.1
0.0 0.1555085469605711 -0.40095 0.45108279799999995 -23.729571435649195 H3_noCP.txt NeighborSum 20.1
0.0 0.14784993410537067 -1.84978 0.484519631 -25.65975934583645 H3_noCP.txt NeighborSum 20.1
1.0 0.17905440786018056 1.5278 0.622449217 -13.078399213922086 H3_noCP.txt NeighborSum 20.1
0.0 0.18358590681988934 -0.30784 0.779557952 -7.17197848336389 H3_noCP.txt NeighborSum 20.1
1.0 0.18593932493138451 -0.06145 0.743506324 -6.316274780939153 H3_noCP.txt NeighborSum 20.1
1.0 0.17243241696221037 0.37206 0.6943847940000001 -14.80548667771571 H3_noCP.txt NeighborSum 20.1
1.0 0.16448741024759186 -0.35841999999999996 0.52869559 -18.51824888109887 H3_noCP.txt NeighborSum 20.1
0.0 0.18096882794488897 -1.58404 0.751478612 -6.658140859146803 H3_noCP.txt NeighborSum 20.1
0.0 0.13379679556013757 -4.24126 0.53634228 -29.655619294074228 H3_noCP.txt NeighborSum 20.1
0.0 0.1782782506051047 2.8491299999999997 0.630731965 -15.638822087311604 H3_noCP.txt NeighborSum 20.1
0.0 0.15191371005322185 2.11652 0.26460199100000004 -30.274680218755766 H3_noCP.txt NeighborSum 20.1
0.0 0.11608843673022416 -1.02019 0.594190494 -44.79785375621566 H3_noCP.txt NeighborSum 20.1
0.0 0.06745152778770858 -2.07897 0.59198064 -70.72562016253993 H3_noCP.txt NeighborSum 20.1
0.0 0.12290007490196521 -0.12717 0.5612220720000001 -42.44833951783758 H3_noCP.txt NeighborSum 20.1
0.0 0.11940286471608454 -1.49308 0.46018816100000004 -42.45695370550495 H3_noCP.txt NeighborSum 20.1
0.0 0.15824979270306838 -0.6406 0.510856713 -21.64684430520085 H3_noCP.txt NeighborSum 20.1
0.0 0.14634739622011134 -1.38762 0.561971226 -27.08361525806204 H3_noCP.txt NeighborSum 20.1
0.0 0.1829417724341714 -0.21591999999999997 0.576103016 -8.153962728586416 H3_noCP.txt NeighborSum 20.1
0.0 0.17554619559653836 -1.3971 0.6405398139999999 -10.296661632359081 H3_noCP.txt NeighborSum 20.1
0.0 0.16736701763483017 1.17292 0.6244870339999999 -19.14033379328759 H3_noCP.txt NeighborSum 20.1
0.0 0.1409585786514745 -2.3749599999999997 0.617758974 -28.419613476313778 H3_noCP.txt NeighborSum 20.1
0.0 0.147216941323777 -0.94216 0.524278674 -27.397009910106096 H3_noCP.txt NeighborSum 20.1
0.0 0.10999734679913216 -2.8370599999999997 0.302477381 -45.98839937822292 H3_noCP.txt NeighborSum 20.1
0.0 0.08688270049061798 -0.054279999999999995 0.28391378300000003 -63.66871681241865 H3_noCP.txt NeighborSum 20.1
0.0 0.11007426261840302 -2.36904 0.452496357 -46.35762588174412 H3_noCP.txt NeighborSum 20.1
0.0 0.09828870730886645 -4.07135 0.362642951 -50.50569979499917 H3_noCP.txt NeighborSum 20.1
0.0 0.039750604558002445 -5.44984 0.350578888 -81.5646853272565 H3_noCP.txt NeighborSum 20.1
0.0 0.05558943059583335 -5.64414 0.366364989 -72.21412886507366 H3_noCP.txt NeighborSum 20.1
0.0 0.08897861307728942 -3.2017 0.496147205 -56.89667916138704 H3_noCP.txt NeighborSum 20.1
0.0 0.048315090833603025 -4.05429 0.453936809 -78.71940263179914 H3_noCP.txt NeighborSum 20.1
0.0 0.010644057768778664 -4.4285 0.417836871 -99.6019203917438 H3_noCP.txt NeighborSum 20.1
0.0 0.05952253447071712 -4.51222 0.572445626 -71.33791752598371 H3_noCP.txt NeighborSum 20.1
0.0 0.08577514748652158 -1.34928 0.520767008 -61.658325277693656 H3_noCP.txt NeighborSum 20.1
0.0 0.03852464959722399 -2.1003 0.457231163 -87.43721607730927 H3_noCP.txt NeighborSum 20.1
0.0 0.03815618564238063 -2.9068099999999997 0.514592768 -86.20961398360902 H3_noCP.txt NeighborSum 20.1
0.0 0.0952927868781747 -1.3563 0.623140719 -56.00381010920808 H3_noCP.txt NeighborSum 20.1
0.0 0.09038216417597572 -4.40102 0.502096509 -54.144538346794825 H3_noCP.txt NeighborSum 20.1
0.0 0.04754128885981715 -5.025519999999999 0.44505646200000004 -77.60765792878146 H3_noCP.txt NeighborSum 20.1
0.0 0.08284561866779544 -2.1089700000000002 0.5651011779999999 -61.99164683922448 H3_noCP.txt NeighborSum 20.1
0.0 0.11608975156324715 -1.4231200000000002 0.627676276 -44.068114068407034 H3_noCP.txt NeighborSum 20.1
0.0 0.08713745404033016 -3.032 0.509212633 -58.1874889300209 H3_noCP.txt NeighborSum 20.1
0.0 0.0750017028912005 -2.54882 0.52069382 -65.8388059338394 H3_noCP.txt NeighborSum 20.1
0.0 0.1183802630884597 -1.28902 0.582708906 -43.086900645883304 H3_noCP.txt NeighborSum 20.1
0.0 0.12319411459929716 -2.18418 0.5817064510000001 -38.90518896355425 H3_noCP.txt NeighborSum 20.1
0.0 0.08596667236178893 -3.592 0.483357597 -58.00582285685555 H3_noCP.txt NeighborSum 20.1
0.0 0.10102587407007027 -1.8847099999999999 0.478788404 -52.222507557255206 H3_noCP.txt NeighborSum 20.1
0.0 0.13349373566636136 -0.42065 0.577203271 -35.91720346840657 H3_noCP.txt NeighborSum 20.1
0.0 0.11817978422798218 -1.87732 0.530808179 -42.367905583291474 H3_noCP.txt NeighborSum 20.1
0.0 0.09117561312628678 -4.76208 0.48924798399999997 -53.13886071543017 H3_noCP.txt NeighborSum 20.1
0.0 0.11415274085573618 -3.6391699999999996 0.486675686 -41.9061267962715 H3_noCP.txt NeighborSum 20.1
0.0 0.12977789623067132 -2.12472 0.6092385379999999 -35.19719193890712 H3_noCP.txt NeighborSum 20.1
0.0 0.10176944150035248 -0.5032 0.552529795 -53.86647512381092 H3_noCP.txt NeighborSum 20.1
0.0 0.09408165773180056 -0.50472 0.499347124 -58.354455755417696 H3_noCP.txt NeighborSum 20.1
0.0 0.11570489296540021 -2.2966599999999997 0.498846942 -43.16891793767845 H3_noCP.txt NeighborSum 20.1
0.0 0.1194209977748879 -0.7033699999999999 0.601511063 -43.400169175061734 H3_noCP.txt NeighborSum 20.1
0.0 0.08547328213526467 -3.93135 0.559678794 -57.56171105899186 H3_noCP.txt NeighborSum 20.1
0.0 0.0964952476412372 -1.36362 0.467353666 -55.666458523301586 H3_noCP.txt NeighborSum 20.1
0.0 0.11168604375352989 -2.29501 0.523631199 -45.39824249616036 H3_noCP.txt NeighborSum 20.1
0.0 0.09277978735076926 -7.1730100000000006 0.596002585 -48.08038227818923 H3_noCP.txt NeighborSum 20.1
0.0 0.08346514543611283 -2.66975 0.561989307 -60.73921131741096 H3_noCP.txt NeighborSum 20.1
0.0 0.09817220507318801 -4.08281 0.5785813710000001 -50.05746842689754 H3_noCP.txt NeighborSum 20.1
0.0 0.10382874534722385 -1.61904 0.633402618 -50.704773641531446 H3_noCP.txt NeighborSum 20.1
0.0 0.08033370316642018 -1.1492799999999999 0.62046461 -64.84496402968918 H3_noCP.txt NeighborSum 20.1
0.0 0.08694183822750969 -2.8942099999999997 0.62308481 -58.26014074407554 H3_noCP.txt NeighborSum 20.1
0.0 0.0985253637798475 -3.0901099999999997 0.628628715 -51.34843923795837 H3_noCP.txt NeighborSum 20.1
0.0 0.08751577292696938 -3.6308599999999998 0.579115295 -56.84281195157565 H3_noCP.txt NeighborSum 20.1
0.0 0.07853158626713114 -3.43745 0.49040095100000003 -62.46449458574673 H3_noCP.txt NeighborSum 20.1
0.0 0.10389336012376714 -1.8659700000000001 0.5610781770000001 -50.4345174892603 H3_noCP.txt NeighborSum 20.1
0.0 0.09608960703884883 -3.18398 0.547594981 -52.76664080300643 H3_noCP.txt NeighborSum 20.1
0.0 0.09065605672266815 -1.5293700000000001 0.475597705 -58.697193518771016 H3_noCP.txt NeighborSum 20.1
0.0 0.10269601398757355 -2.68237 0.38987730200000004 -50.18676554956251 H3_noCP.txt NeighborSum 20.1
0.0 0.11614994062692649 -0.8983700000000001 0.576558036 -45.00054923539678 H3_noCP.txt NeighborSum 20.1
0.0 0.10101514210889312 -6.13207 0.573996533 -45.136108706807704 H3_noCP.txt NeighborSum 20.1
0.0 0.12449535646373684 4.6192 0.564587385 -49.21559898229421 H3_noCP.txt NeighborSum 20.1
0.0 0.13855534999939073 2.55398 0.578914009 -37.85128550548936 H3_noCP.txt NeighborSum 20.1
0.0 0.12594074080127352 -4.14995 0.616478169 -34.08329460775598 H3_noCP.txt NeighborSum 20.1
0.0 0.1128241650708526 -2.19097 0.542083741 -44.877547384617195 H3_noCP.txt NeighborSum 20.1
0.0 0.11931470115415069 -5.79459 0.405185866 -35.67186171588658 H3_noCP.txt NeighborSum 20.1
0.0 0.0980890478336555 -4.53995 0.386004991 -49.80712562128688 H3_noCP.txt NeighborSum 20.1
0.0 0.1307764267141429 0.16827999999999999 0.39402143 -38.83499366900354 H3_noCP.txt NeighborSum 20.1
0.0 0.10744798326184637 -2.32023 0.47028355299999997 -47.88806295132293 H3_noCP.txt NeighborSum 20.1
0.0 0.1421745025994876 -2.2563 0.43954813299999995 -28.329990138153036 H3_noCP.txt NeighborSum 20.1
0.0 0.10787724068593929 -2.2328099999999997 0.356394544 -48.04716749652781 H3_noCP.txt NeighborSum 20.1
0.0 0.1256957165906303 -0.75188 0.494922401 -40.001045350472126 H3_noCP.txt NeighborSum 20.1
0.0 0.10321390713792725 -5.11908 0.393116784 -45.94151906139531 H3_noCP.txt NeighborSum 20.1
0.0 0.12946437208781708 -2.29067 0.576523853 -35.1818964044436 H3_noCP.txt NeighborSum 20.1
0.0 0.11719523478660254 -3.45165 0.613146999 -40.1903866712796 H3_noCP.txt NeighborSum 20.1
0.0 0.14209997586434608 -4.3838099999999995 0.599408462 -24.562104143041854 H3_noCP.txt NeighborSum 20.1
0.0 0.14081183848971213 -4.15693 0.663809216 -25.513331191687747 H3_noCP.txt NeighborSum 20.1
0.0 0.15473684976488267 -1.35755 0.585972665 -22.310152492056822 H3_noCP.txt NeighborSum 20.1
0.0 0.13174723314244408 -0.06909 0.693745535 -37.21092220707737 H3_noCP.txt NeighborSum 20.1
0.0 0.15437415397091814 -4.8783199999999995 0.612784647 -16.75671192445094 H3_noCP.txt NeighborSum 20.1
0.0 0.16313324204746849 -2.0211799999999998 0.545602612 -16.55789723414882 H3_noCP.txt NeighborSum 20.1
0.0 0.16564411489957714 0.2355 0.50286835 -18.88149296879486 H3_noCP.txt NeighborSum 20.1
0.0 0.14133748739625943 -1.6179299999999999 0.509836592 -29.677311270635595 H3_noCP.txt NeighborSum 20.1
0.0 0.13574674336276663 -2.75668 0.593028137 -30.82007719166417 H3_noCP.txt NeighborSum 20.1
0.0 0.15483146492251604 -0.30834 0.543879921 -24.05107776594674 H3_noCP.txt NeighborSum 20.1
0.0 0.15085458888760955 -2.8317099999999997 0.449719174 -22.44324660743925 H3_noCP.txt NeighborSum 20.1
0.0 0.12007993558259779 -3.9247099999999997 0.301185355 -38.50205617232945 H3_noCP.txt NeighborSum 20.1
1.0 0.13886020796731646 -1.33679 0.693856464 -31.117345348393073 H3_noCP.txt NeighborSum 20.1
