0.0 0.2116010415122037 1.52884 0.70281483 0.56155535 -27.883760268122114 ../testing_datasets/H3_epi.csv NeighborSum 40
0.0 0.1838243339405905 -0.5508 0.211964021 0.626477082 -27.06675772431372 ../testing_datasets/H3_epi.csv NeighborSum 40
0.0 0.19078685888782387 -0.68593 0.612367541 0.577727537 -30.336992813132788 ../testing_datasets/H3_epi.csv NeighborSum 40
0.0 0.1834999009170517 -2.9028 1.196666614 0.482218707 -34.736194890072674 ../testing_datasets/H3_epi.csv NeighborSum 40
0.0 0.17076541428419964 -2.42402 0.715100347 0.473249904 -35.949842218101665 ../testing_datasets/H3_epi.csv NeighborSum 40
0.0 0.15310044529089964 -3.42658 0.115711929 0.608409029 -33.99228240986715 ../testing_datasets/H3_epi.csv NeighborSum 40
0.0 0.1830107258406496 -1.3467 0.690582744 0.594653653 -42.07104417921022 ../testing_datasets/H3_epi.csv NeighborSum 40
0.0 0.16610277500761989 -4.18677 1.196403002 0.469250807 -47.00201433133777 ../testing_datasets/H3_epi.csv NeighborSum 40
0.0 0.16220809952200857 -2.34491 0.483154326 0.538550908 -47.32019494554923 ../testing_datasets/H3_epi.csv NeighborSum 40
0.0 0.17365995517958543 0.09823 0.130677272 0.609272048 -49.6779153602679 ../testing_datasets/H3_epi.csv NeighborSum 40
0.0 0.17359062209071863 -1.99779 0.943695555 0.516303867 -56.409860008926714 ../testing_datasets/H3_epi.csv NeighborSum 40
0.0 0.1481842705853547 -4.73053 0.958617728 0.467438631 -58.3879623982254 ../testing_datasets/H3_epi.csv NeighborSum 40
0.0 0.14587667794674122 -3.1488 0.262675306 0.574262765 -57.22611558162037 ../testing_datasets/H3_epi.csv NeighborSum 40
0.0 0.17641198958768894 -0.18274 0.539623645 0.595199657 -63.57783546902434 ../testing_datasets/H3_epi.csv NeighborSum 40
0.0 0.16473019961117788 -3.23461 1.223431364 0.509046026 -70.86789422507356 ../testing_datasets/H3_epi.csv NeighborSum 40
0.0 0.15639755439811698 -2.77369 0.815664173 0.510678066 -69.1248726656055 ../testing_datasets/H3_epi.csv NeighborSum 40
0.0 0.18235970414080285 -0.08763 0.760532859 0.627501588 -71.09448523156023 ../testing_datasets/H3_epi.csv NeighborSum 40
0.0 0.16972439407556822 -1.15649 0.854286305 0.549632638 -75.41200861003458 ../testing_datasets/H3_epi.csv NeighborSum 40
0.0 0.14857634961378477 -3.9233 1.153800785 0.454219304 -80.56848099168981 ../testing_datasets/H3_epi.csv NeighborSum 40
0.0 0.16508343510777967 -2.31607 1.042818155 0.539641004 -76.92228246079686 ../testing_datasets/H3_epi.csv NeighborSum 40
0.0 0.1687454284959648 -1.72819 0.812858912 0.632049147 -75.89372447498634 ../testing_datasets/H3_epi.csv NeighborSum 40
0.0 0.1466984638796293 -4.04467 1.048833101 0.538544532 -86.05531591570063 ../testing_datasets/H3_epi.csv NeighborSum 40
0.0 0.14031435742890158 -4.43669 1.118867783 0.470433077 -88.44136867197389 ../testing_datasets/H3_epi.csv NeighborSum 40
0.0 0.17690034819551892 -0.93916 1.004286968 0.628100731 -83.64732235217495 ../testing_datasets/H3_epi.csv NeighborSum 40
0.0 0.16425855611559553 -1.38571 0.864627887 0.599518878 -89.13786982036177 ../testing_datasets/H3_epi.csv NeighborSum 40
0.0 0.15028172274671572 -4.76964 1.682866623 0.478859209 -99.87107084811706 ../testing_datasets/H3_epi.csv NeighborSum 40
0.0 0.14350586624368125 -3.66705 0.973980498 0.542138731 -93.88433955547168 ../testing_datasets/H3_epi.csv NeighborSum 40
0.0 0.1679297301238111 -1.60765 1.019964963 0.631878833 -92.11771338879333 ../testing_datasets/H3_epi.csv NeighborSum 40
0.0 0.15298232404954706 -2.145 1.080741775 0.554341472 -107.13052228684995 ../testing_datasets/H3_epi.csv NeighborSum 40
0.0 0.13672989814146239 -3.17593 1.026439054 0.498467907 -112.55304813250183 ../testing_datasets/H3_epi.csv NeighborSum 40
0.0 0.15734352111376596 -1.05362 0.783120339 0.616650998 -104.70181775060476 ../testing_datasets/H3_epi.csv NeighborSum 40
0.0 0.1388877340584852 -3.13934 0.87491363 0.59456164 -111.21181718766185 ../testing_datasets/H3_epi.csv NeighborSum 40
0.0 0.1372107695518381 -3.01718 1.273974642 0.491998065 -128.5922007556348 ../testing_datasets/H3_epi.csv NeighborSum 40
0.0 0.11476282907295644 -4.10324 0.698662507 0.53317147 -124.71313224473373 ../testing_datasets/H3_epi.csv NeighborSum 40
0.0 0.1582114682338015 0.52582 0.806137062 0.632076224 -130.72339706769702 ../testing_datasets/H3_epi.csv NeighborSum 40
0.0 0.12942713007037623 -1.99172 0.999791515 0.482538406 -141.42489271841754 ../testing_datasets/H3_epi.csv NeighborSum 40
0.0 0.09125605975877155 -4.67313 0.723010869 0.429239388 -150.35361502926577 ../testing_datasets/H3_epi.csv NeighborSum 40
0.0 0.13525630156126559 -1.1148 0.9134052 0.540615998 -145.38229600166326 ../testing_datasets/H3_epi.csv NeighborSum 40
0.0 0.10845796546332856 -5.404 1.177075753 0.529124751 -145.9023792106147 ../testing_datasets/H3_epi.csv NeighborSum 40
0.0 0.07695687866595693 -4.9215 0.866090372 0.346167498 -172.99421102209095 ../testing_datasets/H3_epi.csv NeighborSum 40
0.0 0.10767468342612839 -2.35313 1.040738514 0.406823853 -171.33327393758444 ../testing_datasets/H3_epi.csv NeighborSum 40
0.0 0.10851001022402612 -2.96365 0.883922457 0.46264375 -157.3469850760105 ../testing_datasets/H3_epi.csv NeighborSum 40
0.0 0.08478485873153707 -4.06317 1.192942461 0.270529635 -182.13988464974645 ../testing_datasets/H3_epi.csv NeighborSum 40
0.0 0.058466759504114216 -4.13784 0.598159525 0.323559242 -201.62171993507593 ../testing_datasets/H3_epi.csv NeighborSum 40
0.0 0.09076784987637315 -3.01452 1.063868523 0.328395925 -185.7894081705099 ../testing_datasets/H3_epi.csv NeighborSum 40
0.0 0.07167240026902302 -5.09443 1.020103694 0.287609174 -182.98450038812527 ../testing_datasets/H3_epi.csv NeighborSum 40
0.0 0.06546769231739628 -2.28589 0.436271469 0.391556774 -214.9140938725167 ../testing_datasets/H3_epi.csv NeighborSum 40
0.0 0.05855081009907889 -3.6143 0.535295504 0.405053862 -215.5356874130594 ../testing_datasets/H3_epi.csv NeighborSum 40
0.0 0.09789241853673912 -2.23618 1.043296385 0.436763376 -195.8732432269713 ../testing_datasets/H3_epi.csv NeighborSum 40
0.0 0.07255741288123826 -3.25662 0.716735645 0.416629836 -206.55075852705167 ../testing_datasets/H3_epi.csv NeighborSum 40
0.0 0.04241202422879417 -3.97757 0.332333688 0.408527766 -229.05676250443707 ../testing_datasets/H3_epi.csv NeighborSum 40
0.0 0.07442575092754954 -3.66304 0.984743405 0.426183226 -214.37334789657623 ../testing_datasets/H3_epi.csv NeighborSum 40
0.0 0.08577887577876533 -2.33928 0.827641358 0.386560227 -198.33270915743122 ../testing_datasets/H3_epi.csv NeighborSum 40
0.0 0.057644305482058136 -4.78178 0.752629948 0.431684229 -215.9063399779519 ../testing_datasets/H3_epi.csv NeighborSum 40
0.0 0.06688635306796425 -2.92275 0.760721617 0.380252846 -221.0085700000166 ../testing_datasets/H3_epi.csv NeighborSum 40
0.0 0.08784086888118146 -2.88438 0.993678795 0.346179275 -191.28572057812636 ../testing_datasets/H3_epi.csv NeighborSum 40
0.0 0.07700800805670092 -5.10075 0.800457834 0.497762087 -184.42909089271413 ../testing_datasets/H3_epi.csv NeighborSum 40
0.0 0.05331129649330199 -5.5473 0.704684042 0.379752709 -203.21382082092634 ../testing_datasets/H3_epi.csv NeighborSum 40
0.0 0.07601157968600591 -5.75177 1.140684827 0.403300247 -185.8857183070433 ../testing_datasets/H3_epi.csv NeighborSum 40
0.0 0.10428143383520988 -1.90614 0.70700435 0.403129698 -163.73846283551129 ../testing_datasets/H3_epi.csv NeighborSum 40
0.0 0.10081596824472691 -4.0602 1.090830856 0.472615618 -169.29906944203972 ../testing_datasets/H3_epi.csv NeighborSum 40
0.0 0.06972150758101983 -6.95578 1.013050303 0.4003109 -171.2089247750158 ../testing_datasets/H3_epi.csv NeighborSum 40
0.0 0.11035639631285547 -3.20118 0.997334168 0.353239521 -143.85837361748492 ../testing_datasets/H3_epi.csv NeighborSum 40
0.0 0.11867626278129584 -2.07735 0.700903709 0.409320593 -133.5825968907489 ../testing_datasets/H3_epi.csv NeighborSum 40
0.0 0.12224430327907783 -2.42921 1.057297943 0.376497109 -139.2867798676369 ../testing_datasets/H3_epi.csv NeighborSum 40
0.0 0.14504206128463606 -0.34127 0.801095412 0.412423433 -115.91434319047256 ../testing_datasets/H3_epi.csv NeighborSum 40
0.0 0.14559403865306564 -1.1374 1.414119983 0.508437329 -152.06157562168656 ../testing_datasets/H3_epi.csv NeighborSum 40
0.0 0.12105282705452285 -3.56227 1.320760203 0.533053811 -159.32942327059914 ../testing_datasets/H3_epi.csv NeighborSum 40
0.0 0.1069490756112095 -6.05407 1.078336037 0.455954045 -123.81184858679998 ../testing_datasets/H3_epi.csv NeighborSum 40
0.0 0.11938394093699334 -5.75949 1.527139493 0.563980563 -145.10439924113913 ../testing_datasets/H3_epi.csv NeighborSum 40
0.0 0.14671198607068156 -1.72598 0.995512046 0.461749902 -109.26940357397773 ../testing_datasets/H3_epi.csv NeighborSum 40
0.0 0.14676718768353997 -0.27599 0.809259689 0.498023719 -124.45440292124128 ../testing_datasets/H3_epi.csv NeighborSum 40
0.0 0.15248574428692124 0.78786 0.661070452 0.488295188 -119.48237479586977 ../testing_datasets/H3_epi.csv NeighborSum 40
0.0 0.13788313794551935 -1.25191 1.286137987 0.465452962 -152.11044724400244 ../testing_datasets/H3_epi.csv NeighborSum 40
0.0 0.10798619417692676 -3.39295 1.206935439 0.389150128 -162.79072893515553 ../testing_datasets/H3_epi.csv NeighborSum 40
0.0 0.13318496659429666 -0.6642 0.629992918 0.546774317 -139.58658546305236 ../testing_datasets/H3_epi.csv NeighborSum 40
0.0 0.11797058926354337 -0.54879 0.537023876 0.518248533 -161.63857180025133 ../testing_datasets/H3_epi.csv NeighborSum 40
0.0 0.07919240517045675 -4.67577 1.163806547 0.338176932 -189.89655605158936 ../testing_datasets/H3_epi.csv NeighborSum 40
0.0 0.10779955413726786 -3.61244 1.138946126 0.489545243 -167.7172186952971 ../testing_datasets/H3_epi.csv NeighborSum 40
0.0 0.11273864045487221 -2.14659 0.433889401 0.614015761 -152.3016815604195 ../testing_datasets/H3_epi.csv NeighborSum 40
0.0 0.07805119391419135 -3.42675 0.753158473 0.379966177 -191.09055210913104 ../testing_datasets/H3_epi.csv NeighborSum 40
0.0 0.09712193614257196 -2.43284 1.307695958 0.354909653 -200.75487227301613 ../testing_datasets/H3_epi.csv NeighborSum 40
0.0 0.11561126904341464 -2.60718 0.821615474 0.583038153 -159.8325803846139 ../testing_datasets/H3_epi.csv NeighborSum 40
0.0 0.12029446416907176 -1.84538 0.867244679 0.579307992 -164.9043174555758 ../testing_datasets/H3_epi.csv NeighborSum 40
0.0 0.10236835428823136 -1.47083 1.13120506 0.383977002 -198.07294339271587 ../testing_datasets/H3_epi.csv NeighborSum 40
0.0 0.09706432174798788 -5.06677 0.951889434 0.590394481 -166.68567539035382 ../testing_datasets/H3_epi.csv NeighborSum 40
0.0 0.14366057152183184 0.14959 0.825507389 0.500680061 -138.37561793070492 ../testing_datasets/H3_epi.csv NeighborSum 40
0.0 0.11198521492463401 -2.35388 0.793110125 0.484987789 -157.13324739856213 ../testing_datasets/H3_epi.csv NeighborSum 40
0.0 0.10923853981194406 -1.97868 1.031493409 0.412505547 -174.20832301245173 ../testing_datasets/H3_epi.csv NeighborSum 40
0.0 0.13496091061213214 -1.68432 0.864759332 0.640975992 -146.3007823307643 ../testing_datasets/H3_epi.csv NeighborSum 40
0.0 0.12274300726349609 -2.93833 0.61270284 0.346884099 -99.38395270298682 ../testing_datasets/H3_epi.csv NeighborSum 40
0.0 0.16811593516734663 0.00428 0.884873647 0.498689027 -92.18868535182291 ../testing_datasets/H3_epi.csv NeighborSum 40
0.0 0.17686642823568083 3.39402 0.640065215 0.309540596 -89.58905681618262 ../testing_datasets/H3_epi.csv NeighborSum 40
0.0 0.21156355507596594 3.72932 0.851685847 0.472378626 -60.367702267135655 ../testing_datasets/H3_epi.csv NeighborSum 40
0.0 0.18392329581242253 3.02247 0.348089293 0.486863257 -73.60736686201733 ../testing_datasets/H3_epi.csv NeighborSum 40
0.0 0.1297261709003704 -1.44359 0.862810622 0.259698915 -113.86002382165142 ../testing_datasets/H3_epi.csv NeighborSum 40
0.0 0.15009402132802896 0.04102 0.592361004 0.467037937 -105.75021440223674 ../testing_datasets/H3_epi.csv NeighborSum 40
0.0 0.09436337844754838 -5.15766 0.872087436 0.349740606 -136.43166415112952 ../testing_datasets/H3_epi.csv NeighborSum 40
0.0 0.1283057422342637 -2.09295 0.212941744 0.601158313 -107.76322307397088 ../testing_datasets/H3_epi.csv NeighborSum 40
0.0 0.12127628390020972 -2.09427 1.046359446 0.489431993 -159.34125836213244 ../testing_datasets/H3_epi.csv NeighborSum 40
0.0 0.13823199406910872 -0.9528 0.561512033 0.596570427 -127.1484620444576 ../testing_datasets/H3_epi.csv NeighborSum 40
0.0 0.12963811622437754 -0.93621 0.924414753 0.499467611 -154.7214476697161 ../testing_datasets/H3_epi.csv NeighborSum 40
0.0 0.10065768819930114 -4.12068 0.847142193 0.393469877 -144.02188236393945 ../testing_datasets/H3_epi.csv NeighborSum 40
0.0 0.1347929185625155 -1.51253 1.19843548 0.562528423 -160.40480640130372 ../testing_datasets/H3_epi.csv NeighborSum 40
0.0 0.117589005445521 -3.8361 0.445627454 0.570197539 -112.21191359330724 ../testing_datasets/H3_epi.csv NeighborSum 40
0.0 0.13381011022794206 -0.29297 0.155453728 0.475606338 -106.16143408135075 ../testing_datasets/H3_epi.csv NeighborSum 40
0.0 0.14227225369038324 0.84165 0.29890498 0.353029544 -101.32748476406864 ../testing_datasets/H3_epi.csv NeighborSum 40
0.0 0.1339381625750666 -0.78019 0.885523229 0.403688576 -134.79902846800712 ../testing_datasets/H3_epi.csv NeighborSum 40
0.0 0.13315819221745903 -0.54588 0.693656821 0.559945629 -146.99768665518909 ../testing_datasets/H3_epi.csv NeighborSum 40
0.0 0.14501320710942295 -0.0536 0.530187444 0.574809442 -123.33949196109812 ../testing_datasets/H3_epi.csv NeighborSum 40
0.0 0.13473221882494474 -1.19656 0.883519866 0.428623689 -129.72189521515247 ../testing_datasets/H3_epi.csv NeighborSum 40
0.0 0.13580390139477358 -2.19318 1.387089416 0.575558465 -161.16568654517027 ../testing_datasets/H3_epi.csv NeighborSum 40
0.0 0.16467715356700266 1.59275 0.778761919 0.606189786 -129.86246698668424 ../testing_datasets/H3_epi.csv NeighborSum 40
0.0 0.19890875153297352 0.1107 0.859310583 0.467540693 -28.835822626917857 ../testing_datasets/H3_epi.csv NeighborSum 40
0.0 0.18929262825344007 0.41361 0.297774008 0.563904458 -29.105906152798283 ../testing_datasets/H3_epi.csv NeighborSum 40
0.0 0.19701191065943502 0.28113 0.63965973 0.544507881 -30.889451412425853 ../testing_datasets/H3_epi.csv NeighborSum 40
0.0 0.18544244734648682 -2.27529 1.182778761 0.440773273 -34.79396533501293 ../testing_datasets/H3_epi.csv NeighborSum 40
0.0 0.16060324065093906 -3.70025 0.804572899 0.427404248 -35.88594039244877 ../testing_datasets/H3_epi.csv NeighborSum 40
0.0 0.15963731272884735 -2.84012 0.209785592 0.611011815 -36.52494172030132 ../testing_datasets/H3_epi.csv NeighborSum 40
0.0 0.18309455260148783 -1.13788 0.710732654 0.562273126 -42.459731704226506 ../testing_datasets/H3_epi.csv NeighborSum 40
0.0 0.16311948313865274 -4.20663 1.229652285 0.410203822 -47.376994986385924 ../testing_datasets/H3_epi.csv NeighborSum 40
0.0 0.16783313729251773 -2.08391 0.546764592 0.576019322 -48.92870766113301 ../testing_datasets/H3_epi.csv NeighborSum 40
0.0 0.17318281849638525 0.0015 0.148827361 0.620165623 -51.54838754303284 ../testing_datasets/H3_epi.csv NeighborSum 40
0.0 0.17083141491917786 -2.16323 0.988284263 0.485308723 -58.19928580423575 ../testing_datasets/H3_epi.csv NeighborSum 40
0.0 0.14351607450631626 -4.83761 0.97372298 0.403990021 -59.02384907435134 ../testing_datasets/H3_epi.csv NeighborSum 40
0.0 0.14928891053414134 -2.8658 0.267811892 0.599316612 -58.342787549634494 ../testing_datasets/H3_epi.csv NeighborSum 40
0.0 0.1719880324376538 -0.51165 0.525778473 0.583949304 -64.84486217184127 ../testing_datasets/H3_epi.csv NeighborSum 40
0.0 0.15455488542134452 -3.94918 1.253416225 0.426396575 -71.37569962066829 ../testing_datasets/H3_epi.csv NeighborSum 40
0.0 0.15790837019329007 -2.78632 0.812587298 0.544642374 -69.92684948854296 ../testing_datasets/H3_epi.csv NeighborSum 40
0.0 0.18347058572773192 0.05174 0.750926705 0.639230418 -71.92366552635782 ../testing_datasets/H3_epi.csv NeighborSum 40
0.0 0.16452202596397297 -1.73511 0.896655797 0.536271912 -77.5464026603377 ../testing_datasets/H3_epi.csv NeighborSum 40
0.0 0.1443107350835307 -3.95331 1.164038449 0.392366016 -81.50812105482683 ../testing_datasets/H3_epi.csv NeighborSum 40
0.0 0.17038896430702508 -1.74702 1.014292453 0.576458363 -78.13694767555195 ../testing_datasets/H3_epi.csv NeighborSum 40
0.0 0.16707165600662222 -1.75657 0.823902963 0.621906065 -78.15125135966038 ../testing_datasets/H3_epi.csv NeighborSum 40
0.0 0.14756808091198034 -3.38826 1.050005639 0.495719354 -89.40179185095282 ../testing_datasets/H3_epi.csv NeighborSum 40
0.0 0.1470920627357473 -3.48545 1.118057678 0.467466891 -89.60611242236928 ../testing_datasets/H3_epi.csv NeighborSum 40
0.0 0.18443409791274876 0.03917 1.024392338 0.631669233 -85.85063645956869 ../testing_datasets/H3_epi.csv NeighborSum 40
0.0 0.1543676429877718 -2.27652 0.811640813 0.607153363 -92.17746613983095 ../testing_datasets/H3_epi.csv NeighborSum 40
0.0 0.1420073679902884 -5.13785 1.672334066 0.408430113 -101.02578158910929 ../testing_datasets/H3_epi.csv NeighborSum 40
0.0 0.1490647530401848 -3.23876 0.990691291 0.567722225 -93.8681664062165 ../testing_datasets/H3_epi.csv NeighborSum 40
0.0 0.15710134326814723 -2.91654 1.020979387 0.643275644 -94.30496470823392 ../testing_datasets/H3_epi.csv NeighborSum 40
0.0 0.12992713767593378 -4.50715 1.055795637 0.514645867 -108.92860750236756 ../testing_datasets/H3_epi.csv NeighborSum 40
0.0 0.12860271753367428 -4.03849 1.066198821 0.446254287 -111.09696001055424 ../testing_datasets/H3_epi.csv NeighborSum 40
0.0 0.15399620595471583 -1.36978 0.778543834 0.607264091 -104.87909426865978 ../testing_datasets/H3_epi.csv NeighborSum 40
0.0 0.12698266308510267 -4.30798 0.847986298 0.59031896 -114.03088147401525 ../testing_datasets/H3_epi.csv NeighborSum 40
0.0 0.12657576700658432 -3.53463 1.275809547 0.40190763 -130.39583485962947 ../testing_datasets/H3_epi.csv NeighborSum 40
0.0 0.12871819398642564 -2.56919 0.741038623 0.542195954 -125.10455346882921 ../testing_datasets/H3_epi.csv NeighborSum 40
0.0 0.15542241848695912 0.28557 0.764726784 0.625742436 -129.08562879446154 ../testing_datasets/H3_epi.csv NeighborSum 40
0.0 0.14119117362953357 0.03139 0.943782976 0.499055425 -148.44591727538202 ../testing_datasets/H3_epi.csv NeighborSum 40
0.0 0.09369572421026306 -4.03036 0.714746749 0.387679481 -150.01808599290553 ../testing_datasets/H3_epi.csv NeighborSum 40
0.0 0.13015080757996744 -2.02353 0.930253372 0.548842022 -143.2639705532919 ../testing_datasets/H3_epi.csv NeighborSum 40
0.0 0.11197183213735717 -5.07726 1.256053567 0.552774454 -151.8924104809831 ../testing_datasets/H3_epi.csv NeighborSum 40
0.0 0.07393084392626262 -5.28832 0.835810015 0.384117365 -175.91084545660541 ../testing_datasets/H3_epi.csv NeighborSum 40
0.0 0.1144180464609073 -2.36821 1.083273344 0.479061963 -169.417164267643 ../testing_datasets/H3_epi.csv NeighborSum 40
0.0 0.11067104479316969 -2.95877 0.886397964 0.533813016 -162.00963388102812 ../testing_datasets/H3_epi.csv NeighborSum 40
0.0 0.08741599599078738 -3.71619 1.218344686 0.311900771 -188.98740527584104 ../testing_datasets/H3_epi.csv NeighborSum 40
0.0 0.06120248883234816 -4.48718 0.617600794 0.405366022 -202.0334976460899 ../testing_datasets/H3_epi.csv NeighborSum 40
0.0 0.1009213155900658 -3.13134 1.0464075 0.5403663 -188.91156516284337 ../testing_datasets/H3_epi.csv NeighborSum 40
0.0 0.06325565934760882 -5.72685 1.026717248 0.287898969 -189.95674753405424 ../testing_datasets/H3_epi.csv NeighborSum 40
0.0 0.0615429851794429 -2.59026 0.518199171 0.368240239 -220.0517913045067 ../testing_datasets/H3_epi.csv NeighborSum 40
0.0 0.06893501262921685 -2.8663 0.539287956 0.486555808 -217.1011710093945 ../testing_datasets/H3_epi.csv NeighborSum 40
0.0 0.09433165674915833 -2.44934 1.023206693 0.464467007 -201.5894620018145 ../testing_datasets/H3_epi.csv NeighborSum 40
0.0 0.06478394990478752 -3.83694 0.728241107 0.422476545 -214.05768302327238 ../testing_datasets/H3_epi.csv NeighborSum 40
0.0 0.03947084613033626 -3.89887 0.328855717 0.382383951 -232.58859310467793 ../testing_datasets/H3_epi.csv NeighborSum 40
0.0 0.07439718639517366 -4.07024 0.974385705 0.506631538 -217.2387463288998 ../testing_datasets/H3_epi.csv NeighborSum 40
0.0 0.08240230182097275 -2.38199 0.843482432 0.384565318 -204.95045904969024 ../testing_datasets/H3_epi.csv NeighborSum 40
0.0 0.062068993719522125 -3.82156 0.746764275 0.439312904 -222.73837529490066 ../testing_datasets/H3_epi.csv NeighborSum 40
0.0 0.06360112342388505 -3.38786 0.741876229 0.415290525 -223.26218046200805 ../testing_datasets/H3_epi.csv NeighborSum 40
0.0 0.08103892549861103 -3.11426 0.873741936 0.373295355 -196.77871526936354 ../testing_datasets/H3_epi.csv NeighborSum 40
0.0 0.06784560064161901 -5.24012 0.715975754 0.482192467 -192.91455546992094 ../testing_datasets/H3_epi.csv NeighborSum 40
0.0 0.054115660861544485 -5.12656 0.676692141 0.403193686 -209.2676894374818 ../testing_datasets/H3_epi.csv NeighborSum 40
0.0 0.07793955084187826 -5.4106 1.149109632 0.416671749 -189.5647144529702 ../testing_datasets/H3_epi.csv NeighborSum 40
0.0 0.09334533352445964 -2.74384 0.663963377 0.411535695 -170.33165634543616 ../testing_datasets/H3_epi.csv NeighborSum 40
0.0 0.10596949575023329 -2.92053 1.038341646 0.494932181 -176.39006290426818 ../testing_datasets/H3_epi.csv NeighborSum 40
0.0 0.06619521893624725 -6.71791 1.00931652 0.349881488 -175.37692123665298 ../testing_datasets/H3_epi.csv NeighborSum 40
0.0 0.11643952691460059 -1.92027 1.009611947 0.349563584 -152.18687331094242 ../testing_datasets/H3_epi.csv NeighborSum 40
0.0 0.11687791369694331 -1.81679 0.652709931 0.420269957 -139.4404131419509 ../testing_datasets/H3_epi.csv NeighborSum 40
0.0 0.134548224558235 -0.51203 1.057207112 0.373279735 -144.69094810478805 ../testing_datasets/H3_epi.csv NeighborSum 40
0.0 0.13982225543647367 -0.09657 0.796349185 0.334679664 -120.0972856694652 ../testing_datasets/H3_epi.csv NeighborSum 40
0.0 0.1237142890693528 -1.49485 1.425720087 0.240282756 -157.1552818926955 ../testing_datasets/H3_epi.csv NeighborSum 40
0.0 0.10754380479182755 -3.73869 1.324051971 0.365272282 -162.6509489645775 ../testing_datasets/H3_epi.csv NeighborSum 40
0.0 0.13372284547951188 -2.59388 0.931263958 0.562063996 -129.19364447598463 ../testing_datasets/H3_epi.csv NeighborSum 40
0.0 0.11859669314457255 -5.61514 1.533873041 0.56157671 -148.98539998493553 ../testing_datasets/H3_epi.csv NeighborSum 40
0.0 0.14168836360358988 -2.13966 1.003082454 0.46457996 -113.41692789330301 ../testing_datasets/H3_epi.csv NeighborSum 40
0.0 0.12046336713879208 -2.37709 0.678620048 0.452984855 -129.39951324907588 ../testing_datasets/H3_epi.csv NeighborSum 40
0.0 0.14428500797719782 0.17981 0.75855219 0.380298829 -118.91390038353947 ../testing_datasets/H3_epi.csv NeighborSum 40
0.0 0.1259559431822098 -2.60548 1.338682007 0.414699532 -151.39293417110378 ../testing_datasets/H3_epi.csv NeighborSum 40
0.0 0.10355738534900344 -3.98847 1.177513617 0.379725251 -159.20472549103687 ../testing_datasets/H3_epi.csv NeighborSum 40
0.0 0.13735968054947584 -0.18059 0.609733531 0.568492374 -140.35316915852536 ../testing_datasets/H3_epi.csv NeighborSum 40
0.0 0.11764870665860158 -0.96669 0.57155383 0.511658692 -157.13919398458847 ../testing_datasets/H3_epi.csv NeighborSum 40
0.0 0.08396312852507076 -4.8795 1.200862802 0.394994434 -186.67923630068293 ../testing_datasets/H3_epi.csv NeighborSum 40
0.0 0.10806425870761317 -3.67725 1.102180344 0.534471882 -169.3717870621183 ../testing_datasets/H3_epi.csv NeighborSum 40
0.0 0.1049138122564088 -3.05186 0.423707349 0.616079463 -153.08694459006472 ../testing_datasets/H3_epi.csv NeighborSum 40
0.0 0.08404287736003498 -3.64711 0.798066441 0.45229618 -187.61544553889766 ../testing_datasets/H3_epi.csv NeighborSum 40
0.0 0.10039795914865887 -2.49425 1.225768266 0.457767935 -200.85433783291774 ../testing_datasets/H3_epi.csv NeighborSum 40
0.0 0.1173631267196612 -1.96038 0.760830503 0.599357063 -164.65552782015402 ../testing_datasets/H3_epi.csv NeighborSum 40
0.0 0.12201532439490623 -1.69825 0.869511023 0.583571932 -164.50162899752985 ../testing_datasets/H3_epi.csv NeighborSum 40
0.0 0.10718391389921611 -1.71581 1.161003485 0.477452749 -198.1226749719069 ../testing_datasets/H3_epi.csv NeighborSum 40
0.0 0.10089163592057832 -4.23326 1.014349233 0.58835187 -175.76830240652367 ../testing_datasets/H3_epi.csv NeighborSum 40
0.0 0.1375561424752466 -1.06952 0.973275298 0.510262173 -141.65160200053643 ../testing_datasets/H3_epi.csv NeighborSum 40
0.0 0.11113702557277083 -2.15604 0.825378865 0.436412063 -157.94502956106217 ../testing_datasets/H3_epi.csv NeighborSum 40
0.0 0.10722915603347047 -2.29049 1.012759628 0.455058025 -177.27714807415913 ../testing_datasets/H3_epi.csv NeighborSum 40
0.0 0.13541534830508573 -1.02117 0.84322232 0.605456103 -150.0367299670818 ../testing_datasets/H3_epi.csv NeighborSum 40
0.0 0.14413685291751804 -0.29344 0.779412834 0.327122072 -106.73496401201862 ../testing_datasets/H3_epi.csv NeighborSum 40
0.0 0.13945567951295224 -2.65906 0.930594875 0.504854588 -110.11127138910032 ../testing_datasets/H3_epi.csv NeighborSum 40
0.0 0.15141132801935106 0.47193 0.379967836 0.436321724 -93.01000417592353 ../testing_datasets/H3_epi.csv NeighborSum 40
0.0 0.17460300611043172 0.8982 0.814016394 0.477707583 -86.51869210799863 ../testing_datasets/H3_epi.csv NeighborSum 40
0.0 0.1411458074996231 -0.2394 0.316414832 0.381706553 -91.35641623184502 ../testing_datasets/H3_epi.csv NeighborSum 40
0.0 0.11023943456305726 -3.05671 0.933438646 0.267033665 -131.92703924546785 ../testing_datasets/H3_epi.csv NeighborSum 40
0.0 0.1373249853480849 -0.22077 0.309571582 0.477258311 -110.19550257939794 ../testing_datasets/H3_epi.csv NeighborSum 40
0.0 0.0842837028752646 -6.60376 0.879706311 0.437279676 -144.678610570205 ../testing_datasets/H3_epi.csv NeighborSum 40
0.0 0.13978444852261943 -1.60209 0.53804943 0.617598402 -115.20266341250542 ../testing_datasets/H3_epi.csv NeighborSum 40
0.0 0.10902250270049445 -3.18765 1.011120086 0.4937018 -164.5162390114654 ../testing_datasets/H3_epi.csv NeighborSum 40
0.0 0.14758892867955634 1.14064 0.543627628 0.594920348 -140.07511442509718 ../testing_datasets/H3_epi.csv NeighborSum 40
0.0 0.122918609491209 -1.32924 0.923468502 0.512895651 -163.23022770961504 ../testing_datasets/H3_epi.csv NeighborSum 40
0.0 0.09565596902238314 -4.64228 0.882711911 0.41149199 -150.02973131756153 ../testing_datasets/H3_epi.csv NeighborSum 40
0.0 0.13153857996062465 -1.37019 1.186875898 0.566663894 -168.6947500990628 ../testing_datasets/H3_epi.csv NeighborSum 40
0.0 0.110003612319669 -4.19771 0.442003714 0.573623731 -121.50658747631957 ../testing_datasets/H3_epi.csv NeighborSum 40
0.0 0.12849121215234674 -0.04808 0.120918225 0.498945978 -120.9412272815001 ../testing_datasets/H3_epi.csv NeighborSum 40
0.0 0.13211251237868793 -0.23083 0.221265229 0.420739764 -107.8325068948365 ../testing_datasets/H3_epi.csv NeighborSum 40
0.0 0.1275968522327847 -1.1378 0.975002954 0.383610335 -144.653775843615 ../testing_datasets/H3_epi.csv NeighborSum 40
0.0 0.10855193886240902 -2.88341 0.657951648 0.566483721 -157.11550051092675 ../testing_datasets/H3_epi.csv NeighborSum 40
0.0 0.12231800647061916 0.04784 0.203960544 0.465709462 -135.48845229711387 ../testing_datasets/H3_epi.csv NeighborSum 40
0.0 0.1311772019533398 -0.60415 0.731130699 0.394561194 -132.21902804670566 ../testing_datasets/H3_epi.csv NeighborSum 40
0.0 0.13038238978874866 -2.186 1.374086679 0.543240415 -167.0598786549742 ../testing_datasets/H3_epi.csv NeighborSum 40
0.0 0.11408272781585352 -2.75189 0.575827981 0.618551087 -149.66551258779748 ../testing_datasets/H3_epi.csv NeighborSum 40
0.0 0.20390401112223247 -0.06371 0.784631442 0.593738037 -27.13353909828983 ../testing_datasets/H3_epi.csv NeighborSum 40
0.0 0.1960724973452253 0.79046 0.404721355 0.564438746 -28.473360776375028 ../testing_datasets/H3_epi.csv NeighborSum 40
0.0 0.19074547849494422 -0.45849 0.605313959 0.547516672 -29.837291122752458 ../testing_datasets/H3_epi.csv NeighborSum 40
0.0 0.18402732754788356 -2.05804 1.121181829 0.42045763 -34.62476622247711 ../testing_datasets/H3_epi.csv NeighborSum 40
0.0 0.1751898816968909 -2.46537 0.866287947 0.475436489 -36.35065932139049 ../testing_datasets/H3_epi.csv NeighborSum 40
0.0 0.158192119070467 -3.09908 0.225781842 0.598960413 -34.850849867602165 ../testing_datasets/H3_epi.csv NeighborSum 40
0.0 0.1810473199812732 -1.20107 0.65672676 0.55870095 -41.67764692433812 ../testing_datasets/H3_epi.csv NeighborSum 40
0.0 0.1698041387457277 -3.42813 1.183858458 0.437388659 -46.92350809349567 ../testing_datasets/H3_epi.csv NeighborSum 40
0.0 0.1736942829748877 -1.69757 0.617009927 0.583953198 -48.850013714779436 ../testing_datasets/H3_epi.csv NeighborSum 40
0.0 0.17482240468961943 0.14145 0.207435725 0.606864247 -52.547220678843914 ../testing_datasets/H3_epi.csv NeighborSum 40
0.0 0.16871091914463857 -2.03707 0.94038325 0.444806271 -56.39002443021438 ../testing_datasets/H3_epi.csv NeighborSum 40
0.0 0.14873340982275063 -4.7304 1.022230688 0.450382689 -59.192497700089646 ../testing_datasets/H3_epi.csv NeighborSum 40
0.0 0.15408393779460577 -2.53619 0.334850427 0.604359704 -58.903969166103096 ../testing_datasets/H3_epi.csv NeighborSum 40
0.0 0.1733749712575835 -0.12594 0.494418865 0.571118742 -64.62747708040793 ../testing_datasets/H3_epi.csv NeighborSum 40
0.0 0.1556956699780337 -3.83323 1.23377934 0.434192912 -70.688657420165 ../testing_datasets/H3_epi.csv NeighborSum 40
0.0 0.1648447429223423 -2.3094 0.862137593 0.577173467 -70.8655080722039 ../testing_datasets/H3_epi.csv NeighborSum 40
0.0 0.18365224365217225 0.0807 0.770149767 0.638266368 -73.09084636189213 ../testing_datasets/H3_epi.csv NeighborSum 40
0.0 0.16425442198365575 -1.36635 0.858298918 0.500572512 -77.06944111428115 ../testing_datasets/H3_epi.csv NeighborSum 40
0.0 0.1470784856739297 -4.04703 1.183739322 0.439313535 -81.60259172977919 ../testing_datasets/H3_epi.csv NeighborSum 40
0.0 0.16539509000892846 -2.53589 1.040113198 0.593647392 -79.29518426351625 ../testing_datasets/H3_epi.csv NeighborSum 40
0.0 0.16205982867691904 -2.32882 0.8189937 0.622521708 -78.78547717061613 ../testing_datasets/H3_epi.csv NeighborSum 40
0.0 0.15472720266362966 -2.36208 1.058076775 0.482879744 -90.33909880816867 ../testing_datasets/H3_epi.csv NeighborSum 40
0.0 0.14283022789184324 -4.37304 1.126303504 0.514298648 -90.32461075154094 ../testing_datasets/H3_epi.csv NeighborSum 40
0.0 0.1734035851065048 -1.28578 1.033761289 0.637086279 -87.97331135593319 ../testing_datasets/H3_epi.csv NeighborSum 40
0.0 0.1576119713326819 -1.76027 0.857445172 0.581951777 -93.65123199846168 ../testing_datasets/H3_epi.csv NeighborSum 40
0.0 0.1475981666181781 -4.75711 1.674021396 0.460665884 -102.51238430525656 ../testing_datasets/H3_epi.csv NeighborSum 40
0.0 0.13887019879928714 -4.41633 0.973501852 0.591731843 -97.25983820862538 ../testing_datasets/H3_epi.csv NeighborSum 40
0.0 0.15419299024187336 -2.95255 1.022611663 0.633192194 -98.26137803213581 ../testing_datasets/H3_epi.csv NeighborSum 40
0.0 0.12976380656217518 -4.01106 1.066444429 0.456087844 -110.47814716073907 ../testing_datasets/H3_epi.csv NeighborSum 40
0.0 0.13634465447697103 -3.00875 1.044997612 0.490030666 -116.00839185215884 ../testing_datasets/H3_epi.csv NeighborSum 40
0.0 0.150942379360933 -1.36355 0.79112984 0.614803357 -112.58169077164148 ../testing_datasets/H3_epi.csv NeighborSum 40
0.0 0.1191204391754115 -4.80221 0.860397633 0.544333849 -116.8184205283853 ../testing_datasets/H3_epi.csv NeighborSum 40
0.0 0.12755624298806875 -3.31862 1.256955553 0.412356109 -131.93545026263848 ../testing_datasets/H3_epi.csv NeighborSum 40
0.0 0.1183122812049041 -3.5095 0.706950877 0.566876072 -131.6093999761804 ../testing_datasets/H3_epi.csv NeighborSum 40
0.0 0.14893567646850286 -0.0153 0.797042168 0.635124982 -140.13393423352954 ../testing_datasets/H3_epi.csv NeighborSum 40
0.0 0.14405632818234726 0.55593 0.973929637 0.491812211 -151.9895660555281 ../testing_datasets/H3_epi.csv NeighborSum 40
0.0 0.09394783784075904 -3.80654 0.694254731 0.425811019 -156.34097551752023 ../testing_datasets/H3_epi.csv NeighborSum 40
0.0 0.12934736470389296 -1.54641 0.891798479 0.586719497 -154.40535117005342 ../testing_datasets/H3_epi.csv NeighborSum 40
0.0 0.10948627609150861 -5.08613 1.261879668 0.551305233 -156.75194104642287 ../testing_datasets/H3_epi.csv NeighborSum 40
0.0 0.08022769664371335 -4.64777 0.820562394 0.449131647 -180.5464169205572 ../testing_datasets/H3_epi.csv NeighborSum 40
0.0 0.11478741146002457 -1.68062 1.040108166 0.498811407 -179.05302992636496 ../testing_datasets/H3_epi.csv NeighborSum 40
0.0 0.10603595002092006 -2.78645 0.869979244 0.521583404 -171.15493288312717 ../testing_datasets/H3_epi.csv NeighborSum 40
0.0 0.09258147452508206 -3.22231 1.179757521 0.378793401 -192.33234489119846 ../testing_datasets/H3_epi.csv NeighborSum 40
0.0 0.06281058426107858 -4.34332 0.601591722 0.464461998 -207.31035490706967 ../testing_datasets/H3_epi.csv NeighborSum 40
0.0 0.09684782681262678 -3.20198 1.083122381 0.536047447 -197.4563029521333 ../testing_datasets/H3_epi.csv NeighborSum 40
0.0 0.05776192223880437 -6.21378 1.006637211 0.307794794 -194.24062159404286 ../testing_datasets/H3_epi.csv NeighborSum 40
0.0 0.059902661092710974 -2.78339 0.432581259 0.422469544 -221.5201566702 ../testing_datasets/H3_epi.csv NeighborSum 40
0.0 0.07349146645061749 -2.68834 0.611989681 0.553563832 -223.63585881371748 ../testing_datasets/H3_epi.csv NeighborSum 40
0.0 0.09329283826161937 -2.1739 1.058319156 0.455904878 -208.9921226410586 ../testing_datasets/H3_epi.csv NeighborSum 40
0.0 0.06854138048649948 -2.87977 0.667925035 0.407145028 -215.98841233623747 ../testing_datasets/H3_epi.csv NeighborSum 40
0.0 0.042573272004623325 -4.21333 0.345201153 0.470765546 -233.4341809213753 ../testing_datasets/H3_epi.csv NeighborSum 40
0.0 0.07477823626668922 -3.98978 1.059536526 0.491412183 -221.16418308973337 ../testing_datasets/H3_epi.csv NeighborSum 40
0.0 0.07635619496715815 -2.81077 0.794924622 0.385400415 -207.13411402945272 ../testing_datasets/H3_epi.csv NeighborSum 40
0.0 0.05033413050324442 -5.25553 0.70427318 0.437332735 -220.438838090799 ../testing_datasets/H3_epi.csv NeighborSum 40
0.0 0.06795384081370034 -3.32452 0.750990428 0.49708766 -226.28075633203042 ../testing_datasets/H3_epi.csv NeighborSum 40
0.0 0.08200379896042384 -2.71549 0.921750244 0.361690652 -202.6350546919366 ../testing_datasets/H3_epi.csv NeighborSum 40
0.0 0.06765119710182292 -4.78668 0.731156107 0.413983088 -192.9762088556338 ../testing_datasets/H3_epi.csv NeighborSum 40
0.0 0.058713560024267544 -5.0761 0.687332561 0.456874455 -208.3011444304402 ../testing_datasets/H3_epi.csv NeighborSum 40
0.0 0.07618074434637127 -5.39295 1.128182407 0.4428872 -195.12596304326377 ../testing_datasets/H3_epi.csv NeighborSum 40
0.0 0.10040172093974145 -1.88965 0.651141511 0.46636381 -175.71422273549834 ../testing_datasets/H3_epi.csv NeighborSum 40
0.0 0.09775345457170392 -3.8445 1.092719543 0.450734477 -176.03141007573603 ../testing_datasets/H3_epi.csv NeighborSum 40
0.0 0.06201947649573926 -7.82524 1.012464666 0.427269469 -175.91826649591917 ../testing_datasets/H3_epi.csv NeighborSum 40
0.0 0.1030273319515366 -3.80103 1.015872496 0.393047444 -154.7507762283937 ../testing_datasets/H3_epi.csv NeighborSum 40
0.0 0.11826971857566616 -2.00459 0.711453749 0.463939507 -142.76223786249795 ../testing_datasets/H3_epi.csv NeighborSum 40
0.0 0.11938395641053626 -3.6809 1.115958164 0.485260775 -142.28055758569 ../testing_datasets/H3_epi.csv NeighborSum 40
0.0 0.14343540392344392 -0.25187 0.823143494 0.414461947 -122.01789389545756 ../testing_datasets/H3_epi.csv NeighborSum 40
0.0 0.12314602932821694 -2.19764 1.451526067 0.296096304 -155.748986081365 ../testing_datasets/H3_epi.csv NeighborSum 40
0.0 0.11999023828056653 -2.86952 1.312299207 0.48675974 -165.9645809255433 ../testing_datasets/H3_epi.csv NeighborSum 40
0.0 0.1304092957415368 -2.86086 0.912711905 0.56537855 -130.74020085983923 ../testing_datasets/H3_epi.csv NeighborSum 40
0.0 0.10996560272529829 -6.19442 1.516847775 0.560533917 -155.57160697723742 ../testing_datasets/H3_epi.csv NeighborSum 40
0.0 0.14068171398024412 -1.96319 0.97506998 0.460823665 -115.90783114903947 ../testing_datasets/H3_epi.csv NeighborSum 40
0.0 0.11415772706886666 -2.92345 0.620981734 0.470468653 -131.7237884476994 ../testing_datasets/H3_epi.csv NeighborSum 40
0.0 0.1474285921297342 0.75182 0.657617848 0.419822546 -120.21404361822756 ../testing_datasets/H3_epi.csv NeighborSum 40
0.0 0.12877406627485585 -1.66416 1.255474233 0.361532806 -148.9004969048308 ../testing_datasets/H3_epi.csv NeighborSum 40
0.0 0.09903791575770478 -4.2178 1.196279444 0.388813265 -166.67500004777472 ../testing_datasets/H3_epi.csv NeighborSum 40
0.0 0.12999663830280211 -0.67915 0.607995014 0.582008488 -148.4390900688744 ../testing_datasets/H3_epi.csv NeighborSum 40
0.0 0.11163858916515414 -1.10036 0.550428197 0.513791627 -165.6671690128841 ../testing_datasets/H3_epi.csv NeighborSum 40
0.0 0.0765353706819556 -5.2012 1.184196075 0.392317454 -194.73999227956594 ../testing_datasets/H3_epi.csv NeighborSum 40
0.0 0.1099270254539419 -2.74257 1.096636703 0.534449489 -179.86465433016622 ../testing_datasets/H3_epi.csv NeighborSum 40
0.0 0.10941068697434705 -1.89528 0.408940997 0.621989157 -162.05571773209434 ../testing_datasets/H3_epi.csv NeighborSum 40
0.0 0.08145287060298291 -3.32553 0.729475299 0.462519736 -194.60109884869965 ../testing_datasets/H3_epi.csv NeighborSum 40
0.0 0.09025418598661045 -3.22984 1.268900122 0.431765031 -208.6498757167425 ../testing_datasets/H3_epi.csv NeighborSum 40
0.0 0.10290201379178004 -3.00248 0.702256702 0.594060732 -172.29763498088835 ../testing_datasets/H3_epi.csv NeighborSum 40
0.0 0.11519749137301513 -1.97056 0.87665334 0.578834163 -173.36641851558642 ../testing_datasets/H3_epi.csv NeighborSum 40
0.0 0.09783385780746139 -1.88963 1.150906151 0.44943011 -209.52867846234906 ../testing_datasets/H3_epi.csv NeighborSum 40
0.0 0.08857662776883937 -4.84453 0.975306772 0.579266 -186.66062251613917 ../testing_datasets/H3_epi.csv NeighborSum 40
0.0 0.1445682667548577 1.07773 0.923744322 0.520739632 -159.46454493960084 ../testing_datasets/H3_epi.csv NeighborSum 40
0.0 0.10663929359867685 -1.05014 0.83649241 0.365010035 -175.7884374359955 ../testing_datasets/H3_epi.csv NeighborSum 40
0.0 0.0969405887932272 -2.52051 1.09437991 0.407446563 -192.92900398068463 ../testing_datasets/H3_epi.csv NeighborSum 40
0.0 0.12425655458256066 -0.65501 0.708683209 0.612620955 -169.8620994473241 ../testing_datasets/H3_epi.csv NeighborSum 40
0.0 0.12133145981004714 -1.97508 0.593224647 0.392259914 -121.29800534699925 ../testing_datasets/H3_epi.csv NeighborSum 40
0.0 0.12741971082830053 -3.57439 0.857243788 0.556167087 -120.95838508588407 ../testing_datasets/H3_epi.csv NeighborSum 40
0.0 0.1376337846691179 -0.00559 0.31878471 0.380062688 -101.7202492563072 ../testing_datasets/H3_epi.csv NeighborSum 40
0.0 0.14066771052222027 -2.62371 0.760981142 0.439272669 -89.88252719775575 ../testing_datasets/H3_epi.csv NeighborSum 40
0.0 0.14347796193060353 -0.21843 0.207246088 0.414991602 -84.4468140115906 ../testing_datasets/H3_epi.csv NeighborSum 40
0.0 0.12650520073154423 -0.96302 0.779605479 0.314603852 -129.03370627378888 ../testing_datasets/H3_epi.csv NeighborSum 40
0.0 0.12747504337861268 -0.73868 0.252588801 0.493516488 -119.71679118228766 ../testing_datasets/H3_epi.csv NeighborSum 40
0.0 0.07895952889171652 -5.45621 0.707217285 0.364622847 -153.26579203811244 ../testing_datasets/H3_epi.csv NeighborSum 40
0.0 0.11188617060345782 -3.10496 0.204689558 0.601322518 -123.43573040151688 ../testing_datasets/H3_epi.csv NeighborSum 40
0.0 0.0987322143123839 -4.12046 1.04134297 0.487016267 -171.0891593597944 ../testing_datasets/H3_epi.csv NeighborSum 40
0.0 0.11753447222207679 -2.06128 0.595059183 0.57918101 -150.07378960258362 ../testing_datasets/H3_epi.csv NeighborSum 40
0.0 0.12663094118792667 -0.31143 0.931770858 0.502247853 -170.9942765356034 ../testing_datasets/H3_epi.csv NeighborSum 40
0.0 0.09427562836581226 -4.28469 0.872256556 0.432441566 -160.12147562971552 ../testing_datasets/H3_epi.csv NeighborSum 40
0.0 0.13164016801898953 -1.25944 1.212739305 0.584495518 -173.96816391315897 ../testing_datasets/H3_epi.csv NeighborSum 40
0.0 0.10212971253754102 -4.81659 0.426957457 0.57182225 -126.04451318360229 ../testing_datasets/H3_epi.csv NeighborSum 40
0.0 0.12528479990193245 -0.53857 0.092517369 0.496861171 -117.56295506548355 ../testing_datasets/H3_epi.csv NeighborSum 40
0.0 0.1298920229047606 -0.1696 0.261605919 0.389021693 -111.73171329290214 ../testing_datasets/H3_epi.csv NeighborSum 40
0.0 0.12627690558389032 -1.14458 1.005179347 0.391918259 -149.97720187379124 ../testing_datasets/H3_epi.csv NeighborSum 40
0.0 0.1078451513717579 -2.80542 0.655162333 0.520932103 -154.00028025200476 ../testing_datasets/H3_epi.csv NeighborSum 40
0.0 0.12206854101442798 -0.35188 0.205533792 0.468353003 -130.21103896481256 ../testing_datasets/H3_epi.csv NeighborSum 40
0.0 0.12256544856145957 -1.76164 0.757078726 0.392518945 -132.36618820407946 ../testing_datasets/H3_epi.csv NeighborSum 40
0.0 0.12234057244954832 -1.87786 1.355263093 0.3525717 -163.1418084267298 ../testing_datasets/H3_epi.csv NeighborSum 40
0.0 0.13538522539202058 -0.61363 0.484034328 0.641637324 -138.57428556938606 ../testing_datasets/H3_epi.csv NeighborSum 40
1.0 0.15133187095970418 -4.75777 0.70281483 0.69905717 -64.1123337017118 ../testing_datasets/H3_epi.csv NeighborSum 40
1.0 0.16216966838727906 -1.29402 0.211964021 0.647833971 -60.110866553873464 ../testing_datasets/H3_epi.csv NeighborSum 40
0.0 0.1516287748640713 -1.45537 0.612367541 0.483448964 -82.87365455503513 ../testing_datasets/H3_epi.csv NeighborSum 40
0.0 0.14891520059777327 -3.89779 1.196666614 0.428008725 -79.78137987250899 ../testing_datasets/H3_epi.csv NeighborSum 40
1.0 0.1633004349964804 -2.7384 0.715100347 0.579302426 -58.3954314182603 ../testing_datasets/H3_epi.csv NeighborSum 40
1.0 0.13733545106534495 -3.62681 0.115711929 0.595265533 -59.84196772432341 ../testing_datasets/H3_epi.csv NeighborSum 40
0.0 0.15697088887563856 -1.29095 0.690582744 0.501678063 -82.10992204162216 ../testing_datasets/H3_epi.csv NeighborSum 40
1.0 0.1583311592691089 -3.75295 1.196403002 0.476626621 -69.65389718649503 ../testing_datasets/H3_epi.csv NeighborSum 40
1.0 0.16751150883114818 -2.54344 0.483154326 0.679766952 -51.08335449095472 ../testing_datasets/H3_epi.csv NeighborSum 40
1.0 0.17448183153865873 0.51657 0.130677272 0.627926417 -56.81123786216848 ../testing_datasets/H3_epi.csv NeighborSum 40
0.0 0.16769155820768358 -0.9336 0.943695555 0.451696998 -76.45903137828027 ../testing_datasets/H3_epi.csv NeighborSum 40
1.0 0.17740315862543807 -1.79045 0.958617728 0.546161722 -56.76848474745642 ../testing_datasets/H3_epi.csv NeighborSum 40
1.0 0.1683104963853514 -1.32404 0.262675306 0.630650387 -48.805515834339865 ../testing_datasets/H3_epi.csv NeighborSum 40
0.0 0.17255869753716835 0.18962 0.539623645 0.504267199 -65.78293173772153 ../testing_datasets/H3_epi.csv NeighborSum 40
0.0 0.17416997081368016 -2.26927 1.223431364 0.481973491 -64.22450943792292 ../testing_datasets/H3_epi.csv NeighborSum 40
1.0 0.20869701170037444 1.60892 0.815664173 0.630753393 -50.10322884417864 ../testing_datasets/H3_epi.csv NeighborSum 40
0.0 0.2037629265181759 -0.31093 0.760532859 0.78011504 -44.67034681608912 ../testing_datasets/H3_epi.csv NeighborSum 40
1.0 0.2058479719438537 0.0206 0.854286305 0.730994594 -45.60133180338978 ../testing_datasets/H3_epi.csv NeighborSum 40
1.0 0.21601872909716738 0.38414 1.153800785 0.749115592 -52.22801750982241 ../testing_datasets/H3_epi.csv NeighborSum 40
1.0 0.19444490164325587 -0.37162 1.042818155 0.578004096 -54.74978791982118 ../testing_datasets/H3_epi.csv NeighborSum 40
0.0 0.19930665648733847 -1.01975 0.812858912 0.74782007 -41.66930462100529 ../testing_datasets/H3_epi.csv NeighborSum 40
0.0 0.17364219314625443 -3.49857 1.048833101 0.623264499 -52.56786123090664 ../testing_datasets/H3_epi.csv NeighborSum 40
0.0 0.22934085010404254 2.34185 1.118867783 0.657316866 -43.40369553351161 ../testing_datasets/H3_epi.csv NeighborSum 40
0.0 0.21877200790085244 1.81148 1.004286968 0.666177814 -49.66870534282324 ../testing_datasets/H3_epi.csv NeighborSum 40
0.0 0.1899876903745778 -0.82393 0.864627887 0.666824629 -56.13618009230619 ../testing_datasets/H3_epi.csv NeighborSum 40
0.0 0.1840636488594898 -2.21698 1.682866623 0.363254491 -59.88802894196025 ../testing_datasets/H3_epi.csv NeighborSum 40
0.0 0.18604560151116 -0.0665 0.973980498 0.403111979 -50.29689603819816 ../testing_datasets/H3_epi.csv NeighborSum 40
0.0 0.17575204466058614 -1.59397 1.019964963 0.435621943 -53.406747520930686 ../testing_datasets/H3_epi.csv NeighborSum 40
0.0 0.19647988877274297 -0.5896 1.080741775 0.511120366 -41.68209571245387 ../testing_datasets/H3_epi.csv NeighborSum 40
0.0 0.19133283891150663 -1.46618 1.026439054 0.565670623 -41.35404309005458 ../testing_datasets/H3_epi.csv NeighborSum 40
0.0 0.20101539575137564 -0.25813 0.783120339 0.570654191 -26.834427918159175 ../testing_datasets/H3_epi.csv NeighborSum 40
0.0 0.1981428886908243 -1.41549 0.87491363 0.640544341 -28.649340100577056 ../testing_datasets/H3_epi.csv NeighborSum 40
0.0 0.22716922799564057 1.21723 1.273974642 0.639236861 -37.62554455484547 ../testing_datasets/H3_epi.csv NeighborSum 40
0.0 0.1786711867876603 -2.39566 0.698662507 0.6397586 -40.22650895013098 ../testing_datasets/H3_epi.csv NeighborSum 40
0.0 0.1900560491399913 -0.94351 0.806137062 0.596440879 -42.01519882829643 ../testing_datasets/H3_epi.csv NeighborSum 40
0.0 0.17507751859834186 -2.80478 0.999791515 0.541202652 -47.54012424475974 ../testing_datasets/H3_epi.csv NeighborSum 40
0.0 0.17878011071496325 0.05205 0.723010869 0.429522132 -53.888231827893 ../testing_datasets/H3_epi.csv NeighborSum 40
0.0 0.17134522683200135 -2.47256 0.9134052 0.493951519 -48.84147746813296 ../testing_datasets/H3_epi.csv NeighborSum 40
0.0 0.17203460622425087 -4.09892 1.177075753 0.602264421 -51.78607928776645 ../testing_datasets/H3_epi.csv NeighborSum 40
0.0 0.1389385200129655 -5.40796 0.866090372 0.447345866 -57.67349083526806 ../testing_datasets/H3_epi.csv NeighborSum 40
0.0 0.13865162358626154 -5.7612 1.040738514 0.382127 -55.66547416385427 ../testing_datasets/H3_epi.csv NeighborSum 40
0.0 0.16390573466140113 -3.20132 0.883922457 0.544771566 -56.32088317253879 ../testing_datasets/H3_epi.csv NeighborSum 40
0.0 0.15795240626869395 -3.80354 1.192942461 0.423177569 -62.917923207094375 ../testing_datasets/H3_epi.csv NeighborSum 40
0.0 0.1312349753077255 -4.44307 0.598159525 0.403076121 -65.58511373578563 ../testing_datasets/H3_epi.csv NeighborSum 40
0.0 0.15629645624924735 -4.42333 1.063868523 0.531204229 -61.652005381595366 ../testing_datasets/H3_epi.csv NeighborSum 40
0.0 0.1769198828295538 -1.52687 1.020103694 0.530667803 -63.70237258460036 ../testing_datasets/H3_epi.csv NeighborSum 40
0.0 0.1428033501720568 -2.32609 0.436271469 0.437249809 -70.0299936917621 ../testing_datasets/H3_epi.csv NeighborSum 40
0.0 0.15717036930106343 -1.10892 0.535295504 0.46735749 -70.78148383560506 ../testing_datasets/H3_epi.csv NeighborSum 40
0.0 0.1847031357472314 -1.28695 1.043296385 0.624816382 -65.17153475970805 ../testing_datasets/H3_epi.csv NeighborSum 40
0.0 0.14509489310689944 -3.82857 0.716735645 0.489040682 -65.97798073193584 ../testing_datasets/H3_epi.csv NeighborSum 40
0.0 0.11690857797972116 -5.14881 0.332333688 0.449105671 -71.57108131475806 ../testing_datasets/H3_epi.csv NeighborSum 40
0.0 0.16707215676796058 -1.62541 0.984743405 0.469638647 -71.67655408880407 ../testing_datasets/H3_epi.csv NeighborSum 40
0.0 0.17555776070244636 -1.30478 0.827641358 0.603729944 -66.72630504585756 ../testing_datasets/H3_epi.csv NeighborSum 40
0.0 0.15014564040554235 -2.93369 0.752629948 0.500263238 -73.60401130439338 ../testing_datasets/H3_epi.csv NeighborSum 40
0.0 0.14621362372394903 -2.75751 0.760721617 0.439325834 -77.0626293894163 ../testing_datasets/H3_epi.csv NeighborSum 40
0.0 0.17748408807489585 -1.34156 0.993678795 0.579146798 -69.71211064698727 ../testing_datasets/H3_epi.csv NeighborSum 40
0.0 0.16672292108146464 -2.12549 0.800457834 0.606546749 -69.81521638556747 ../testing_datasets/H3_epi.csv NeighborSum 40
0.0 0.13882491930063862 -3.61401 0.704684042 0.481717532 -79.80707039289892 ../testing_datasets/H3_epi.csv NeighborSum 40
0.0 0.16076046063619165 -2.19707 1.140684827 0.421130542 -78.83025383639635 ../testing_datasets/H3_epi.csv NeighborSum 40
0.0 0.1835789487026964 0.85552 0.70700435 0.571915455 -73.2688026729735 ../testing_datasets/H3_epi.csv NeighborSum 40
0.0 0.17272321834431448 -1.46995 1.090830856 0.551696943 -79.62978417333939 ../testing_datasets/H3_epi.csv NeighborSum 40
0.0 0.13259858664111934 -4.86162 1.013050303 0.439234554 -86.49937220595108 ../testing_datasets/H3_epi.csv NeighborSum 40
0.0 0.1430328861445647 -4.15352 0.997334168 0.460810882 -78.87466935568919 ../testing_datasets/H3_epi.csv NeighborSum 40
0.0 0.16149759284173748 -1.95822 0.700903709 0.614625217 -77.34672180793042 ../testing_datasets/H3_epi.csv NeighborSum 40
0.0 0.16952339659839566 -0.48431 1.057297943 0.509948747 -93.93246360678366 ../testing_datasets/H3_epi.csv NeighborSum 40
0.0 0.15591702025628293 -0.54065 0.801095412 0.454936861 -96.91748284824675 ../testing_datasets/H3_epi.csv NeighborSum 40
0.0 0.17212229689587266 -2.17009 1.414119983 0.499189536 -83.5957238283719 ../testing_datasets/H3_epi.csv NeighborSum 40
0.0 0.1826779996151261 -0.71104 1.320760203 0.602191007 -92.4055077423739 ../testing_datasets/H3_epi.csv NeighborSum 40
0.0 0.1374106929993368 -3.95962 1.078336037 0.518546851 -104.76150532017795 ../testing_datasets/H3_epi.csv NeighborSum 40
0.0 0.17128920205520504 -1.45186 1.527139493 0.457961345 -98.30267133053566 ../testing_datasets/H3_epi.csv NeighborSum 40
0.0 0.1554613203092687 -2.32088 0.995512046 0.525460049 -90.84404638326342 ../testing_datasets/H3_epi.csv NeighborSum 40
0.0 0.10713881409136036 -7.53053 0.809259689 0.603318369 -101.84105336046875 ../testing_datasets/H3_epi.csv NeighborSum 40
0.0 0.1323229789533624 -2.73052 0.661070452 0.549756481 -111.60144097264558 ../testing_datasets/H3_epi.csv NeighborSum 40
0.0 0.14925027411462968 -4.30751 1.286137987 0.580807725 -96.83724404236726 ../testing_datasets/H3_epi.csv NeighborSum 40
0.0 0.16765237360544535 -1.72581 1.206935439 0.634181451 -102.66452179985527 ../testing_datasets/H3_epi.csv NeighborSum 40
0.0 0.144630590282993 -1.18195 0.629992918 0.619746482 -118.25283574990124 ../testing_datasets/H3_epi.csv NeighborSum 40
0.0 0.13402078346261717 -2.64982 0.537023876 0.62398496 -110.88321809960068 ../testing_datasets/H3_epi.csv NeighborSum 40
0.0 0.15713486760766507 -3.12395 1.163806547 0.628880946 -98.11919743089057 ../testing_datasets/H3_epi.csv NeighborSum 40
0.0 0.14508719288270985 -3.51753 1.138946126 0.579603666 -107.86690765128839 ../testing_datasets/H3_epi.csv NeighborSum 40
0.0 0.11883077428155996 -3.43685 0.433889401 0.575833243 -115.93448188511029 ../testing_datasets/H3_epi.csv NeighborSum 40
0.0 0.1510362138248544 -1.85087 0.753158473 0.620360106 -103.1939042499674 ../testing_datasets/H3_epi.csv NeighborSum 40
0.0 0.15627819274881483 -3.30034 1.307695958 0.541796192 -95.39855072308687 ../testing_datasets/H3_epi.csv NeighborSum 40
0.0 0.1404735563586711 -1.83852 0.821615474 0.460142172 -108.67009907422238 ../testing_datasets/H3_epi.csv NeighborSum 40
0.0 0.1427179021626201 -2.82625 0.867244679 0.563614512 -104.40961613040685 ../testing_datasets/H3_epi.csv NeighborSum 40
0.0 0.16934899345598 -0.99022 1.13120506 0.501806143 -90.03303961428377 ../testing_datasets/H3_epi.csv NeighborSum 40
0.0 0.12959044704961745 -6.09864 0.951889434 0.560343008 -84.09502824918715 ../testing_datasets/H3_epi.csv NeighborSum 40
0.0 0.20132221056226648 5.26967 0.825507389 0.413718163 -95.28936409391804 ../testing_datasets/H3_epi.csv NeighborSum 40
0.0 0.17972216594429508 3.39804 0.793110125 0.251239882 -86.51823446542758 ../testing_datasets/H3_epi.csv NeighborSum 40
0.0 0.15993704527318117 -3.83505 1.031493409 0.607399108 -70.92033095109993 ../testing_datasets/H3_epi.csv NeighborSum 40
0.0 0.15601609108358627 -2.42327 0.864759332 0.541983715 -82.10625054071745 ../testing_datasets/H3_epi.csv NeighborSum 40
0.0 0.11716585635720948 -4.71313 0.61270284 0.33415347 -81.2135763029211 ../testing_datasets/H3_epi.csv NeighborSum 40
0.0 0.12658729141967603 -4.36946 0.884873647 0.462233314 -100.61271103604906 ../testing_datasets/H3_epi.csv NeighborSum 40
0.0 0.1456343836921664 -0.29921 0.640065215 0.254434063 -86.3277692961547 ../testing_datasets/H3_epi.csv NeighborSum 40
0.0 0.13414857805986727 -1.95715 0.851685847 0.316120234 -103.50252922599041 ../testing_datasets/H3_epi.csv NeighborSum 40
0.0 0.12360396328473344 -2.09951 0.348089293 0.261316096 -83.96080077395139 ../testing_datasets/H3_epi.csv NeighborSum 40
0.0 0.13665920948535387 -2.13756 0.862810622 0.335489908 -98.88480368468531 ../testing_datasets/H3_epi.csv NeighborSum 40
0.0 0.15980732019200655 -0.64753 0.592361004 0.502324198 -80.56750997462903 ../testing_datasets/H3_epi.csv NeighborSum 40
0.0 0.1262213106174801 -5.0457 0.872087436 0.403206386 -82.92994780732877 ../testing_datasets/H3_epi.csv NeighborSum 40
0.0 0.14210144171572722 -2.30736 0.212941744 0.541336978 -70.4817969671298 ../testing_datasets/H3_epi.csv NeighborSum 40
0.0 0.16929109586758895 -3.20706 1.046359446 0.614300241 -64.26272964179903 ../testing_datasets/H3_epi.csv NeighborSum 40
0.0 0.14707679726614256 -4.24697 0.561512033 0.590431103 -58.3581679394081 ../testing_datasets/H3_epi.csv NeighborSum 40
0.0 0.168171635402455 -4.26129 0.924414753 0.661403561 -48.3045496110789 ../testing_datasets/H3_epi.csv NeighborSum 40
0.0 0.19045311717581698 -1.33014 0.847142193 0.583158969 -36.19623309786259 ../testing_datasets/H3_epi.csv NeighborSum 40
0.0 0.21027500313477462 -0.00773 1.19843548 0.69259174 -53.20947220543554 ../testing_datasets/H3_epi.csv NeighborSum 40
0.0 0.15584321931235123 -4.68592 0.445627454 0.616167129 -30.54759461346679 ../testing_datasets/H3_epi.csv NeighborSum 40
0.0 0.16003999486362255 -2.16794 0.155453728 0.548487042 -35.202749096723544 ../testing_datasets/H3_epi.csv NeighborSum 40
0.0 0.17964321488159982 0.10503 0.29890498 0.508037714 -36.330453425828665 ../testing_datasets/H3_epi.csv NeighborSum 40
0.0 0.17669423751193913 -1.88707 0.885523229 0.50698248 -47.38477944465407 ../testing_datasets/H3_epi.csv NeighborSum 40
0.0 0.16697882189359758 -2.67076 0.693656821 0.591047054 -52.41299123463908 ../testing_datasets/H3_epi.csv NeighborSum 40
0.0 0.1765794847016599 -0.33149 0.530187444 0.53873164 -53.53161181700676 ../testing_datasets/H3_epi.csv NeighborSum 40
0.0 0.16203330815458844 -3.02644 0.883519866 0.452514967 -51.45158698947699 ../testing_datasets/H3_epi.csv NeighborSum 40
0.0 0.1513772061621314 -4.0757 1.387089416 0.295413638 -67.97310306842209 ../testing_datasets/H3_epi.csv NeighborSum 40
1.0 0.17800109564085614 -1.53205 0.778761919 0.681401239 -64.86724145039115 ../testing_datasets/H3_epi.csv NeighborSum 40
1.0 0.15685681317226607 -4.91755 0.859310583 0.702726693 -61.05883157085262 ../testing_datasets/H3_epi.csv NeighborSum 40
1.0 0.16557077097284942 -1.27514 0.297774008 0.643291799 -58.56873525065498 ../testing_datasets/H3_epi.csv NeighborSum 40
0.0 0.15432980202276605 -1.29311 0.63965973 0.479991183 -81.41788542835155 ../testing_datasets/H3_epi.csv NeighborSum 40
0.0 0.1498592073106473 -3.85198 1.182778761 0.425444972 -77.49194577372845 ../testing_datasets/H3_epi.csv NeighborSum 40
1.0 0.16647419604496777 -2.85527 0.804572899 0.583190318 -56.44295393534274 ../testing_datasets/H3_epi.csv NeighborSum 40
1.0 0.14218657950860672 -3.44489 0.209785592 0.591967233 -58.67256342968124 ../testing_datasets/H3_epi.csv NeighborSum 40
0.0 0.1576089064725294 -1.25972 0.710732654 0.48401853 -80.46335149004553 ../testing_datasets/H3_epi.csv NeighborSum 40
1.0 0.1603253125939216 -3.69254 1.229652285 0.474846113 -68.56450570597751 ../testing_datasets/H3_epi.csv NeighborSum 40
1.0 0.17122883530740182 -2.40279 0.546764592 0.681350678 -50.18054906695815 ../testing_datasets/H3_epi.csv NeighborSum 40
1.0 0.1756981683756839 0.43991 0.148827361 0.631045646 -54.77006241008761 ../testing_datasets/H3_epi.csv NeighborSum 40
0.0 0.16761993401612196 -1.08336 0.988284263 0.434100289 -74.90785731718762 ../testing_datasets/H3_epi.csv NeighborSum 40
1.0 0.1790213913648729 -1.6756 0.97372298 0.544192875 -56.104339207589355 ../testing_datasets/H3_epi.csv NeighborSum 40
1.0 0.1667890222063805 -1.69697 0.267811892 0.632829896 -46.570067098597995 ../testing_datasets/H3_epi.csv NeighborSum 40
0.0 0.1646556710074051 -0.40057 0.525778473 0.436773712 -62.93828156096347 ../testing_datasets/H3_epi.csv NeighborSum 40
0.0 0.17784503131454438 -1.98033 1.253416225 0.487119349 -64.04854142593564 ../testing_datasets/H3_epi.csv NeighborSum 40
1.0 0.2084934549695053 1.59349 0.812587298 0.627322263 -49.65325966216171 ../testing_datasets/H3_epi.csv NeighborSum 40
0.0 0.20488879184955958 -0.21564 0.750926705 0.78332428 -43.75730624932451 ../testing_datasets/H3_epi.csv NeighborSum 40
1.0 0.2084502438434916 -0.03585 0.896655797 0.739252699 -43.30746750532249 ../testing_datasets/H3_epi.csv NeighborSum 40
1.0 0.21333795223280247 0.38713 1.164038449 0.703406116 -52.56326583956667 ../testing_datasets/H3_epi.csv NeighborSum 40
1.0 0.1920501212188459 -0.38731 1.014292453 0.540255779 -52.81058478665035 ../testing_datasets/H3_epi.csv NeighborSum 40
0.0 0.19525138214502036 -1.57996 0.823902963 0.748905845 -41.67984569557008 ../testing_datasets/H3_epi.csv NeighborSum 40
0.0 0.16351489699280833 -4.22743 1.050005639 0.553238002 -52.509755482482106 ../testing_datasets/H3_epi.csv NeighborSum 40
0.0 0.23044033754633766 2.68302 1.118057678 0.644745921 -44.974448743313566 ../testing_datasets/H3_epi.csv NeighborSum 40
0.0 0.19579036849909584 2.00924 1.024392338 0.273106697 -50.873781208149154 ../testing_datasets/H3_epi.csv NeighborSum 40
0.0 0.1850342337491413 -0.82497 0.811640813 0.612915315 -55.91006505249939 ../testing_datasets/H3_epi.csv NeighborSum 40
0.0 0.19693025675382803 -2.29809 1.672334066 0.588790597 -60.37818440014003 ../testing_datasets/H3_epi.csv NeighborSum 40
0.0 0.19563860714874037 -0.11523 0.990691291 0.562892802 -51.348023929117495 ../testing_datasets/H3_epi.csv NeighborSum 40
0.0 0.1750100314513408 -1.85847 1.020979387 0.463587352 -54.2058026730419 ../testing_datasets/H3_epi.csv NeighborSum 40
0.0 0.19525303554184342 -0.5931 1.055795637 0.514859204 -42.91527102520351 ../testing_datasets/H3_epi.csv NeighborSum 40
0.0 0.19246498915478852 -1.40486 1.066198821 0.565636186 -42.56230327314613 ../testing_datasets/H3_epi.csv NeighborSum 40
0.0 0.2004837165151841 -0.24762 0.778543834 0.571814993 -27.884434595768486 ../testing_datasets/H3_epi.csv NeighborSum 40
0.0 0.19697135323554074 -1.41029 0.847986298 0.640120458 -29.28318027720779 ../testing_datasets/H3_epi.csv NeighborSum 40
0.0 0.22604375074063465 1.12562 1.275809547 0.640861635 -38.699856958938966 ../testing_datasets/H3_epi.csv NeighborSum 40
0.0 0.17889253162390267 -2.33122 0.741038623 0.619450974 -40.953414686584956 ../testing_datasets/H3_epi.csv NeighborSum 40
0.0 0.18836953264934733 -0.92338 0.764726784 0.591459914 -42.43012890411601 ../testing_datasets/H3_epi.csv NeighborSum 40
0.0 0.17240939562430518 -2.8022 0.943782976 0.528581312 -47.75739747924507 ../testing_datasets/H3_epi.csv NeighborSum 40
0.0 0.17153070352691166 -0.01974 0.714746749 0.328057281 -54.0202414910072 ../testing_datasets/H3_epi.csv NeighborSum 40
0.0 0.17087470930426077 -2.48348 0.930253372 0.484794605 -49.51639975547833 ../testing_datasets/H3_epi.csv NeighborSum 40
0.0 0.17468117027958618 -4.05156 1.256053567 0.603275949 -52.396015357171386 ../testing_datasets/H3_epi.csv NeighborSum 40
0.0 0.1364365275572668 -5.37611 0.835810015 0.420346607 -57.87020666495774 ../testing_datasets/H3_epi.csv NeighborSum 40
0.0 0.14109898681777705 -5.67761 1.083273344 0.3953137 -56.44329080562824 ../testing_datasets/H3_epi.csv NeighborSum 40
0.0 0.1646201861736302 -3.15799 0.886397964 0.554881606 -56.98426679377094 ../testing_datasets/H3_epi.csv NeighborSum 40
0.0 0.1528118403878112 -4.5826 1.218344686 0.424243444 -62.533202298889556 ../testing_datasets/H3_epi.csv NeighborSum 40
0.0 0.13250661223656848 -4.29972 0.617600794 0.398735687 -66.01357792856696 ../testing_datasets/H3_epi.csv NeighborSum 40
0.0 0.15943145546676252 -4.19526 1.0464075 0.569476161 -62.660864230285995 ../testing_datasets/H3_epi.csv NeighborSum 40
0.0 0.17566212288064997 -1.70948 1.026717248 0.53272905 -63.974663440082224 ../testing_datasets/H3_epi.csv NeighborSum 40
0.0 0.14186395963777831 -2.48409 0.518199171 0.40001798 -69.96206797975829 ../testing_datasets/H3_epi.csv NeighborSum 40
0.0 0.1461624156478566 -2.68823 0.539287956 0.483434805 -69.88793519458498 ../testing_datasets/H3_epi.csv NeighborSum 40
0.0 0.1846057839137193 -1.20313 1.023206693 0.632002374 -66.2842163261003 ../testing_datasets/H3_epi.csv NeighborSum 40
0.0 0.1402481697008712 -4.34651 0.728241107 0.476373758 -66.53764429712531 ../testing_datasets/H3_epi.csv NeighborSum 40
0.0 0.1174979833852393 -4.60651 0.328855717 0.396911669 -72.2744260109586 ../testing_datasets/H3_epi.csv NeighborSum 40
0.0 0.17114164656081085 -1.7083 0.974385705 0.554862987 -72.19512531087881 ../testing_datasets/H3_epi.csv NeighborSum 40
0.0 0.17438172057555884 -1.49109 0.843482432 0.611772961 -68.07800466680737 ../testing_datasets/H3_epi.csv NeighborSum 40
0.0 0.14801418255624077 -3.04207 0.746764275 0.493207108 -74.84026214416089 ../testing_datasets/H3_epi.csv NeighborSum 40
0.0 0.14701655204900327 -2.69687 0.741876229 0.45682828 -77.39967211932404 ../testing_datasets/H3_epi.csv NeighborSum 40
0.0 0.17525485347992756 -1.18715 0.873741936 0.593139238 -70.69791152439632 ../testing_datasets/H3_epi.csv NeighborSum 40
0.0 0.1631623156345184 -2.17792 0.715975754 0.61215617 -71.35909944189625 ../testing_datasets/H3_epi.csv NeighborSum 40
0.0 0.13409182629394678 -3.79772 0.676692141 0.449198465 -80.46657395562687 ../testing_datasets/H3_epi.csv NeighborSum 40
0.0 0.16474664637736344 -2.1581 1.149109632 0.476781449 -78.97266657100442 ../testing_datasets/H3_epi.csv NeighborSum 40
0.0 0.182318623547348 0.9376 0.663963377 0.57104252 -74.21247943153618 ../testing_datasets/H3_epi.csv NeighborSum 40
0.0 0.17138715638316213 -1.41486 1.038341646 0.559444308 -80.76309097964 ../testing_datasets/H3_epi.csv NeighborSum 40
0.0 0.1328198483556327 -4.72697 1.00931652 0.431092985 -86.93503392467915 ../testing_datasets/H3_epi.csv NeighborSum 40
0.0 0.1501773105624039 -3.45534 1.009611947 0.486794408 -79.73319910310111 ../testing_datasets/H3_epi.csv NeighborSum 40
0.0 0.15908706708477185 -2.04081 0.652709931 0.616720799 -78.01422057633197 ../testing_datasets/H3_epi.csv NeighborSum 40
0.0 0.1689077927969148 -0.57995 1.057207112 0.516754622 -94.46538293767419 ../testing_datasets/H3_epi.csv NeighborSum 40
0.0 0.15717003307051564 -0.60971 0.796349185 0.48347495 -96.58622455338293 ../testing_datasets/H3_epi.csv NeighborSum 40
0.0 0.17241446363589577 -2.21871 1.425720087 0.502018272 -83.33797641851922 ../testing_datasets/H3_epi.csv NeighborSum 40
0.0 0.18328671390200763 -0.68489 1.324051971 0.607116558 -92.43067348064938 ../testing_datasets/H3_epi.csv NeighborSum 40
0.0 0.1319170932997885 -4.02353 0.931263958 0.51091208 -104.399174460376 ../testing_datasets/H3_epi.csv NeighborSum 40
0.0 0.17285654869679815 -1.38956 1.533873041 0.463566869 -97.32482504541768 ../testing_datasets/H3_epi.csv NeighborSum 40
0.0 0.15735661065453665 -2.19767 1.003082454 0.524189417 -89.39128635491926 ../testing_datasets/H3_epi.csv NeighborSum 40
0.0 0.09967639618127698 -8.06823 0.678620048 0.604079564 -100.00203734068705 ../testing_datasets/H3_epi.csv NeighborSum 40
0.0 0.13727264294365374 -2.65016 0.75855219 0.559590165 -110.47268389749193 ../testing_datasets/H3_epi.csv NeighborSum 40
0.0 0.1525837110163456 -4.22106 1.338682007 0.57830857 -94.66176515482869 ../testing_datasets/H3_epi.csv NeighborSum 40
0.0 0.16849595355886104 -1.61936 1.177513617 0.63108996 -100.48276024360638 ../testing_datasets/H3_epi.csv NeighborSum 40
0.0 0.14420820492055964 -1.26789 0.609733531 0.620732659 -116.6098804325838 ../testing_datasets/H3_epi.csv NeighborSum 40
0.0 0.13616103268131055 -2.69164 0.57155383 0.626154719 -108.48840022401247 ../testing_datasets/H3_epi.csv NeighborSum 40
0.0 0.15879921901984806 -3.23685 1.200862802 0.626778819 -95.18631267708363 ../testing_datasets/H3_epi.csv NeighborSum 40
0.0 0.14284139501609167 -3.79799 1.102180344 0.582491601 -105.95941694931221 ../testing_datasets/H3_epi.csv NeighborSum 40
0.0 0.11304083019460824 -3.58861 0.423707349 0.493538359 -114.2068675071116 ../testing_datasets/H3_epi.csv NeighborSum 40
0.0 0.15086751109522462 -1.78956 0.798066441 0.566932433 -100.7729173356301 ../testing_datasets/H3_epi.csv NeighborSum 40
0.0 0.15475998782757844 -3.24208 1.225768266 0.532304167 -93.02596929353707 ../testing_datasets/H3_epi.csv NeighborSum 40
0.0 0.14245414552800412 -1.48119 0.760830503 0.470574667 -107.86299731453941 ../testing_datasets/H3_epi.csv NeighborSum 40
0.0 0.13731559595464707 -2.15644 0.869511023 0.384658061 -103.69103911468146 ../testing_datasets/H3_epi.csv NeighborSum 40
0.0 0.1743995163153198 -1.13286 1.161003485 0.570106513 -88.16015499762106 ../testing_datasets/H3_epi.csv NeighborSum 40
0.0 0.1286528456781073 -6.61769 1.014349233 0.560870036 -81.81330266920492 ../testing_datasets/H3_epi.csv NeighborSum 40
0.0 0.21267454146137682 4.87358 0.973275298 0.555339863 -93.46535653843056 ../testing_datasets/H3_epi.csv NeighborSum 40
0.0 0.20279669476607362 3.60952 0.825378865 0.589182174 -88.01851468272434 ../testing_datasets/H3_epi.csv NeighborSum 40
0.0 0.157089179394369 -4.30213 1.012759628 0.618099716 -69.35550496203989 ../testing_datasets/H3_epi.csv NeighborSum 40
0.0 0.15840581707043216 -2.13264 0.84322232 0.551274732 -81.76347438502114 ../testing_datasets/H3_epi.csv NeighborSum 40
0.0 0.1302191119131011 -3.69397 0.779412834 0.331578695 -81.67461643327472 ../testing_datasets/H3_epi.csv NeighborSum 40
0.0 0.12865518903849646 -4.22694 0.930594875 0.446294999 -99.70567451753665 ../testing_datasets/H3_epi.csv NeighborSum 40
0.0 0.14269846339475595 0.17248 0.379967836 0.263618748 -84.34039279880129 ../testing_datasets/H3_epi.csv NeighborSum 40
0.0 0.12797479144027998 -2.5862 0.814016394 0.299687273 -101.41963963764789 ../testing_datasets/H3_epi.csv NeighborSum 40
0.0 0.12263514214784424 -2.25701 0.316414832 0.270686036 -82.58011217874918 ../testing_datasets/H3_epi.csv NeighborSum 40
0.0 0.13898292568565185 -2.00232 0.933438646 0.314576607 -98.30669038990904 ../testing_datasets/H3_epi.csv NeighborSum 40
0.0 0.15853119996187115 0.33482 0.309571582 0.494544545 -79.80051534967767 ../testing_datasets/H3_epi.csv NeighborSum 40
0.0 0.13109042274594926 -4.48065 0.879706311 0.39965766 -82.2731031120596 ../testing_datasets/H3_epi.csv NeighborSum 40
0.0 0.1526091111539582 -2.32292 0.53804943 0.542396994 -70.1120595260444 ../testing_datasets/H3_epi.csv NeighborSum 40
0.0 0.17339944269215157 -2.62324 1.011120086 0.613470917 -63.049812800411054 ../testing_datasets/H3_epi.csv NeighborSum 40
0.0 0.1464675326862667 -4.37888 0.543627628 0.59858662 -57.3818400871135 ../testing_datasets/H3_epi.csv NeighborSum 40
0.0 0.16885188658666517 -4.3021 0.923468502 0.665551103 -46.80002746306386 ../testing_datasets/H3_epi.csv NeighborSum 40
0.0 0.1855902554441437 -2.28167 0.882711911 0.588455546 -33.74881357909735 ../testing_datasets/H3_epi.csv NeighborSum 40
0.0 0.21058609351749613 -0.03752 1.186875898 0.692138169 -51.377011481729 ../testing_datasets/H3_epi.csv NeighborSum 40
0.0 0.16358927144365082 -3.83055 0.442003714 0.627239158 -29.88131739939983 ../testing_datasets/H3_epi.csv NeighborSum 40
0.0 0.15724904901259518 -2.52594 0.120918225 0.543336694 -32.31699533243092 ../testing_datasets/H3_epi.csv NeighborSum 40
0.0 0.17865982680432796 0.16462 0.221265229 0.515838272 -35.30203784789524 ../testing_datasets/H3_epi.csv NeighborSum 40
0.0 0.18207116367044338 -1.59538 0.975002954 0.506680765 -46.97250857198067 ../testing_datasets/H3_epi.csv NeighborSum 40
0.0 0.17470613600360096 -1.68294 0.657951648 0.593593412 -50.814507613581156 ../testing_datasets/H3_epi.csv NeighborSum 40
0.0 0.1679032213933736 -0.04791 0.203960544 0.520138328 -52.30364174235856 ../testing_datasets/H3_epi.csv NeighborSum 40
0.0 0.15520960129039582 -2.99001 0.731130699 0.414910062 -51.257825761592954 ../testing_datasets/H3_epi.csv NeighborSum 40
0.0 0.14735313431794744 -4.42836 1.374086679 0.265395858 -65.87743066425742 ../testing_datasets/H3_epi.csv NeighborSum 40
1.0 0.17387869606741038 -0.89739 0.575827981 0.638151516 -64.87937316719122 ../testing_datasets/H3_epi.csv NeighborSum 40
1.0 0.1519813848827859 -4.93666 0.784631442 0.697877378 -65.0036503809749 ../testing_datasets/H3_epi.csv NeighborSum 40
1.0 0.1671717478076321 -1.38569 0.404721355 0.645221375 -60.603334759195135 ../testing_datasets/H3_epi.csv NeighborSum 40
0.0 0.15211816210926676 -1.38569 0.605313959 0.485598256 -82.82702541092236 ../testing_datasets/H3_epi.csv NeighborSum 40
0.0 0.14725458272108155 -3.73593 1.121181829 0.426966452 -80.7075727635794 ../testing_datasets/H3_epi.csv NeighborSum 40
1.0 0.16747800611558514 -2.76414 0.866287947 0.580237371 -59.3641480406417 ../testing_datasets/H3_epi.csv NeighborSum 40
1.0 0.14054481815053624 -3.67811 0.225781842 0.596306874 -59.76235001257756 ../testing_datasets/H3_epi.csv NeighborSum 40
0.0 0.1546934329622305 -1.36736 0.65672676 0.491396892 -82.00234696009753 ../testing_datasets/H3_epi.csv NeighborSum 40
1.0 0.1583333383674291 -3.60129 1.183858458 0.473003104 -70.77944407896887 ../testing_datasets/H3_epi.csv NeighborSum 40
1.0 0.172258952423879 -2.40704 0.617009927 0.678430232 -52.10780596681522 ../testing_datasets/H3_epi.csv NeighborSum 40
1.0 0.1757520540613941 0.27874 0.207435725 0.633521178 -56.09717005842078 ../testing_datasets/H3_epi.csv NeighborSum 40
0.0 0.1651728067975335 -1.11469 0.94038325 0.43818284 -76.69728389224166 ../testing_datasets/H3_epi.csv NeighborSum 40
1.0 0.17826795649137023 -1.75142 1.022230688 0.534843153 -58.25774918687611 ../testing_datasets/H3_epi.csv NeighborSum 40
1.0 0.16807959229262204 -1.72343 0.334850427 0.638213607 -48.457144853264516 ../testing_datasets/H3_epi.csv NeighborSum 40
0.0 0.16362376465057674 -0.40095 0.494418865 0.451082798 -64.72592171029686 ../testing_datasets/H3_epi.csv NeighborSum 40
0.0 0.17723604836012208 -1.84978 1.23377934 0.484519631 -65.71723192122172 ../testing_datasets/H3_epi.csv NeighborSum 40
1.0 0.2082645835054452 1.5278 0.862137593 0.622449217 -51.55383532382909 ../testing_datasets/H3_epi.csv NeighborSum 40
0.0 0.20358481441341053 -0.30784 0.770149767 0.779557952 -45.59006639520297 ../testing_datasets/H3_epi.csv NeighborSum 40
1.0 0.20636962420616273 -0.06145 0.858298918 0.743506324 -45.086200551487735 ../testing_datasets/H3_epi.csv NeighborSum 40
1.0 0.21201025332543572 0.37206 1.183739322 0.694384794 -55.02713703531661 ../testing_datasets/H3_epi.csv NeighborSum 40
1.0 0.1915286305481646 -0.35842 1.040113198 0.52869559 -54.463065461302065 ../testing_datasets/H3_epi.csv NeighborSum 40
0.0 0.1939967917105595 -1.58404 0.8189937 0.751478612 -44.05506002938931 ../testing_datasets/H3_epi.csv NeighborSum 40
0.0 0.16174783113095734 -4.24126 1.058076775 0.53634228 -54.1712275723136 ../testing_datasets/H3_epi.csv NeighborSum 40
0.0 0.23026213132925724 2.84913 1.126303504 0.630731965 -46.69932532548998 ../testing_datasets/H3_epi.csv NeighborSum 40
0.0 0.19611045924503834 2.11652 1.033761289 0.264601991 -51.46090260195532 ../testing_datasets/H3_epi.csv NeighborSum 40
0.0 0.18299271991899307 -1.02019 0.857445172 0.594190494 -57.410391617921434 ../testing_datasets/H3_epi.csv NeighborSum 40
0.0 0.19846328229496635 -2.07897 1.674021396 0.59198064 -61.28613993949036 ../testing_datasets/H3_epi.csv NeighborSum 40
0.0 0.194706336981218 -0.12717 0.973501852 0.561222072 -51.70439477852976 ../testing_datasets/H3_epi.csv NeighborSum 40
0.0 0.17736838685520734 -1.49308 1.022611663 0.460188161 -54.97436229894656 ../testing_datasets/H3_epi.csv NeighborSum 40
0.0 0.19477045985022054 -0.6406 1.066444429 0.510856713 -43.289284484930924 ../testing_datasets/H3_epi.csv NeighborSum 40
0.0 0.19159923492370445 -1.38762 1.044997612 0.561971226 -42.75132239417176 ../testing_datasets/H3_epi.csv NeighborSum 40
0.0 0.20126319030772552 -0.21592 0.79112984 0.576103016 -28.16189865360623 ../testing_datasets/H3_epi.csv NeighborSum 40
0.0 0.19748733461472773 -1.3971 0.860397633 0.640539814 -29.305559913309505 ../testing_datasets/H3_epi.csv NeighborSum 40
0.0 0.22512992875269733 1.17292 1.256955553 0.624487034 -38.052271892316085 ../testing_datasets/H3_epi.csv NeighborSum 40
0.0 0.17753616487213006 -2.37496 0.706950877 0.617758974 -40.59266140112046 ../testing_datasets/H3_epi.csv NeighborSum 40
0.0 0.18542741470550045 -0.94216 0.797042168 0.524278674 -41.699096129878946 ../testing_datasets/H3_epi.csv NeighborSum 40
0.0 0.15940758376232028 -2.83706 0.973929637 0.302477381 -46.88030658081098 ../testing_datasets/H3_epi.csv NeighborSum 40
0.0 0.1680092126453213 -0.05428 0.694254731 0.283913783 -53.69408847901766 ../testing_datasets/H3_epi.csv NeighborSum 40
0.0 0.16867973449849646 -2.36904 0.891798479 0.452496357 -49.247838420577565 ../testing_datasets/H3_epi.csv NeighborSum 40
0.0 0.1601894704782419 -4.07135 1.261879668 0.362642951 -51.37465358451123 ../testing_datasets/H3_epi.csv NeighborSum 40
0.0 0.13127914862751866 -5.44984 0.820562394 0.350578888 -57.327546811235074 ../testing_datasets/H3_epi.csv NeighborSum 40
0.0 0.13825388585212076 -5.64414 1.040108166 0.366364989 -56.29708610450181 ../testing_datasets/H3_epi.csv NeighborSum 40
0.0 0.16033354307858633 -3.2017 0.869979244 0.496147205 -56.482978502343634 ../testing_datasets/H3_epi.csv NeighborSum 40
0.0 0.1576826652490754 -4.05429 1.179757521 0.453936809 -62.475423445575956 ../testing_datasets/H3_epi.csv NeighborSum 40
0.0 0.13229197671698184 -4.4285 0.601591722 0.417836871 -65.76290607032318 ../testing_datasets/H3_epi.csv NeighborSum 40
0.0 0.1583879442901853 -4.51222 1.083122381 0.572445626 -62.41227057914911 ../testing_datasets/H3_epi.csv NeighborSum 40
0.0 0.1770953927292637 -1.34928 1.006637211 0.520767008 -64.07565985109301 ../testing_datasets/H3_epi.csv NeighborSum 40
0.0 0.14572031732643193 -2.1003 0.432581259 0.457231163 -70.06176347244109 ../testing_datasets/H3_epi.csv NeighborSum 40
0.0 0.1486763364829829 -2.90681 0.611989681 0.514592768 -69.90786488871122 ../testing_datasets/H3_epi.csv NeighborSum 40
0.0 0.1839072472400606 -1.3563 1.058319156 0.623140719 -66.36690446036172 ../testing_datasets/H3_epi.csv NeighborSum 40
0.0 0.13967061931772212 -4.40102 0.667925035 0.502096509 -66.20116251052808 ../testing_datasets/H3_epi.csv NeighborSum 40
0.0 0.11784567303132043 -5.02552 0.345201153 0.445056462 -71.9664335321267 ../testing_datasets/H3_epi.csv NeighborSum 40
0.0 0.1711065800763561 -2.10897 1.059536526 0.565101178 -72.57368256813854 ../testing_datasets/H3_epi.csv NeighborSum 40
0.0 0.17428677047348656 -1.42312 0.794924622 0.627676276 -68.23724425875271 ../testing_datasets/H3_epi.csv NeighborSum 40
0.0 0.14797585938136282 -3.032 0.70427318 0.509212633 -74.38229060817683 ../testing_datasets/H3_epi.csv NeighborSum 40
0.0 0.15207414377968093 -2.54882 0.750990428 0.52069382 -78.19031023905512 ../testing_datasets/H3_epi.csv NeighborSum 40
0.0 0.17481671065684407 -1.28902 0.921750244 0.582708906 -71.6762283751479 ../testing_datasets/H3_epi.csv NeighborSum 40
0.0 0.1617598112466457 -2.18418 0.731156107 0.581706451 -71.22918913652488 ../testing_datasets/H3_epi.csv NeighborSum 40
0.0 0.1380996899231461 -3.592 0.687332561 0.483357597 -80.67812824573942 ../testing_datasets/H3_epi.csv NeighborSum 40
0.0 0.16526777374188095 -1.88471 1.128182407 0.478788404 -81.13829719410441 ../testing_datasets/H3_epi.csv NeighborSum 40
0.0 0.17164329835506936 -0.42065 0.651141511 0.577203271 -73.85090864584623 ../testing_datasets/H3_epi.csv NeighborSum 40
0.0 0.16787056562146063 -1.87732 1.092719543 0.530808179 -80.31963312562142 ../testing_datasets/H3_epi.csv NeighborSum 40
0.0 0.1360323554516093 -4.76208 1.012464666 0.489247984 -87.40820328582797 ../testing_datasets/H3_epi.csv NeighborSum 40
0.0 0.1484027063196458 -3.63917 1.015872496 0.486675686 -80.70188822946672 ../testing_datasets/H3_epi.csv NeighborSum 40
0.0 0.15947233666584948 -2.12472 0.711453749 0.609238538 -78.6958504724945 ../testing_datasets/H3_epi.csv NeighborSum 40
0.0 0.17327910222849155 -0.5032 1.115958164 0.552529795 -95.14913224315238 ../testing_datasets/H3_epi.csv NeighborSum 40
0.0 0.1591699156367592 -0.50472 0.823143494 0.499347124 -97.91387578742086 ../testing_datasets/H3_epi.csv NeighborSum 40
0.0 0.1715645991236962 -2.29666 1.451526067 0.498846942 -84.99034681336597 ../testing_datasets/H3_epi.csv NeighborSum 40
0.0 0.18167219074456992 -0.70337 1.312299207 0.601511063 -93.86693677839386 ../testing_datasets/H3_epi.csv NeighborSum 40
0.0 0.1344867846531674 -3.93135 0.912711905 0.559678794 -105.60640782214902 ../testing_datasets/H3_epi.csv NeighborSum 40
0.0 0.17167144199007633 -1.36362 1.516847775 0.467353666 -99.4275728719438 ../testing_datasets/H3_epi.csv NeighborSum 40
0.0 0.15427531330943106 -2.29501 0.97506998 0.523631199 -92.05608657078186 ../testing_datasets/H3_epi.csv NeighborSum 40
0.0 0.10281185229342554 -7.17301 0.620981734 0.596002585 -103.22421042125409 ../testing_datasets/H3_epi.csv NeighborSum 40
0.0 0.1332795533472327 -2.66975 0.657617848 0.561989307 -111.95607779544072 ../testing_datasets/H3_epi.csv NeighborSum 40
0.0 0.14958190895189502 -4.08281 1.255474233 0.578581371 -97.50279358694682 ../testing_datasets/H3_epi.csv NeighborSum 40
0.0 0.16741298456326298 -1.61904 1.196279444 0.633402618 -104.02544672283699 ../testing_datasets/H3_epi.csv NeighborSum 40
0.0 0.1439011229135014 -1.14928 0.607995014 0.62046461 -118.89799409174195 ../testing_datasets/H3_epi.csv NeighborSum 40
0.0 0.1327583081442256 -2.89421 0.550428197 0.62308481 -110.27083558415407 ../testing_datasets/H3_epi.csv NeighborSum 40
0.0 0.1577985551216815 -3.09011 1.184196075 0.628628715 -98.58644189004266 ../testing_datasets/H3_epi.csv NeighborSum 40
0.0 0.14243024769677828 -3.63086 1.096636703 0.579115295 -108.58734979003593 ../testing_datasets/H3_epi.csv NeighborSum 40
0.0 0.11286512435547912 -3.43745 0.408940997 0.490400951 -115.59078913008095 ../testing_datasets/H3_epi.csv NeighborSum 40
0.0 0.14687845157989904 -1.86597 0.729475299 0.561078177 -102.3698269621869 ../testing_datasets/H3_epi.csv NeighborSum 40
0.0 0.15611488665426054 -3.18398 1.268900122 0.547594981 -95.81764369536432 ../testing_datasets/H3_epi.csv NeighborSum 40
0.0 0.1400054199972551 -1.52937 0.702256702 0.475597705 -108.8492966282423 ../testing_datasets/H3_epi.csv NeighborSum 40
0.0 0.13406532829073367 -2.68237 0.87665334 0.389877302 -102.93160931844729 ../testing_datasets/H3_epi.csv NeighborSum 40
0.0 0.17580929291744463 -0.89837 1.150906151 0.576558036 -89.21100175473086 ../testing_datasets/H3_epi.csv NeighborSum 40
0.0 0.13101612749458158 -6.13207 0.975306772 0.573996533 -83.91802005864871 ../testing_datasets/H3_epi.csv NeighborSum 40
0.0 0.20967546157115016 4.6192 0.923744322 0.564587385 -93.40128482818521 ../testing_datasets/H3_epi.csv NeighborSum 40
0.0 0.19547171071524697 2.55398 0.83649241 0.578914009 -85.3356975580549 ../testing_datasets/H3_epi.csv NeighborSum 40
0.0 0.16028716353565872 -4.14995 1.09437991 0.616478169 -70.3618632082276 ../testing_datasets/H3_epi.csv NeighborSum 40
0.0 0.15241781155730233 -2.19097 0.708683209 0.542083741 -83.03123196891798 ../testing_datasets/H3_epi.csv NeighborSum 40
0.0 0.1112616438962198 -5.79459 0.593224647 0.405185866 -83.33440326694645 ../testing_datasets/H3_epi.csv NeighborSum 40
0.0 0.11897662626683 -4.53995 0.857243788 0.386004991 -101.77860417383785 ../testing_datasets/H3_epi.csv NeighborSum 40
0.0 0.14735105023931583 0.16828 0.31878471 0.39402143 -87.27618039445905 ../testing_datasets/H3_epi.csv NeighborSum 40
0.0 0.13779123140213628 -2.32023 0.760981142 0.470283553 -103.90082711755959 ../testing_datasets/H3_epi.csv NeighborSum 40
0.0 0.1285454386264973 -2.2563 0.207246088 0.439548133 -84.84780057808318 ../testing_datasets/H3_epi.csv NeighborSum 40
0.0 0.13402336195240536 -2.23281 0.779605479 0.356394544 -99.90712862602558 ../testing_datasets/H3_epi.csv NeighborSum 40
0.0 0.14710708993048985 -0.75188 0.252588801 0.494922401 -81.65629724132873 ../testing_datasets/H3_epi.csv NeighborSum 40
0.0 0.11898298767096824 -5.11908 0.707217285 0.393116784 -84.40327283247194 ../testing_datasets/H3_epi.csv NeighborSum 40
0.0 0.14288586592746957 -2.29067 0.204689558 0.576523853 -72.97212752413688 ../testing_datasets/H3_epi.csv NeighborSum 40
0.0 0.1664919198378931 -3.45165 1.04134297 0.613146999 -65.45453014311263 ../testing_datasets/H3_epi.csv NeighborSum 40
0.0 0.14683021176758382 -4.38381 0.595059183 0.599408462 -59.88175463028087 ../testing_datasets/H3_epi.csv NeighborSum 40
0.0 0.16898062130387861 -4.15693 0.931770858 0.663809216 -49.09661639698054 ../testing_datasets/H3_epi.csv NeighborSum 40
0.0 0.19068334669544434 -1.35755 0.872256556 0.585972665 -37.219794484629375 ../testing_datasets/H3_epi.csv NeighborSum 40
0.0 0.20973939174957112 -0.06909 1.212739305 0.693745535 -54.322451874480336 ../testing_datasets/H3_epi.csv NeighborSum 40
0.0 0.15303743133938674 -4.87832 0.426957457 0.612784647 -31.44489439753209 ../testing_datasets/H3_epi.csv NeighborSum 40
0.0 0.1583364637812345 -2.02118 0.092517369 0.545602612 -36.531194495735704 ../testing_datasets/H3_epi.csv NeighborSum 40
0.0 0.17898268392188277 0.2355 0.261605919 0.50286835 -36.69478854793374 ../testing_datasets/H3_epi.csv NeighborSum 40
0.0 0.1825464490422475 -1.61793 1.005179347 0.509836592 -47.95085080540267 ../testing_datasets/H3_epi.csv NeighborSum 40
0.0 0.1646968449496211 -2.75668 0.655162333 0.593028137 -53.365687065083144 ../testing_datasets/H3_epi.csv NeighborSum 40
0.0 0.1667604569943329 -0.30834 0.205533792 0.543879921 -53.46479721778309 ../testing_datasets/H3_epi.csv NeighborSum 40
0.0 0.1594416621701307 -2.83171 0.757078726 0.449719174 -51.327109257998586 ../testing_datasets/H3_epi.csv NeighborSum 40
0.0 0.15185819438820092 -3.92471 1.355263093 0.301185355 -68.10697274188556 ../testing_datasets/H3_epi.csv NeighborSum 40
1.0 0.17112259300384008 -1.33679 0.484034328 0.693856464 -64.49963343713438 ../testing_datasets/H3_epi.csv NeighborSum 40
